# NaN NaN NaN ;Mean Elev.(m), Avg Gradient(m/km), RMS Gradient(m/km) - SRTM1     
#  -15.955   1.386  12.008 ;Mean Elev.(m), Avg Gradient(m/km), RMS Gradient(m/km) - ASTER GDEM
#   15.628   1.345   8.568 ;Mean Elev.(m), Avg Gradient(m/km), RMS Gradient(m/km) - GMTED2010 
  7    14.513 52446.22219706 39.45  87.366075  63.355927 15.464
  7    14.034 52446.22219771 31.17  87.363405  63.352797 15.464
  7    14.475 52446.22219835 29.71  87.360735  63.349667 15.464
  7    14.608 52446.22219900 39.80  87.358065  63.346537 15.464
  7    13.928 52446.22219964 40.51  87.355395  63.343397 15.464
  7    14.100 52446.22220029 26.34  87.352735  63.340267 15.464
  8    51.000 52481.22218780  5.85  87.369201  63.357724 18.610
  8    46.318 52481.22218844  4.90  87.366531  63.354594 18.610
  8    45.697 52481.22218909  3.45  87.363861  63.351464 18.610
  8    43.967 52481.22218973  2.94  87.361191  63.348334 18.610
  8    26.160 52481.22219038  7.76  87.358531  63.345204 18.610
  8    21.943 52481.22219167 17.05  87.353191  63.338944 18.610
  9    45.116 52516.22213974 12.20  87.369393  63.357322 12.111
  9    54.371 52516.22214038  5.46  87.366723  63.354192 12.111
  9    49.992 52516.22214103  3.22  87.364053  63.351062 12.111
  9    42.809 52516.22214167  4.92  87.361393  63.347932 12.111
  9    23.890 52516.22214231  9.65  87.358723  63.344792 12.111
  9    22.530 52516.22214296 14.92  87.356053  63.341662 12.111
  9    23.239 52516.22214360 16.90  87.353393  63.338532 12.111
 10    39.059 52551.22218757 10.90  87.379901  63.354958 13.812
 10    43.884 52551.22218821 10.72  87.377231  63.351828 13.812
 10    29.661 52551.22218886 12.08  87.374561  63.348698 13.812
 10    27.776 52551.22218950 14.11  87.371891  63.345568 13.812
 10    23.112 52551.22219015 14.43  87.369221  63.342438 13.812
 10    25.332 52551.22219079 16.60  87.366551  63.339308 13.812
 12    47.833 52621.22213825  0.85  87.364697  63.358055  4.645
 12    47.675 52621.22213889  0.74  87.362027  63.354915  4.645
 12    46.163 52621.22213953  0.70  87.359357  63.351785  4.645
 12    21.242 52621.22214082 11.33  87.354027  63.345525  4.645
 12    21.142 52621.22214147 15.50  87.351357  63.342395  4.645
 12    22.558 52621.22214211 16.75  87.348697  63.339265  4.645
 15    17.371 52726.22216883  8.60  87.375478  63.353381  2.962
 15    24.703 52726.22216948 12.02  87.372804  63.350251  3.733
 15    20.893 52726.22217012 12.18  87.370134  63.347121  3.733
 15    20.019 52726.22217077 11.91  87.367464  63.343981  3.733
 15    21.837 52726.22217141 11.85  87.364804  63.340851  3.733
 15    22.938 52726.22217206 11.86  87.362134  63.337721  3.733
 16    41.519 52761.22218697  0.59  87.346072  63.347641  3.309
 16    39.449 52761.22218762  1.58  87.343402  63.344511  3.309
 16    20.347 52761.22218826  8.05  87.340732  63.341381  3.309
 17    44.247 52796.22214345 13.48  87.389029  63.352595 15.722
 17    37.176 52796.22214409 13.65  87.386359  63.349465 15.722
 17    23.547 52796.22214474 17.54  87.383689  63.346325 15.722
 17    23.780 52796.22214538 17.33  87.381019  63.343195 15.722
 17    23.997 52796.22214603 19.90  87.378349  63.340065 15.722
 17    24.199 52796.22214667 21.95  87.375679  63.336935 15.722
 18    31.635 52831.22221043  9.80  87.391012  63.352875 12.502
 18    30.542 52831.22221107 10.48  87.388342  63.349745 12.502
 18    29.237 52831.22221172 11.12  87.385672  63.346615 12.502
 18    28.010 52831.22221236 12.40  87.383002  63.343485 12.502
 18    24.286 52831.22221301 12.82  87.380332  63.340355 12.502
 18    24.070 52831.22221365 14.23  87.377662  63.337225 12.502
 19    15.016 52866.22225418 23.34  87.385807  63.353251 13.782
 19    15.057 52866.22225482 32.03  87.383137  63.350121 13.782
 19    15.174 52866.22225547 26.59  87.380467  63.346991 13.782
 19    14.606 52866.22225611 25.51  87.377797  63.343851 13.782
 19    14.422 52866.22225676 24.30  87.375137  63.340721 13.782
 19    14.510 52866.22225740 23.96  87.372467  63.337591 13.782
 20    45.507 52901.22228183 15.02  87.369116  63.356592 11.872
 20    52.775 52901.22228248  7.95  87.366446  63.353462 11.872
 20    52.836 52901.22228312  4.58  87.363786  63.350332 11.872
 20    45.045 52901.22228377  6.12  87.361116  63.347192 11.872
 20    23.477 52901.22228441  9.97  87.358446  63.344062 11.872
 20    33.883 52901.22228506 13.08  87.355776  63.340932 11.872
 21    44.921 52936.22222321  2.69  87.360083  63.356447  8.860
 21    28.942 52936.22222385  6.13  87.357413  63.353317  8.860
 21    21.244 52936.22222450 10.50  87.354743  63.350187  8.860
 21    21.152 52936.22222514 14.75  87.352083  63.347047  8.860
 21    19.837 52936.22222579 20.53  87.349413  63.343917  8.860
 22    15.991 52971.22224781 18.24  87.376002  63.352146  7.539
 22    15.891 52971.22224846 21.09  87.373332  63.349016  7.539
 22    15.821 52971.22224910 20.73  87.370672  63.345886  7.539
 22    15.904 52971.22224975 20.18  87.368002  63.342756  7.539
 22    15.832 52971.22225039 20.02  87.365332  63.339626  7.539
 23    52.249 53006.22226069  2.34  87.369017  63.357853  4.462
 23    46.601 53006.22226133  1.81  87.366347  63.354713  4.462
 23    44.549 53006.22226198  1.57  87.363687  63.351583  4.462
 23    39.954 53006.22226262  4.53  87.361017  63.348453  4.462
 23    19.423 53006.22226391 17.42  87.355677  63.342193  4.462
 23    20.728 53006.22226456 18.24  87.353007  63.339063  4.462
 24    16.554 53041.22221315 19.08  87.382611  63.352549  6.360
 24    16.717 53041.22221380 19.21  87.379941  63.349419  6.360
 24    16.732 53041.22221444 19.60  87.377271  63.346289  6.360
 24    16.763 53041.22221509 20.47  87.374601  63.343159  6.360
 24    16.916 53041.22221573 20.36  87.371931  63.340029  6.360
 24    17.094 53041.22221638 18.77  87.369261  63.336899  6.360
 25    54.416 53076.22224548  2.48  87.368168  63.357733  2.553
 25    53.926 53076.22224612  1.70  87.365498  63.354603  2.553
 25    50.088 53076.22224677  1.53  87.362828  63.351473  2.553
 25    48.706 53076.22224741  1.28  87.360158  63.348343  2.553
 25    36.720 53076.22224806  4.68  87.357498  63.345213  2.553
 25    22.397 53076.22224870  8.72  87.354826  63.342078  3.923
 25    22.824 53076.22224934 10.91  87.352156  63.338948  3.923
 26    52.813 53111.22221592  5.83  87.379379  63.353920  3.101
 26    51.965 53111.22221656  5.21  87.376709  63.350790  3.101
 26    51.541 53111.22221721  4.85  87.374039  63.347660  3.101
 26    50.650 53111.22221785  4.78  87.371369  63.344530  3.101
 26    48.647 53111.22221850  4.22  87.368699  63.341400  3.101
 26    46.553 53111.22221914  5.48  87.366029  63.338260  3.101
 27    24.735 53146.22225861 39.45  87.374118  63.354784 12.398
 27    24.743 53146.22225925 38.64  87.371448  63.351654 12.398
 27    24.568 53146.22225990 30.45  87.368778  63.348524 12.398
 27    24.621 53146.22226054 25.86  87.366118  63.345394 12.398
 27    25.008 53146.22226119 25.26  87.363444  63.342261 20.584
 27    25.337 53146.22226183 25.18  87.360774  63.339131 20.584
 28    44.222 53181.22226629 12.56  87.376794  63.353251  9.229
 28    18.443 53181.22226694 13.94  87.374124  63.350121  9.229
 28    21.511 53181.22226758 13.89  87.371464  63.346991  9.229
 28    22.152 53181.22226823 15.08  87.368794  63.343861  9.229
 28    22.982 53181.22226887 17.42  87.366124  63.340731  9.229
 28    22.981 53181.22226952 31.98  87.363454  63.337591  9.229
 29    44.963 53216.22228882  4.50  87.372611  63.355891  7.208
 29    45.322 53216.22228947  3.04  87.369941  63.352761  7.208
 29    28.681 53216.22229011  6.43  87.367271  63.349631  7.208
 29    15.332 53216.22229205 20.57  87.359271  63.340241  7.208
 30    55.383 53251.22226732  7.76  87.361442  63.358171 10.446
 30    53.468 53251.22226797  6.76  87.358772  63.355041 10.446
 30    52.757 53251.22226861  6.00  87.356105  63.351906 19.698
 30    43.270 53251.22226925  6.44  87.353435  63.348776 19.698
 30    38.895 53251.22226990  7.86  87.350765  63.345646 19.698
 30    36.106 53251.22227054 12.61  87.348105  63.342506 19.698
 30    35.954 53251.22227119 16.80  87.345435  63.339376 19.698
 31    45.401 53286.22226046 11.76  87.379453  63.355362 12.889
 31    43.585 53286.22226111 16.08  87.376783  63.352232 12.889
 31    19.932 53286.22226240 17.02  87.371443  63.345972 12.889
 31    21.338 53286.22226304 17.76  87.368767  63.342843 23.865
 31    23.246 53286.22226368 19.00  87.366097  63.339703 23.865
 32    14.977 53321.22223981 31.60  87.371975  63.339960 12.509
 32    15.144 53321.22224045 27.03  87.369305  63.336830 12.509
 34    49.966 53391.22221894  4.36  87.383019  63.353574  3.934
 34    42.931 53391.22221959  4.22  87.380349  63.350444  3.934
 34    38.278 53391.22222023  8.39  87.377679  63.347314  3.934
 34    20.305 53391.22222217 19.16  87.369669  63.337925  5.068
 35    46.572 53426.22221521  3.03  87.374611  63.356301  3.070
 35    45.364 53426.22221586  2.90  87.371941  63.353171  3.070
 35    43.207 53426.22221650  2.38  87.369281  63.350041  3.070
 35    36.359 53426.22221715  6.45  87.366611  63.346911  3.070
 35    21.162 53426.22221779 11.41  87.363941  63.343781  3.070
 35    20.157 53426.22221844 16.17  87.361271  63.340641  3.070
 36    48.472 53461.22222619  5.69  87.387494  63.353206  2.727
 36    47.760 53461.22222684  5.40  87.384824  63.350076  2.727
 36    43.764 53461.22222748  6.43  87.382164  63.346946  2.727
 36    38.290 53461.22222813  8.88  87.379487  63.343817  3.039
 36    23.159 53461.22222877 10.68  87.376817  63.340677  3.039
 36    25.674 53461.22222942 10.01  87.374147  63.337547  3.039
 37    19.196 53496.22230511 24.77  87.371061  63.357160 15.859
 37    18.338 53496.22230576 22.70  87.368391  63.354030 15.859
 37    18.349 53496.22230640 20.14  87.365721  63.350900 15.859
 37    18.248 53496.22230705 15.64  87.363051  63.347770 15.859
 37    18.382 53496.22230769 17.02  87.360391  63.344640 15.859
 37    19.025 53496.22230834 19.36  87.357721  63.341500 15.859
 37    19.145 53496.22230898 22.35  87.355051  63.338370 15.859
 38    45.009 53531.22228333 14.13  87.375158  63.354087  9.627
 38    43.989 53531.22228398 13.35  87.372488  63.350957  9.627
 38    20.663 53531.22228462 15.17  87.369818  63.347827  9.627
 38    21.627 53531.22228527 16.52  87.367158  63.344697  9.627
 38    20.214 53531.22228591 21.73  87.364488  63.341567  9.627
 38    22.833 53531.22228656 23.33  87.361823  63.338430 24.092
 39    37.325 53566.22230877 16.65  87.364642  63.357207 14.348
 39    36.951 53566.22230941  8.60  87.361972  63.354077 14.348
 39    37.157 53566.22231006  7.11  87.359312  63.350947 14.348
 40    36.906 53601.22225261  7.66  87.367440  63.355392  7.716
 40    45.186 53601.22225326  2.08  87.364770  63.352262  7.716
 40    35.815 53601.22225390  0.94  87.362100  63.349132  7.716
 40    23.178 53601.22225455  6.91  87.359430  63.346002  7.716
 40    22.284 53601.22225519 11.61  87.356770  63.342872  7.716
 41    14.896 53636.22225022 51.84  87.377075  63.351455 23.379
 41    14.844 53636.22225086 49.61  87.374415  63.348325 23.379
 41    14.957 53636.22225151 50.15  87.371745  63.345195 23.379
 41    14.992 53636.22225215 50.76  87.369075  63.342065 23.379
 41    15.395 53636.22225280 50.72  87.366405  63.338935 23.379
 42    50.051 53671.22227093 13.66  87.370345  63.354936 10.127
 42    48.955 53671.22227157 11.45  87.367675  63.351806 10.127
 42    45.487 53671.22227222 10.85  87.365005  63.348666 10.127
 42    25.870 53671.22227286 14.58  87.362335  63.345536 10.127
 42    22.454 53671.22227350 16.36  87.359675  63.342406 10.127
 42    22.961 53671.22227415 18.93  87.357005  63.339276 10.127
 43    17.240 53706.22220343 19.68  87.371591  63.353314  8.103
 43    17.131 53706.22220407 18.98  87.368921  63.350184  8.103
 43    17.267 53706.22220472 19.68  87.366261  63.347054  8.103
 43    19.523 53706.22220536 18.03  87.363591  63.343924  8.103
 43    21.950 53706.22220601 17.09  87.360921  63.340794  8.103
 43    22.327 53706.22220665 17.58  87.358261  63.337664  8.103
 44    17.629 53741.22211732 18.08  87.355750  63.351443  6.986
 44    17.725 53741.22211796 19.03  87.353090  63.348313  6.986
 44    18.414 53741.22211861 19.10  87.350420  63.345183  6.986
 44    20.140 53741.22211925 18.88  87.347760  63.342043  6.986
 45    18.134 53776.22214007 13.91  87.377135  63.348309  4.202
 45    19.428 53776.22214072 14.73  87.374475  63.345179  4.202
 45    20.839 53776.22214136 14.90  87.371805  63.342049  4.202
 45    22.261 53776.22214201 14.22  87.369135  63.338919  4.202
 46    45.819 53811.22211878  4.19  87.362938  63.356075  2.815
 46    19.294 53811.22212071 15.22  87.354937  63.346678  5.161
 46    21.019 53811.22212136 14.51  87.352277  63.343548  5.161
 46    22.347 53811.22212200 14.39  87.349607  63.340408  5.161
 47    46.105 53846.22216653  1.06  87.379909  63.355517  4.566
 47    43.262 53846.22216717  2.80  87.377239  63.352387  4.566
 47    18.966 53846.22216846 11.84  87.371899  63.346127  4.566
 47    21.291 53846.22216911 11.92  87.369229  63.342997  4.566
 47    22.790 53846.22216975 11.87  87.366559  63.339867  4.566
 47    23.282 53846.22217040 11.96  87.363889  63.336737  4.566
 48    46.235 53881.22219105 17.99  87.381446  63.352974 17.387
 48    44.036 53881.22219169 18.99  87.378776  63.349844 17.387
 48    29.976 53881.22219234 22.20  87.376106  63.346714 17.387
 48    29.918 53881.22219298 24.93  87.373436  63.343574 17.387
 48    30.269 53881.22219363 26.95  87.370776  63.340444 17.387
 48    30.549 53881.22219427 28.82  87.368106  63.337314 17.387
 49    44.840 53916.22225020 10.59  87.367408  63.356019 17.019
 49    45.589 53916.22225085  4.44  87.364738  63.352889 17.019
 49    43.526 53916.22225149  6.55  87.362078  63.349749 17.019
 49    21.990 53916.22225214 11.53  87.359408  63.346619 17.019
 49    22.604 53916.22225278 12.80  87.356738  63.343489 17.019
 49    23.849 53916.22225343 13.64  87.354068  63.340359 17.019
 50    56.102 53951.22225707  2.70  87.364177  63.357404 11.217
 50    55.519 53951.22225771  1.96  87.361509  63.354272 20.134
 50    51.929 53951.22225836  1.58  87.358839  63.351142 20.134
 50    44.279 53951.22225900  2.05  87.356169  63.348012 20.134
 50    22.344 53951.22226029 14.78  87.350839  63.341742 20.134
 52    19.449 54021.22223378 14.73  87.382407  63.353334 12.552
 52    20.134 54021.22223443 16.20  87.379737  63.350204 12.552
 52    22.216 54021.22223507 16.99  87.377067  63.347074 12.552
 52    20.968 54021.22223572 18.02  87.374397  63.343944 12.552
 52    24.243 54021.22223636 19.10  87.371727  63.340814 12.552
 52    22.956 54021.22223701 21.36  87.369057  63.337684 12.552
 54    53.243 54091.22221107  4.60  87.366066  63.355163  4.587
 54    51.429 54091.22221172  4.43  87.363396  63.352033  4.587
 54    49.030 54091.22221236  3.95  87.360726  63.348903  4.587
 54    45.910 54091.22221301  5.49  87.358056  63.345773  4.587
 54    23.163 54091.22221430 12.02  87.352726  63.339503  4.587
 55    50.910 54126.22214146  4.75  87.386691  63.353198  8.387
 55    51.030 54126.22214210  4.21  87.384021  63.350068  8.387
 55    48.426 54126.22214275  4.43  87.381351  63.346938  8.387
 55    44.960 54126.22214339  5.48  87.378681  63.343808  8.387
 55    36.780 54126.22214404  7.75  87.376011  63.340678  8.387
 55    24.741 54126.22214468 10.42  87.373341  63.337548  8.387
 56    51.109 54161.22217842  4.55  87.372916  63.356754  3.463
 56    46.249 54161.22217906  4.35  87.370246  63.353624  3.463
 56    48.476 54161.22217970  4.05  87.367576  63.350484  3.463
 56    41.088 54161.22218035  5.38  87.364906  63.347354  3.463
 56    22.586 54161.22218164 12.04  87.359566  63.341094  3.463
 56    22.596 54161.22218228 13.43  87.356906  63.337964  3.463
 57    50.869 54196.22214357  5.77  87.382977  63.353665  3.033
 57    50.479 54196.22214422  4.82  87.380297  63.350535  3.033
 57    47.468 54196.22214486  4.85  87.377627  63.347405  3.033
 57    39.748 54196.22214551  7.84  87.374967  63.344275  3.033
 57    30.716 54196.22214615 10.18  87.372297  63.341145  3.033
 57    23.598 54196.22214680 12.13  87.369627  63.338015  3.033
 58    32.461 54231.22219134 18.01  87.376873  63.354811 10.785
 58    31.046 54231.22219199 18.88  87.374213  63.351681 10.785
 58    24.736 54231.22219263 20.50  87.371543  63.348541 10.785
 58    24.599 54231.22219327 20.44  87.368873  63.345411 10.785
 58    24.774 54231.22219392 21.68  87.366203  63.342281 10.785
 58    25.220 54231.22219456 22.61  87.363533  63.339151 10.785
 59    21.499 54266.22220891 49.13  87.375241  63.353886 20.090
 59    21.703 54266.22220956 47.88  87.372581  63.350756 20.090
 59    21.459 54266.22221020 47.67  87.369911  63.347616 20.090
 59    21.717 54266.22221085 45.53  87.367241  63.344486 20.090
 59    21.625 54266.22221149 50.47  87.364571  63.341356 20.090
 59    21.694 54266.22221214 48.88  87.361901  63.338226 20.090
 60    30.799 54301.22221352 10.60  87.375819  63.355764  7.229
 60    28.290 54301.22221416 11.21  87.373159  63.352634  7.229
 60    17.696 54301.22221481 11.34  87.370489  63.349504  7.229
 60    19.450 54301.22221545 11.16  87.367819  63.346374  7.229
 60    22.224 54301.22221610 11.75  87.365149  63.343244  7.229
 60    23.030 54301.22221674 12.19  87.362479  63.340114  7.229
 61    46.217 54336.22220135  9.70  87.371130  63.356745  9.338
 61    44.516 54336.22220200  9.66  87.368470  63.353615  9.338
 61    36.635 54336.22220264 10.53  87.365800  63.350485  9.338
 61    36.337 54336.22220329 11.14  87.363130  63.347355  9.338
 61    35.841 54336.22220393 10.70  87.360460  63.344225  9.338
 62    45.647 54371.22214603 11.95  87.381688  63.353112 20.919
 62    44.698 54371.22214668  9.88  87.379018  63.349982 20.919
 62    43.869 54371.22214732 10.22  87.376348  63.346852 26.152
 62    21.105 54371.22214797 16.70  87.373688  63.343722 26.152
 62    21.539 54371.22214861 21.46  87.371018  63.340592 26.152
 62    21.775 54371.22214926 23.21  87.368348  63.337452 26.152
 63    18.684 54406.22214792 19.16  87.364826  63.347998  9.406
 63    20.614 54406.22214856 19.89  87.362156  63.344868  9.406
 63    20.829 54406.22214921 20.25  87.359486  63.341738  9.406
 63    21.866 54406.22214985 22.40  87.356826  63.338608  9.406
 64    16.526 54441.22210440 22.01  87.388490  63.352439 10.837
 64    16.667 54441.22210505 28.51  87.385820  63.349309 10.837
 64    16.780 54441.22210569 42.99  87.383150  63.346179 10.837
 64    16.639 54441.22210634 28.89  87.380480  63.343049 10.837
 64    16.574 54441.22210698 23.03  87.377810  63.339919 10.837
 64    16.626 54441.22210763 22.51  87.375140  63.336789 10.837
 65    16.535 54476.22213386 15.58  87.377810  63.355811  5.362
 65    16.690 54476.22213451 16.89  87.375140  63.352671  5.362
 65    17.085 54476.22213515 17.42  87.372470  63.349541  5.362
 65    18.032 54476.22213580 17.51  87.369800  63.346411  5.362
 65    19.564 54476.22213644 17.41  87.367130  63.343281  5.362
 65    21.041 54476.22213708 16.64  87.364470  63.340151  5.362
 66    49.850 54511.22212003  1.44  87.386792  63.354587  4.805
 66    48.291 54511.22212067  1.83  87.384122  63.351447  4.805
 66    29.413 54511.22212131  7.11  87.381452  63.348317  4.805
 66    17.531 54511.22212325 19.22  87.373452  63.338927  4.805
 66    22.482 54511.22212389 18.05  87.370782  63.335797  4.805
 67    45.913 54546.22214840  4.47  87.371427  63.355054  3.894
 67    44.659 54546.22214904  3.76  87.368767  63.351914  3.894
 67    42.081 54546.22214969  4.05  87.366097  63.348784  3.894
 67    33.629 54546.22215033  8.76  87.363427  63.345654  3.894
 67    20.570 54546.22215098 13.00  87.360757  63.342524  3.894
 67    21.324 54546.22215162 14.96  87.358087  63.339394  3.894
 68    17.468 54581.22211852 26.63  87.366117  63.340721 10.408
 68    17.194 54581.22211917 36.19  87.363447  63.337591 10.408
 69    24.286 54616.22213723 50.22  87.375694  63.355061 24.830
 69    24.765 54616.22213787 53.84  87.373024  63.351931 24.830
 69    24.716 54616.22213851 51.75  87.370364  63.348801 24.830
 69    24.794 54616.22213916 52.19  87.367694  63.345661 24.830
 69    24.960 54616.22213980 50.64  87.365024  63.342531 24.830
 69    24.822 54616.22214045 49.80  87.362354  63.339401 24.830
 70    45.196 54651.22215015 15.34  87.374468  63.355707 10.338
 70    44.562 54651.22215079 10.63  87.371798  63.352567 10.338
 70    28.863 54651.22215144 11.79  87.369138  63.349437 10.338
 70    20.385 54651.22215208 11.75  87.366468  63.346307 10.338
 70    22.856 54651.22215273 12.48  87.363798  63.343177 10.338
 70    24.783 54651.22215337 13.98  87.361128  63.340047 10.338
 71    45.566 54686.22214246 13.08  87.369674  63.356795 14.781
 71    37.219 54686.22214311 15.52  87.367004  63.353665 14.781
 71    37.574 54686.22214375 14.64  87.364334  63.350535 14.781
 71    37.472 54686.22214439 17.34  87.361664  63.347405 14.781
 72    30.974 54721.22209546 12.38  87.386096  63.352746 10.495
 72    14.943 54721.22209610 13.55  87.383426  63.349616 10.495
 72    15.238 54721.22209675 12.84  87.380756  63.346486 10.495
 72    15.016 54721.22209739 13.47  87.378086  63.343356 10.495
 72    21.847 54721.22209804 13.83  87.375426  63.340226 10.495
 72    23.534 54721.22209868 17.07  87.372756  63.337096 10.495
 73    44.712 54756.22211784 13.45  87.372438  63.353924 13.160
 73    17.932 54756.22211913 15.51  87.367108  63.347654 13.160
 73    20.739 54756.22211977 15.71  87.364438  63.344524 13.160
 73    22.850 54756.22212042 15.30  87.361768  63.341394 13.160
 73    25.066 54756.22212106 15.45  87.359098  63.338264 13.160
 74    16.605 54791.22208921 23.77  87.384070  63.352943  9.555
 74    16.686 54791.22208985 33.78  87.381400  63.349813  9.555
 74    16.628 54791.22209050 28.49  87.378730  63.346683  9.555
 74    16.745 54791.22209114 25.28  87.376060  63.343553  9.555
 74    17.022 54791.22209179 32.42  87.373390  63.340423  9.555
 74    16.664 54791.22209243 30.89  87.370730  63.337293  9.555
 75    17.768 54826.22211575 18.31  87.371838  63.347244  5.021
 75    19.151 54826.22211639 16.16  87.369168  63.344114  5.021
 75    21.356 54826.22211704 16.12  87.366498  63.340984  5.021
 75    22.733 54826.22211768 15.67  87.363828  63.337854  5.021
 76    17.745 54861.22208498 20.48  87.374664  63.341703 10.391
 76    19.508 54861.22208563 18.10  87.371994  63.338573 10.391
 77    17.623 54896.22211703 17.77  87.362544  63.346827  6.822
 77    18.299 54896.22211767 17.07  87.359874  63.343697  6.822
 77    20.390 54896.22211831 15.48  87.357204  63.340567  6.822
 78    18.310 54931.22207950  8.84  87.381972  63.355492  4.082
 78    18.488 54931.22208014  9.42  87.379302  63.352362  4.082
 78    18.320 54931.22208079 10.65  87.376632  63.349232  4.082
 78    18.312 54931.22208143 10.87  87.373962  63.346102  4.082
 78    18.559 54931.22208208 10.52  87.371292  63.342972  4.082
 78    18.312 54931.22208272 10.30  87.368622  63.339842  4.082
 78    23.432 54931.22208336  9.66  87.365952  63.336712  4.082
 79    29.266 54966.22211541 16.99  87.374443  63.355150 13.873
 79    29.138 54966.22211606 17.83  87.371773  63.352010 13.873
 79    28.860 54966.22211670 20.46  87.369113  63.348880 13.873
 79    28.577 54966.22211735 24.02  87.366443  63.345750 13.873
 79    29.027 54966.22211799 25.40  87.363773  63.342620 13.873
 79    29.237 54966.22211864 28.62  87.361103  63.339490 13.873
 80    45.227 55001.22213532 25.07  87.373331  63.357049 11.581
 80    44.858 55001.22213597 13.34  87.370661  63.353919 11.581
 80    20.564 55001.22213661 13.71  87.368001  63.350789 11.581
 80    21.253 55001.22213726 15.28  87.365331  63.347649 11.581
 80    22.800 55001.22213790 16.47  87.362661  63.344519 11.581
 80    22.529 55001.22213855 19.78  87.359991  63.341389 11.581
 80    24.987 55001.22213919 18.38  87.357321  63.338259 11.581
 81    45.087 55036.22212139  6.40  87.376598  63.355111 15.415
 81    30.159 55036.22212204  8.54  87.373928  63.351981 15.415
 81    21.993 55036.22212268  9.31  87.371258  63.348851 15.415
 81    22.281 55036.22212333 11.06  87.368588  63.345721 15.415
 81    21.907 55036.22212397 12.36  87.365918  63.342591 15.415
 81    23.026 55036.22212462 15.82  87.363248  63.339451 15.415
 82    45.296 55071.22210981  4.00  87.368051  63.356400 12.000
 82    30.895 55071.22211046  3.13  87.365381  63.353270 12.000
 82    27.606 55071.22211110  7.17  87.362711  63.350140 12.000
 82    18.782 55071.22211175 13.15  87.360051  63.347000 12.000
 82    21.340 55071.22211239 13.86  87.357381  63.343870 12.000
 82    22.699 55071.22211304 15.14  87.354711  63.340740 12.000
 83    45.295 55106.22205344 12.58  87.383451  63.354246 15.137
 83    44.337 55106.22205409 12.60  87.380791  63.351116 15.137
 83    43.514 55106.22205473 13.16  87.378111  63.347986 15.137
 83    28.465 55106.22205538 13.10  87.375441  63.344856 15.137
 83    21.485 55106.22205602 14.13  87.372781  63.341726 15.137
 83    21.787 55106.22205667 21.60  87.370111  63.338596 15.137
 85    20.459 55176.22202433 17.74  87.379367  63.343673  5.697
 85    20.867 55176.22202497 17.84  87.376697  63.340543  5.697
 85    22.942 55176.22202562 16.21  87.374027  63.337413  5.697
 86    17.611 55211.22205407 27.54  87.376406  63.356414  9.296
 86    17.384 55211.22205472 28.01  87.373736  63.353284  9.296
 86    17.315 55211.22205536 18.58  87.371076  63.350144  9.296
 86    17.531 55211.22205601 15.51  87.368406  63.347014  9.296
 86    20.619 55211.22205665 14.49  87.365736  63.343884  9.296
 86    23.378 55211.22205730 13.71  87.363066  63.340754  9.296
 86    22.831 55211.22205794 14.20  87.360396  63.337624  9.296
 87    17.532 55246.22202785 14.76  87.377836  63.350040  4.905
 87    19.062 55246.22202849 13.35  87.375156  63.346910  4.905
 87    20.793 55246.22202914 12.56  87.372496  63.343780  4.905
 87    21.777 55246.22202978 13.07  87.369826  63.340650  4.905
 87    23.121 55246.22203043 13.20  87.367156  63.337520  4.905
 88    50.418 55281.22204836  3.23  87.368813  63.354514  3.121
 88    48.731 55281.22204901  3.05  87.366153  63.351384  3.121
 88    44.634 55281.22204965  2.87  87.363483  63.348254  3.121
 88    39.374 55281.22205030  5.14  87.360813  63.345124  3.121
 88    23.070 55281.22205094  9.17  87.358143  63.341994  3.121
 88    23.364 55281.22205159 11.61  87.355483  63.338864  3.121
 89    17.286 55316.22201504 27.32  87.374025  63.355091 13.575
 89    17.294 55316.22201569 30.26  87.371355  63.351951 13.575
 89    17.204 55316.22201633 28.26  87.368685  63.348821 13.575
 89    17.964 55316.22201698 26.14  87.366015  63.345691 13.575
 89    17.520 55316.22201762 25.11  87.363345  63.342561 13.575
 89    17.292 55316.22201827 23.01  87.360675  63.339431 13.575
 90    44.984 55351.22201969 23.31  87.371674  63.356551 12.012
 90    49.256 55351.22202033 13.84  87.369004  63.353411 12.012
 90    45.125 55351.22202098 14.73  87.366344  63.350281 12.012
 90    39.216 55351.22202162 16.46  87.363674  63.347151 12.012
 90    24.622 55351.22202227 18.25  87.361004  63.344021 12.012
 90    24.938 55351.22202291 20.05  87.358334  63.340891 12.012
 91    17.214 55386.22201459 37.84  87.381944  63.354278  9.509
 91    17.190 55386.22201524 37.75  87.379264  63.351148  9.509
 91    17.065 55386.22201588 38.53  87.376594  63.348018  9.509
 91    16.934 55386.22201653 38.43  87.373924  63.344888  9.509
 91    17.123 55386.22201717 38.33  87.371264  63.341758  9.509
 91    17.377 55386.22201782 39.37  87.368594  63.338628  9.509
 92    44.998 55421.22203801  5.06  87.375395  63.355138  9.123
 92    44.886 55421.22203865  4.77  87.372725  63.352008  9.123
 92    43.229 55421.22203930  4.83  87.370065  63.348878  9.123
 92    27.007 55421.22203994  8.86  87.367395  63.345738  9.123
 92    22.192 55421.22204059 12.15  87.364725  63.342608  9.123
 92    22.592 55421.22204123 14.68  87.362055  63.339478  9.123
 93    46.105 55456.22201312 15.36  87.368702  63.357563 13.538
 93    46.623 55456.22201376 10.03  87.366032  63.354433 13.538
 93    49.736 55456.22201441  6.60  87.363362  63.351303 13.538
 93    43.997 55456.22201505  7.53  87.360692  63.348163 13.538
 93    26.048 55456.22201570 10.27  87.358032  63.345033 13.538
 93    22.770 55456.22201634 13.48  87.355362  63.341903 13.538
 93    23.164 55456.22201698 16.78  87.352692  63.338773 13.538
