# NaN NaN NaN ;Mean Elev.(m), Avg Gradient(m/km), RMS Gradient(m/km) - SRTM1     
#   58.063  -1.506   7.976 ;Mean Elev.(m), Avg Gradient(m/km), RMS Gradient(m/km) - ASTER GDEM
#   61.008  -0.737   3.891 ;Mean Elev.(m), Avg Gradient(m/km), RMS Gradient(m/km) - GMTED2010 
  7  91.263388  59.328147    58.073    58.037 13 52475.62267757 52.201
  8  91.293020  59.307987    57.348    57.300 17 52510.62262861 32.693
  9  91.261981  59.329117    57.603    56.916 14 52545.62264778 32.329
 10  91.265276  59.327716    56.183    56.143 14 52580.62267452 48.496
 11  91.280138  59.317885    58.948    58.926 14 52615.62264126 31.795
 12  91.273654  59.322455    59.735    59.670 14 52650.62262017 30.738
 13  91.292668  59.308156    59.058    59.042 17 52685.62260468 15.768
 14  91.268936  59.324378    58.490    58.464 14 52720.62265905 15.363
 15  91.262990  59.329040    58.844    58.766 14 52755.62268383 13.704
 16  91.256398  59.329991    58.458    58.453 14 52790.62263327 48.133
 17  91.263765  59.327695    57.185    57.124 14 52825.62270213 48.805
 18  91.268505  59.324572    57.873    57.223 15 52860.62274718 22.868
 19  91.272289  59.322580    56.846    56.854 15 52895.62277722 36.779
 20  91.289945  59.308566    56.790    56.737 17 52930.62272264 51.781
 21  91.262538  59.328303    56.009    55.960 14 52965.62272059 45.741
 23  91.286788  59.311380    59.404    59.353 16 53035.62269869 10.283
 24  91.273293  59.320395    59.139    59.139 15 53070.62272080 17.737
 25  91.291468  59.308594    59.725    59.730 17 53105.62269936 18.261
 26  91.264491  59.328478    59.333    59.303 14 53140.62272940 47.232
 27  91.271115  59.322466    57.997    57.925 16 53175.62276027 51.451
 28  91.271201  59.324078    57.370    57.396 14 53210.62277891 28.242
 29  91.286357  59.311585    57.282    57.258 16 53245.62274420 51.614
 30  91.256261  59.329184    57.234    57.168 13 53280.62273191 50.967
 31  91.269461  59.324133    56.837    56.791 14 53315.62274554 50.840
 32  91.289194  59.309787    57.092    57.070 16 53350.62270803 44.536
 33  91.258902  59.328644    61.057    60.924 13 53385.62269423 16.599
 34  91.291070  59.307813    60.904    60.934 17 53420.62269374 12.606
 35  91.259628  59.329491    60.449    60.437 13 53455.62270425 18.467
 36  91.258249  59.330075    60.107    59.829 13 53490.62278970 32.880
 37  91.278712  59.318868    59.621    58.260 14 53525.62277094 46.377
 38  91.267122  59.325727    57.503    57.497 15 53560.62280026 33.844
 39  91.300948  59.300095    57.646    57.645 18 53595.62273298 42.972
 40  91.248352  59.331929    57.157    57.107 12 53630.62273410 50.677
 41  91.264096  59.327750    57.006    56.943 13 53665.62275609 52.238
 42  91.287748  59.310890    56.652    56.621 16 53700.62270524 46.635
 43  91.313642  59.288537    60.547    60.515 11 53735.62262240 21.430
 44  91.278090  59.318614    59.876    59.818 14 53770.62261899 20.630
 45  91.296836  59.304938    59.711    59.684 17 53805.62260860 15.837
 47  91.270817  59.323798    61.352    61.324 14 53875.62268000 51.351
 48  91.259365  59.329311    58.293    58.248 14 53910.62272900 50.828
 49  91.261877  59.328652    59.706    59.680 13 53945.62274825 51.264
 50  91.285697  59.312710    57.489    57.541 16 53980.62269089 25.798
 51  91.259392  59.329214    57.224    57.201 13 54015.62271440 48.560
 52  91.285831  59.313202    56.689    56.649 16 54050.62271176 18.890
 53  91.282133  59.316517    58.889    58.961 15 54085.62270466 43.133
 54  91.311489  59.288867    61.713    61.755 12 54120.62262538 29.634
 55  91.273929  59.320338    60.759    60.866 15 54155.62266393 16.596
 56  91.296415  59.305058    61.594    61.566 17 54190.62262582 17.159
 57  91.266335  59.327440    64.195    61.501 14 54225.62267666 22.663
 58  91.274416  59.320051    58.945    58.921 15 54260.62269534 51.063
 59  91.276559  59.319368    57.785    57.775 14 54295.62269898 48.204
 60  91.286240  59.312990    57.555    57.571 16 54330.62268989 48.864
 61  91.297336  59.303373    57.210    57.231 17 54365.62263200 40.259
 62  91.276760  59.319945    56.627    56.694 14 54400.62263310 40.838
 63  91.291227  59.308499    56.574    56.561 16 54435.62258794 40.336
 64  91.270126  59.322898    60.748    60.696 16 54470.62261775 14.279
 65  91.293623  59.306261    61.304    61.316 18 54505.62260087 13.308
 66  91.278662  59.318344    60.553    60.526 14 54540.62263158 13.051
 67  91.295283  59.305493    61.998    61.415 17 54575.62260210  8.945
 68  91.276322  59.319862    63.738    61.667 15 54610.62262408 24.406
 69  91.274054  59.322240    59.259    57.297 14 54645.62263194 22.957
 70  91.277089  59.319154    56.987    56.998 15 54680.62263262 24.941
 71  91.298956  59.302739    57.148    57.143 18 54715.62257912 44.577
 72  91.267014  59.325745    58.205    56.866 14 54750.62260487 24.912
 73  91.288691  59.310066    56.561    56.476 16 54785.62256953 47.028
 74  91.268588  59.324567    59.951    59.925 15 54820.62259786 18.020
 75  91.288339  59.310608    61.553    61.481 17 54855.62256616 13.509
 76  91.275183  59.320640    61.136    61.132 14 54890.62260075 11.341
 77  91.295884  59.304477    61.908    61.881 18 54925.62256371 18.921
 78  91.267162  59.325698    62.412    61.520 15 54960.62260046 24.982
 79  91.273147  59.320848    64.656    61.500 15 54995.62262084 18.100
 80  91.276275  59.320216    57.399    57.371 14 55030.62261034 51.433
 81  91.284721  59.313006    57.692    57.724 16 55065.62259924 48.209
 82  91.298136  59.302706    57.790    57.782 18 55100.62253929 49.077
 83  91.271206  59.321773    57.084    57.002 15 55135.62254630 40.128
 84  91.291536  59.308368    59.502    59.499 17 55170.62250647 44.840
 85  91.267901  59.325761    60.996    60.992 14 55205.62254065 20.753
 86  91.291016  59.309149    61.096    61.093 17 55240.62251259 15.062
 87  91.278650  59.319238    60.371    60.327 14 55275.62253303 14.921
 88  91.295218  59.305180    61.054    60.503 18 55310.62249615 18.852
 89  91.279868  59.316866    60.458    59.686 16 55345.62250167 50.058
 90  91.285120  59.312865    58.726    58.706 16 55380.62249377 47.576
 91  91.267560  59.325344    57.833    57.780 15 55415.62252311 50.243
 92  91.288498  59.310792    57.922    57.375 17 55450.62250496 25.382
 93  91.304414  59.298062    57.724    57.748 17 55485.62242650 42.530
