# NaN NaN NaN ;Mean Elev.(m), Avg Gradient(m/km), RMS Gradient(m/km) - SRTM1     
#    0.000  -0.084   2.531 ;Mean Elev.(m), Avg Gradient(m/km), RMS Gradient(m/km) - ASTER GDEM
#    0.044   0.000   0.129 ;Mean Elev.(m), Avg Gradient(m/km), RMS Gradient(m/km) - GMTED2010 
  8  83.406098  70.660983     1.916     2.346  3 52485.61504548 19.378
  9  83.412124  70.661798     1.822     1.822  2 52520.61501108 17.157
 11  83.405234  70.658588    -0.137    -0.139  3 52590.61505126 30.826
 12  83.416851  70.663841    -0.117    -0.117  2 52625.61497921 17.519
 13  83.402227  70.660477    -0.259    -0.259  3 52660.61501702 13.766
 15  83.404841  70.662551     1.756     1.756  2 52730.61502612 10.218
 16  83.412284  70.662115     1.423     1.377  3 52765.61503601 10.560
 18  83.397038  70.656135     1.162     1.016  4 52835.61509677 21.648
 19  83.402983  70.658783     1.137     1.311  3 52870.61513824 20.734
 20  83.405484  70.661906     2.181     2.181  2 52905.61513865 20.355
 23  83.402404  70.659555     1.097     1.033  4 53010.61512096 13.423
 25  83.402752  70.659406     1.200     1.417  3 53080.61511799 10.160
 27  83.398626  70.657177    -0.228    -0.237  4 53150.61513555  8.231
 28  83.404643  70.660889     2.096     2.275  3 53185.61512516 21.319
 29  83.405307  70.661948    -0.175    -0.175  2 53220.61515121 32.053
 30  83.412632  70.661500     0.752     0.752  2 53255.61512764 20.109
 32  83.405953  70.662069     0.131     0.131  2 53325.61511375 17.807
 33  83.413340  70.663630    -2.089    -2.089  2 53360.61507280 11.930
 34  83.390000  70.658375    -0.116    -0.241  3 53395.61509157 10.135
 35  83.414343  70.662316    -0.377    -0.377  2 53430.61508414 10.530
 36  83.387051  70.659454    -0.281    -0.281  2 53465.61511323  8.864
 37  83.397754  70.658259     0.040     0.063  4 53500.61517277  8.091
 38  83.405057  70.662132     2.289     2.289  2 53535.61516165 24.085
 39  83.402372  70.659374     1.734     1.835  4 53570.61517101 26.428
 40  83.417001  70.663362     1.299     1.299  2 53605.61511889 16.283
 42  83.399451  70.657487    -0.180    -0.183  4 53675.61513759 37.737
 43  83.417211  70.663760    -0.756    -0.766  3 53710.61506809 18.267
 45  83.405112  70.661179    -0.303    -0.307  3 53780.61500903 11.987
 46  83.422271  70.665446    -0.675    -0.675  2 53815.61497868 11.050
 48  83.405332  70.660865    -0.097    -0.031  3 53885.61505456 22.656
 49  83.397759  70.656350     1.480     1.743  4 53920.61512283 19.742
 50  83.399525  70.658391     0.323    -0.391  4 53955.61512120 27.073
 51  83.421603  70.664529    -0.122    -0.122  2 53990.61504043 22.476
 52  83.391331  70.657918    -0.110    -0.123  4 54025.61510536 49.143
 53  83.406386  70.661377    -0.209    -0.222  3 54060.61509867 20.076
 54  83.415248  70.662503     0.440     0.531  3 54095.61507317 14.857
 56  83.405427  70.662596     0.951     0.951  2 54165.61504518 11.330
 57  83.393187  70.657493     1.942     1.701  4 54200.61502175  9.154
 58  83.401040  70.658230     2.295     2.484  4 54235.61505928  6.661
 59  83.404983  70.660273     2.121     2.250  3 54270.61507996 24.842
 60  83.402894  70.659310     2.000     2.295  3 54305.61508258 20.277
 61  83.410452  70.661756     0.222     0.222  2 54340.61506514 31.431
 62  83.398717  70.657832     0.974     0.911  4 54375.61501683 23.130
 63  83.404489  70.660093    -0.383    -0.368  3 54410.61501142 28.614
 65  83.402596  70.660964    -0.167    -0.365  3 54480.61500279 11.561
 66  83.389999  70.658407    -0.243    -0.356  3 54515.61499501  9.891
 67  83.409904  70.661864    -0.389    -0.389  2 54550.61501588  9.885
 68  83.402340  70.658062     0.698     0.294  3 54585.61499039  7.872
 69  83.401251  70.660463     1.715     1.812  3 54620.61501001 27.301
 70  83.402644  70.659703     1.870     2.119  3 54655.61502026 22.094
 71  83.406150  70.661697     1.257     1.761  3 54690.61500618 23.828
 72  83.392946  70.657376     1.490     1.913  4 54725.61497081 22.188
 73  83.403335  70.660426    -0.680    -0.680  2 54760.61498256 44.329
 75  83.404772  70.658610     0.218     0.234  3 54830.61498237 16.633
 76  83.394041  70.656633    -0.246    -0.241  5 54865.61495884 11.454
 77  83.406242  70.661580    -0.341    -0.341  2 54900.61498182 10.126
 78  83.400268  70.656443     0.573     0.577  4 54935.61495019 10.623
 79  83.401219  70.659569     0.467     0.496  3 54970.61498347  8.050
 80  83.403278  70.658759     2.011     2.200  3 55005.61500276 21.343
 81  83.403060  70.660509     1.897     2.076  3 55040.61499096 19.930
 82  83.409020  70.661600     0.384     0.384  2 55075.61497302 21.739
 83  83.396750  70.657000     0.885     0.707  4 55110.61492300 23.977
 84  83.403587  70.660098    -0.263    -0.239  3 55145.61492598 26.129
 86  83.405370  70.660702    -0.195    -0.195  2 55215.61492061 16.102
 87  83.395246  70.658402     0.006     0.010  4 55250.61489707 14.706
 88  83.408768  70.661498    -0.033     0.009  3 55285.61491446 10.537
 89  83.403927  70.659207     0.164     0.120  3 55320.61488755  8.761
 90  83.404195  70.660530     1.672     1.672  2 55355.61488832 49.100
 91  83.397543  70.655855     1.404     1.567  4 55390.61488793 17.021
 92  83.402143  70.660844     2.015     2.306  3 55425.61490536 21.162
 93  83.411998  70.662268     0.548     0.548  2 55460.61487350 21.905
