# NaN NaN NaN ;Mean Elev.(m), Avg Gradient(m/km), RMS Gradient(m/km) - SRTM1     
#   40.181  -8.434  22.831 ;Mean Elev.(m), Avg Gradient(m/km), RMS Gradient(m/km) - ASTER GDEM
#   60.491  -7.003  20.896 ;Mean Elev.(m), Avg Gradient(m/km), RMS Gradient(m/km) - GMTED2010 
  7    62.565 52466.20307204 13.92  91.418467  59.161932  5.482
  7    62.920 52466.20307268 15.58  91.416367  59.158752  5.482
  8    58.730 52501.20306523 45.81  91.414486  59.164484 10.591
  8    59.187 52501.20306587 48.60  91.412386  59.161314 10.591
  8    59.032 52501.20306652 44.59  91.410286  59.158134 10.591
  9    60.683 52536.20305194 37.84  91.430283  59.161689 11.540
  9    62.894 52536.20305258 35.66  91.428183  59.158509 11.540
  9    59.446 52536.20305323 26.89  91.426083  59.155329 11.540
 10    59.762 52571.20308637 17.32  91.420845  59.163610  9.481
 10    61.947 52571.20308701 14.56  91.418745  59.160430  9.481
 10    62.218 52571.20308766 12.88  91.416645  59.157250  9.481
 11    60.196 52606.20305295 37.00  91.415162  59.162793  9.548
 11    61.278 52606.20305359 33.81  91.413072  59.159613  9.548
 12    68.093 52641.20304526  8.39  91.424261  59.161502  8.564
 12    69.453 52641.20304591  7.56  91.422161  59.158332  8.564
 13    69.356 52676.20303487  8.96  91.415488  59.163002 13.364
 13    69.440 52676.20303551  8.19  91.413388  59.159832 13.364
 14    68.166 52711.20306083  6.10  91.423166  59.160769 11.812
 14    69.101 52711.20306147  7.57  91.421066  59.157589 11.812
 15    70.766 52746.20308808  7.39  91.407369  59.165045 11.397
 15    69.966 52746.20308872  7.75  91.405269  59.161875 11.397
 15    70.928 52746.20308937  8.33  91.403179  59.158695 11.397
 16    63.368 52781.20302606 12.07  91.427729  59.161222 11.024
 16    64.895 52781.20302670 19.84  91.425629  59.158042 11.024
 18    63.974 52851.20315797  6.90  91.426218  59.162871  7.035
 18    63.703 52851.20315862  9.26  91.424118  59.159691  7.035
 18    65.071 52851.20315926  9.75  91.422018  59.156511  7.035
 19    61.457 52886.20319264 26.64  91.416262  59.164117  8.626
 19    61.675 52886.20319329 24.20  91.414162  59.160937  8.626
 19    62.542 52886.20319393 24.15  91.412062  59.157757  8.626
 22    61.805 52991.20312986 15.63  91.427691  59.162825  7.649
 22    61.831 52991.20313051 23.04  91.425591  59.159645  7.649
 22    62.226 52991.20313115 20.23  91.423491  59.156475  7.649
 24    66.905 53061.20310581  8.68  91.429676  59.162858 12.164
 24    68.955 53061.20310646  8.63  91.427576  59.159688 12.164
 24    69.097 53061.20310710  9.01  91.425476  59.156508 12.164
 25    71.479 53096.20313485  5.57  91.405999  59.164049 10.399
 25    72.326 53096.20313549  5.83  91.403899  59.160869 10.399
 25    72.322 53096.20313613  5.77  91.401809  59.157689 10.399
 28    63.263 53201.20318305 30.91  91.418768  59.160797 10.494
 28    63.650 53201.20318369 31.19  91.416668  59.157627 10.494
 29    62.494 53236.20315218 11.99  91.421173  59.162377  6.799
 29    62.170 53236.20315283 11.69  91.419083  59.159197  6.799
 30    66.227 53271.20311190  7.66  91.432565  59.159771  4.244
 30    66.923 53271.20311254  8.43  91.430465  59.156591  4.244
 31    61.957 53306.20317581 16.57  91.417119  59.161138  5.791
 31    61.338 53306.20317645 17.84  91.415019  59.157958  5.791
 32    61.680 53341.20314325 36.89  91.414399  59.163157 21.757
 32    63.826 53341.20314390 38.89  91.412299  59.159977 21.757
 33    63.309 53376.20307369 15.67  91.412317  59.163413  8.423
 33    63.549 53376.20307433 14.94  91.410227  59.160233  8.423
 34    63.026 53411.20311797  8.88  91.424253  59.162714  3.681
 34    63.171 53411.20311861 10.46  91.422153  59.159534  3.681
 34    63.587 53411.20311926 11.19  91.420053  59.156354  3.681
 35    64.943 53446.20310023  5.25  91.408330  59.163770  5.443
 35    64.828 53446.20310088  5.56  91.406240  59.160590  5.443
 35    64.956 53446.20310152  6.10  91.404140  59.157410  5.443
 36    70.116 53481.20318535 25.35  91.417727  59.162016 20.861
 36    70.135 53481.20318599 25.18  91.415627  59.158846 20.861
 37    65.391 53516.20318874 39.17  91.419116  59.163646  8.386
 37    60.439 53516.20318938 39.72  91.417016  59.160466  8.386
 37    65.866 53516.20319003 30.55  91.414916  59.157286  8.386
 39    62.180 53586.20316617 41.32  91.417620  59.162585 12.460
 39    63.182 53586.20316681 42.25  91.415520  59.159415 12.460
 40    63.520 53621.20312729 39.72  91.425996  59.163342  9.205
 40    58.554 53621.20312793 45.40  91.423896  59.160162  9.205
 40    63.058 53621.20312858 42.17  91.421796  59.156982  9.205
 41    67.777 53656.20315580  9.06  91.424013  59.163622  4.326
 41    68.682 53656.20315644  8.53  91.421913  59.160452  4.326
 41    69.228 53656.20315709  9.29  91.419813  59.157272  4.326
 42    60.986 53691.20314532 39.95  91.413970  59.162560 10.005
 42    59.512 53691.20314596 40.95  91.411870  59.159380 10.005
 44    68.518 53761.20301829 10.59  91.435127  59.161965 14.056
 44    73.189 53761.20301893 10.55  91.433027  59.158785 14.056
 44    66.522 53761.20301957 12.05  91.430927  59.155615 14.056
 45    62.210 53796.20303357 12.74  91.415954  59.161971  5.189
 45    62.091 53796.20303422 13.09  91.413864  59.158791  5.189
 47    62.375 53866.20309064 20.18  91.421890  59.161925 15.339
 47    67.327 53866.20309129 19.32  91.419790  59.158745 15.339
 52    61.693 54041.20313441 15.69  91.428559  59.162107  6.478
 52    63.300 54041.20313506 13.14  91.426459  59.158937  6.478
 52    61.460 54041.20313570 14.71  91.424359  59.155757  6.478
 54    66.226 54111.20307076 41.59  91.406176  59.163530 22.379
 54    73.621 54111.20307140 36.08  91.404076  59.160350 22.379
 56    73.089 54181.20305707 14.91  91.410313  59.165687 12.065
 56    75.647 54181.20305771 29.15  91.408223  59.162507 12.065
 56    69.765 54181.20305836 32.26  91.406122  59.159332 13.850
 57    63.779 54216.20307773 40.26  91.422901  59.162252 10.105
 57    63.371 54216.20307837 45.01  91.420801  59.159072 10.105
 58    71.169 54251.20310450 16.74  91.419241  59.160813  3.296
 58    71.545 54251.20310514 18.19  91.417141  59.157633  3.296
 59    61.105 54286.20311040 35.56  91.418608  59.162290 10.610
 59    61.635 54286.20311104 35.84  91.416508  59.159110 10.610
 60    63.831 54321.20310729 11.67  91.420229  59.162730  4.794
 60    62.911 54321.20310794 12.67  91.418129  59.159550  4.794
 60    64.282 54321.20310858 13.04  91.416030  59.156376  6.182
 61    62.437 54356.20306814 23.23  91.411289  59.163237  5.094
 61    61.328 54356.20306878 24.87  91.409189  59.160057  5.094
 62    65.983 54391.20304797 10.12  91.421151  59.162767  8.435
 62    66.269 54391.20304862  9.93  91.419051  59.159587  8.435
 62    66.649 54391.20304926  9.85  91.416951  59.156407  8.435
 63    56.919 54426.20301802 42.61  91.416986  59.163973 10.698
 63    59.277 54426.20301867 46.28  91.414886  59.160793 10.698
 63    58.636 54426.20301931 47.26  91.412796  59.157613 10.698
 64    71.364 54461.20302482 16.76  91.425646  59.162057 11.065
 64    70.264 54461.20302546 19.64  91.423546  59.158877 11.065
 64    66.046 54461.20302611 16.36  91.421446  59.155697 11.065
 65    64.072 54496.20302467 10.44  91.417483  59.164625  6.974
 65    64.152 54496.20302532 11.30  91.415383  59.161445  6.974
 65    64.068 54496.20302596 13.65  91.413283  59.158275  6.974
 66    67.039 54531.20303815  8.98  91.423862  59.160859  4.159
 66    63.566 54531.20303880  9.49  91.421762  59.157679  4.159
 67    69.318 54566.20303087  4.15  91.409759  59.162416  5.451
 67    70.475 54566.20303151  3.74  91.407659  59.159236  5.451
 68    62.440 54601.20303334 51.02  91.420268  59.161558 19.689
 68    62.509 54601.20303398 49.38  91.418168  59.158378 19.689
 69    68.548 54636.20304520 12.69  91.417761  59.162855  8.784
 69    65.401 54636.20304584 14.12  91.415661  59.159675  8.784
 70    61.284 54671.20304870 38.47  91.417271  59.164454  9.560
 70    61.328 54671.20304934 36.24  91.415171  59.161274  9.560
 70    61.081 54671.20304999 43.62  91.413071  59.158094  9.560
 71    61.921 54706.20301000 13.79  91.414950  59.162864  7.400
 71    62.624 54706.20301065 14.82  91.412850  59.159694  7.400
 73    58.949 54776.20299130 32.11  91.417219  59.163508 13.618
 73    59.485 54776.20299194 35.96  91.415119  59.160338 13.618
 73    59.979 54776.20299259 40.40  91.413029  59.157158 13.618
 74    62.831 54811.20300627 19.33  91.427444  59.162988 11.099
 74    62.244 54811.20300691 21.62  91.425344  59.159808 11.099
 74    63.252 54811.20300756 20.91  91.423254  59.156628 11.099
 75    71.391 54846.20299095  6.73  91.414954  59.163260 13.395
 75    72.310 54846.20299160  7.31  91.412854  59.160090 13.395
 75    72.171 54846.20299224  9.14  91.410764  59.156910 13.395
 76    74.267 54881.20300995  2.01  91.421296  59.162340  9.314
 76    71.656 54881.20301060  3.27  91.419206  59.159160  9.314
 77    65.110 54916.20299414  7.64  91.409981  59.165090 10.146
 77    65.526 54916.20299478 10.28  91.407881  59.161910 10.146
 77    65.314 54916.20299543 12.52  91.405791  59.158730 10.146
 79    64.559 54986.20302769 40.63  91.418800  59.162663 11.471
 79    65.952 54986.20302834 40.60  91.416700  59.159483 11.471
 80    61.188 55021.20302046 41.33  91.419806  59.163649  9.915
 80    61.658 55021.20302110 34.70  91.417706  59.160479  9.915
 80    62.419 55021.20302174 36.70  91.415606  59.157299  9.915
 81    61.992 55056.20301762 43.04  91.417316  59.162536 10.863
 81    63.309 55056.20301827 40.67  91.415216  59.159356 10.863
 82    61.961 55091.20297514 16.88  91.412410  59.165578  5.490
 82    61.742 55091.20297578 17.25  91.410320  59.162398  5.490
 83    62.055 55126.20295693 16.54  91.421050  59.161325  9.660
 83    62.231 55126.20295757 14.50  91.418950  59.158145  9.660
 85    70.033 55196.20294699  7.63  91.425862  59.162906  9.979
 85    71.787 55196.20294764  8.48  91.423762  59.159726  9.979
 85    66.833 55196.20294828 10.13  91.421672  59.156546  9.979
 86    71.737 55231.20293991  6.03  91.412362  59.164957  9.189
 86    71.161 55231.20294055  6.17  91.410262  59.161777  9.189
 86    70.913 55231.20294120  6.99  91.408172  59.158597  9.189
 87    69.700 55266.20294238  5.17  91.421219  59.162083  8.518
 87    68.851 55266.20294302  5.28  91.419119  59.158903  8.518
 88    73.915 55301.20292143  2.55  91.411922  59.162851  7.578
 88    74.312 55301.20292208  2.53  91.409822  59.159681  7.578
 89    62.930 55336.20291770 34.66  91.417090  59.162672 14.554
 89    62.748 55336.20291834 32.97  91.415000  59.159492 14.554
 90    62.065 55371.20290784 32.20  91.419154  59.163592  8.657
 90    60.745 55371.20290849 31.09  91.417054  59.160412  8.657
 90    60.751 55371.20290913 36.81  91.414954  59.157232  8.657
 91    64.206 55406.20292717 10.32  91.423348  59.160731  8.557
 91    65.624 55406.20292781  9.88  91.421248  59.157551  8.557
 92    61.355 55441.20292688 22.91  91.416858  59.162417  8.075
 92    63.129 55441.20292753 22.42  91.414768  59.159237  8.075
 93    69.836 55476.20286979  7.68  91.411732  59.164159 10.915
 93    68.305 55476.20287044 13.01  91.409632  59.160989 10.915
 93    68.600 55476.20287108 17.61  91.407532  59.157809 10.915
