# NaN NaN NaN ;Mean Elev.(m), Avg Gradient(m/km), RMS Gradient(m/km) - SRTM1     
#  -17.121   0.176   4.713 ;Mean Elev.(m), Avg Gradient(m/km), RMS Gradient(m/km) - ASTER GDEM
#    2.085  -0.165   4.094 ;Mean Elev.(m), Avg Gradient(m/km), RMS Gradient(m/km) - GMTED2010 
  7    10.170 52466.61284931 30.65  85.515121  69.736753 10.845
  7     9.930 52466.61284996 25.39  85.510811  69.739753 10.845
  7     9.837 52466.61285060 20.66  85.506491  69.742753 10.845
  7     9.805 52466.61285125 18.51  85.502171  69.745743 10.845
  7     9.437 52466.61285189 16.65  85.497851  69.748743 10.845
  7     8.518 52466.61285254 17.30  85.493531  69.751733 10.845
  7     7.813 52466.61285318 14.99  85.489211  69.754733 10.845
  7     6.666 52466.61285383 15.52  85.484881  69.757733 10.845
  7     4.615 52466.61285447 14.77  85.480561  69.760723 10.845
  7     4.161 52466.61285511 13.76  85.476231  69.763723 10.845
  7     3.143 52466.61285576 14.04  85.471911  69.766713 10.845
  7    35.882 52466.61285705 13.18  85.463251  69.772703 10.845
  7    36.193 52466.61285769 11.26  85.458921  69.775703 10.845
  7    36.207 52466.61285834 11.31  85.454586  69.778693  8.201
  7    24.121 52466.61285898 15.47  85.450256  69.781693  8.201
  8    10.033 52501.61284121 26.32  85.526878  69.734105 17.252
  8     9.821 52501.61284186 24.27  85.522568  69.737105 17.252
  8     9.341 52501.61284250 25.71  85.518248  69.740095 17.252
  8     0.049 52501.61284315 25.82  85.513928  69.743095 17.252
  8    -0.212 52501.61284379 24.31  85.509618  69.746085 17.252
  8    -0.274 52501.61284444 22.52  85.505298  69.749085 17.252
  8    -0.398 52501.61284508 20.98  85.500978  69.752085 17.252
  8    -0.713 52501.61284573 20.73  85.496661  69.755074 13.306
  8    -0.690 52501.61284637 19.33  85.492331  69.758074 13.306
  8    -0.732 52501.61284701 18.55  85.488011  69.761064 13.306
  8    -0.378 52501.61284766 17.79  85.483691  69.764064 13.306
  8    -0.003 52501.61284830 16.50  85.479361  69.767064 13.306
  8    -0.379 52501.61284895 17.22  85.475031  69.770054 13.306
  8     0.342 52501.61284959 15.73  85.470711  69.773054 13.306
  8     2.677 52501.61285024 15.35  85.466381  69.776044 13.306
  8    19.962 52501.61285088 15.25  85.462051  69.779044 13.306
  8    24.231 52501.61285153 14.52  85.457721  69.782034 13.306
  9     8.503 52536.61283179 19.77  85.471398  69.750374 14.972
  9     8.019 52536.61283244 16.99  85.467078  69.753374 14.972
  9     5.995 52536.61283308 18.33  85.462748  69.756364 14.972
  9     5.021 52536.61283373 16.75  85.458418  69.759364 14.972
  9     4.116 52536.61283437 17.19  85.454098  69.762354 14.972
  9     8.096 52536.61283502 16.89  85.449768  69.765354 14.972
  9     2.181 52536.61283566 16.04  85.445428  69.768344 14.972
  9     6.851 52536.61283631 13.85  85.441098  69.771344 14.972
  9     6.993 52536.61283695 13.05  85.436768  69.774334 14.972
  9    21.287 52536.61283760 13.26  85.432438  69.777334 14.972
  9    26.047 52536.61283824 12.75  85.428098  69.780324 14.972
  9    27.343 52536.61283888 11.97  85.423764  69.783318 22.353
 10     0.082 52571.61286493 34.88  85.503815  69.740832 19.103
 10     0.009 52571.61286558 37.94  85.499495  69.743822 19.103
 10    -0.056 52571.61286622 43.46  85.495175  69.746822 19.103
 10     0.049 52571.61286687 40.20  85.490855  69.749822 19.103
 10    -0.012 52571.61286751 40.46  85.486535  69.752812 19.103
 10    -0.084 52571.61286815 39.56  85.482215  69.755812 19.103
 10    -0.022 52571.61286880 39.12  85.477885  69.758802 19.103
 10     0.100 52571.61286944 39.01  85.473565  69.761802 19.103
 10     0.007 52571.61287009 39.21  85.469235  69.764792 19.103
 10    -0.046 52571.61287073 36.57  85.464905  69.767792 19.103
 10    -0.059 52571.61287138 33.93  85.460575  69.770782 19.103
 10    -0.160 52571.61287202 35.93  85.456255  69.773782 19.103
 10    -0.182 52571.61287267 26.88  85.451915  69.776772 19.103
 10    -0.126 52571.61287331 24.18  85.447585  69.779772 19.103
 10    -0.112 52571.61287396 23.00  85.443255  69.782762 19.103
 11     2.335 52606.61282507 16.40  85.532494  69.732225  3.480
 11     2.108 52606.61282571 16.73  85.528184  69.735215  3.480
 11     0.656 52606.61282636 16.87  85.523864  69.738215  3.480
 11     0.059 52606.61282700 17.70  85.519554  69.741215  3.480
 11     0.428 52606.61282765 17.60  85.515234  69.744205  3.480
 11    -0.220 52606.61282829 18.35  85.510914  69.747205  3.480
 11    -0.127 52606.61282894 17.69  85.506594  69.750195  3.480
 11    -0.158 52606.61282958 17.90  85.502284  69.753195  3.480
 11    -0.240 52606.61283023 17.71  85.497954  69.756195  3.480
 11     0.384 52606.61283087 17.96  85.493634  69.759185  3.480
 11     0.009 52606.61283152 17.79  85.489314  69.762185  3.480
 11    -0.056 52606.61283216 17.10  85.484984  69.765175  3.480
 11    -0.329 52606.61283281 17.11  85.480664  69.768175  3.480
 11    -0.447 52606.61283345 16.73  85.476334  69.771165  3.480
 11    -0.454 52606.61283409 16.08  85.472004  69.774165  3.480
 11    -0.611 52606.61283474 15.44  85.467674  69.777155  3.480
 11    -0.620 52606.61283538 15.17  85.463344  69.780155  3.480
 12    49.572 52641.61282318  1.76  85.492165  69.743342  2.463
 12    50.981 52641.61282383  2.06  85.487845  69.746332  2.463
 12    52.160 52641.61282447  1.50  85.483525  69.749332  2.463
 12    52.344 52641.61282512  1.76  85.479205  69.752322  2.463
 12    52.804 52641.61282576  2.59  85.474875  69.755322  2.463
 12    53.901 52641.61282641  2.81  85.470555  69.758312  2.463
 12    55.304 52641.61282705  2.44  85.466225  69.761312  2.463
 12    55.986 52641.61282770  2.84  85.461895  69.764302  2.463
 12    56.670 52641.61282834  3.03  85.457565  69.767302  2.463
 12    53.916 52641.61282899  3.81  85.453235  69.770292  2.463
 12    56.602 52641.61282963  3.28  85.448905  69.773292  2.463
 12    57.755 52641.61283027  3.74  85.444575  69.776282  2.463
 12    57.271 52641.61283092  3.87  85.440237  69.779284  4.110
 12    57.711 52641.61283156  4.41  85.435907  69.782274  4.110
 12    55.802 52641.61283221  4.90  85.431577  69.785274  4.110
 13    48.176 52676.61280828  2.07  85.533179  69.732086  2.277
 13    49.262 52676.61280892  2.12  85.528859  69.735076  2.277
 13    50.866 52676.61280957  2.22  85.524547  69.738076  2.573
 13    52.155 52676.61281021  2.35  85.520237  69.741066  2.573
 13    53.746 52676.61281086  1.94  85.515917  69.744066  2.573
 13    55.048 52676.61281150  1.54  85.511597  69.747066  2.573
 13    55.908 52676.61281215  1.48  85.507277  69.750056  2.573
 13    57.410 52676.61281279  1.49  85.502957  69.753056  2.573
 13    58.273 52676.61281343  1.41  85.498637  69.756046  2.573
 13    61.347 52676.61281408  1.52  85.494317  69.759046  2.573
 13    60.733 52676.61281472  1.77  85.489997  69.762046  2.573
 13    61.913 52676.61281537  2.35  85.485667  69.765036  2.573
 13    64.169 52676.61281601  2.47  85.481347  69.768036  2.573
 13    62.686 52676.61281666  2.72  85.477017  69.771026  2.573
 13    58.919 52676.61281730  3.07  85.472687  69.774026  2.573
 13    63.045 52676.61281795  2.97  85.468357  69.777016  2.573
 13    59.361 52676.61281859  3.18  85.464027  69.780016  2.573
 13    59.854 52676.61281924  3.15  85.459697  69.783006  2.573
 14    51.126 52711.61284004  0.02  85.490424  69.745245  2.037
 14    51.875 52711.61284068  0.06  85.486104  69.748245  2.037
 14    53.865 52711.61284133  0.39  85.481784  69.751245  2.037
 14    54.189 52711.61284197  0.46  85.477454  69.754235  2.037
 14    54.172 52711.61284262  0.77  85.473134  69.757235  2.037
 14    55.673 52711.61284326  1.10  85.468804  69.760225  2.037
 14    57.784 52711.61284391  0.97  85.464474  69.763225  2.037
 14    58.463 52711.61284455  0.92  85.460154  69.766215  2.037
 14    58.529 52711.61284520  1.04  85.455824  69.769215  2.037
 14    56.424 52711.61284584  1.46  85.451493  69.772203  3.870
 14    56.887 52711.61284649  1.57  85.447163  69.775203  3.870
 14    56.485 52711.61284713  2.13  85.442823  69.778193  3.870
 14    52.760 52711.61284778  4.09  85.438493  69.781193  3.870
 14    55.925 52711.61284842  2.92  85.434153  69.784183  3.870
 15    49.875 52746.61286536  0.02  85.513787  69.738477  2.188
 15    57.085 52746.61286987  0.53  85.483557  69.759447  2.188
 15    60.807 52746.61287116  0.02  85.474907  69.765437  2.188
 15    59.167 52746.61287180  0.61  85.470587  69.768427  2.188
 15    63.320 52746.61287245  0.60  85.466257  69.771427  2.188
 15    58.741 52746.61287309  0.72  85.461925  69.774422  3.941
 15    59.547 52746.61287374  1.06  85.457595  69.777422  3.941
 15    59.934 52746.61287438  0.94  85.453265  69.780412  3.941
 15    59.376 52746.61287503  2.06  85.448935  69.783412  3.941
 16     2.630 52781.61280656 41.84  85.478585  69.747476 21.741
 16     2.456 52781.61280720 36.45  85.474265  69.750476 21.741
 16     2.442 52781.61280785 31.36  85.469935  69.753466 21.741
 16     2.226 52781.61280849 28.18  85.465615  69.756466 21.741
 16     2.122 52781.61280914 25.02  85.461285  69.759456 21.741
 16     2.061 52781.61280978 22.50  85.456955  69.762456 21.741
 16     1.809 52781.61281042 20.68  85.452635  69.765446 21.741
 16     1.321 52781.61281107 23.86  85.448295  69.768446 21.741
 16     1.721 52781.61281171 21.12  85.443965  69.771436 21.741
 16     2.196 52781.61281236 19.11  85.439635  69.774436 21.741
 16     2.266 52781.61281300 19.52  85.435305  69.777426 21.741
 16     2.521 52781.61281365 25.35  85.430965  69.780426 21.741
 16     2.576 52781.61281429 30.77  85.426635  69.783416 21.741
 17     9.099 52816.61288658 25.86  85.479037  69.747072 15.398
 17     8.691 52816.61288722 20.80  85.474707  69.750072 15.398
 17     8.237 52816.61288787 17.06  85.470387  69.753062 15.398
 17     7.741 52816.61288851 14.77  85.466057  69.756062 15.398
 17     8.240 52816.61288916 13.97  85.461737  69.759052 15.398
 17     8.878 52816.61288980 13.68  85.457407  69.762052 15.398
 17     7.878 52816.61289045 12.98  85.453077  69.765042 15.398
 17     7.699 52816.61289109 13.53  85.448747  69.768042 15.398
 17     6.874 52816.61289174 13.30  85.444417  69.771032 15.398
 17    22.453 52816.61289238 12.01  85.440088  69.774025 17.661
 17    27.092 52816.61289302 11.37  85.435748  69.777025 17.661
 17    29.827 52816.61289367 10.83  85.431418  69.780015 17.661
 17    28.143 52816.61289431 11.97  85.427078  69.783015 17.661
 18     9.917 52851.61293654 23.61  85.495090  69.743682 14.836
 18     9.622 52851.61293719 18.70  85.490770  69.746672 14.836
 18     9.102 52851.61293783 16.25  85.486450  69.749672 14.836
 18     8.511 52851.61293847 14.91  85.482130  69.752662 14.836
 18     7.954 52851.61293912 13.58  85.477800  69.755662 14.836
 18     6.664 52851.61293976 14.37  85.473480  69.758652 14.836
 18     5.578 52851.61294041 13.74  85.469150  69.761652 14.836
 18     3.466 52851.61294105 13.96  85.464820  69.764642 14.836
 18     3.904 52851.61294170 13.31  85.460490  69.767642 14.836
 18     6.167 52851.61294234 13.13  85.456160  69.770632 14.836
 18    19.380 52851.61294299 12.83  85.451830  69.773632 14.836
 18    13.180 52851.61294363 12.77  85.447500  69.776622 14.836
 18    25.925 52851.61294428 12.51  85.443163  69.779625 23.826
 18    24.637 52851.61294492 13.01  85.438833  69.782615 23.826
 19    -0.161 52886.61296992 36.62  85.506389  69.739643 23.189
 19    -0.149 52886.61297056 39.85  85.502069  69.742643 23.189
 19    -0.296 52886.61297121 37.09  85.497749  69.745643 23.189
 19    -0.302 52886.61297185 32.88  85.493429  69.748633 23.189
 19    -0.427 52886.61297250 31.62  85.489109  69.751633 23.189
 19    -0.547 52886.61297314 30.02  85.484789  69.754623 23.189
 19    -0.766 52886.61297379 29.80  85.480459  69.757623 23.189
 19    -1.082 52886.61297443 27.02  85.476139  69.760613 23.189
 19    -1.402 52886.61297508 27.54  85.471809  69.763613 23.189
 19    -1.507 52886.61297572 26.24  85.467489  69.766603 23.189
 19    -1.389 52886.61297637 27.26  85.463159  69.769603 23.189
 19    -0.821 52886.61297701 25.99  85.458829  69.772603 23.189
 19    -0.741 52886.61297766 25.32  85.454499  69.775593 23.189
 19    -0.546 52886.61297830 25.20  85.450169  69.778593 23.189
 19    -0.113 52886.61297895 24.26  85.445837  69.781580 28.492
 19     4.428 52886.61297959 23.27  85.441497  69.784580 28.492
 20     9.044 52921.61292336 22.33  85.532860  69.732929  5.046
 20     8.953 52921.61292400 21.39  85.528540  69.735919  5.046
 20     8.628 52921.61292465 21.25  85.524230  69.738919  5.046
 20     5.740 52921.61292529 21.81  85.519910  69.741919  5.046
 20     6.272 52921.61292593 20.39  85.515600  69.744909  5.046
 20     6.352 52921.61292658 20.96  85.511280  69.747909  5.046
 20     6.039 52921.61292722 19.54  85.506960  69.750909  5.046
 20     5.482 52921.61292787 19.13  85.502640  69.753899  5.046
 20     4.845 52921.61292851 18.83  85.498320  69.756899  5.046
 20     3.819 52921.61292916 18.47  85.494000  69.759889  5.046
 20    18.825 52921.61292980 17.30  85.489670  69.762889  5.046
 20    32.885 52921.61293174 18.52  85.476700  69.771879  5.046
 20    33.442 52921.61293238 18.74  85.472370  69.774869  5.046
 20    33.640 52921.61293303 18.85  85.468040  69.777869  5.046
 21     7.850 52956.61289083 21.32  85.498572  69.742099  4.895
 21     6.850 52956.61289147 22.70  85.494252  69.745099  4.895
 21     3.979 52956.61289212 23.66  85.489932  69.748089  4.895
 21     3.639 52956.61289276 23.12  85.485612  69.751089  4.895
 21     3.247 52956.61289341 22.42  85.481292  69.754079  4.895
 21     2.971 52956.61289405 22.48  85.476962  69.757079  4.895
 21     2.503 52956.61289470 23.25  85.472632  69.760069  4.895
 21     1.779 52956.61289534 23.67  85.468312  69.763069  4.895
 21     1.101 52956.61289599 22.94  85.463982  69.766059  4.895
 21     0.758 52956.61289663 22.13  85.459652  69.769059  4.895
 21    -0.092 52956.61289728 21.48  85.455322  69.772049  4.895
 21    -0.461 52956.61289792 21.12  85.450982  69.775049  4.895
 21    -0.401 52956.61289857 19.55  85.446652  69.778039  4.895
 21    -0.344 52956.61289921 19.51  85.442323  69.781038  3.089
 22    49.180 52991.61290843  3.50  85.513680  69.738311  2.690
 22    50.059 52991.61290907  3.23  85.509360  69.741311  2.690
 22    51.244 52991.61290972  2.89  85.505050  69.744301  2.690
 22    52.805 52991.61291036  3.31  85.500730  69.747301  2.690
 22    53.992 52991.61291101  3.60  85.496410  69.750291  2.690
 22    55.973 52991.61291165  2.52  85.492080  69.753291  2.690
 22    57.417 52991.61291230  2.21  85.487760  69.756291  2.690
 22    57.101 52991.61291294  2.32  85.483440  69.759281  2.690
 22    58.222 52991.61291359  3.22  85.479109  69.762277  3.807
 22    60.307 52991.61291423  3.53  85.474779  69.765277  3.807
 22    60.991 52991.61291488  3.58  85.470459  69.768267  3.807
 22    55.546 52991.61291552  4.37  85.466129  69.771267  3.807
 22    56.944 52991.61291616  4.08  85.461799  69.774257  3.807
 22    57.850 52991.61291681  4.47  85.457469  69.777247  3.807
 22    57.899 52991.61291745  4.55  85.453129  69.780247  3.807
 22    60.491 52991.61291810  4.79  85.448799  69.783237  3.807
 23    51.639 53026.61287205  0.02  85.546296  69.729382  2.336
 23    51.475 53026.61287269  0.63  85.541986  69.732372  2.336
 23    49.937 53026.61287334  1.22  85.537676  69.735372  2.336
 23    50.365 53026.61287398  1.63  85.533366  69.738372  2.336
 23    53.050 53026.61287463  1.90  85.529046  69.741362  2.336
 23    54.254 53026.61287527  1.83  85.524736  69.744362  2.336
 23    55.711 53026.61287591  1.27  85.520416  69.747352  2.336
 23    56.374 53026.61287656  1.00  85.516096  69.750352  2.336
 23    58.000 53026.61287720  0.98  85.511776  69.753352  2.336
 23    59.768 53026.61287785  0.74  85.507456  69.756342  2.336
 23    63.250 53026.61287849  0.72  85.503136  69.759342  2.336
 23    64.055 53026.61287914  0.61  85.498806  69.762342  2.336
 23    63.437 53026.61287978  0.85  85.494486  69.765332  2.336
 23    64.781 53026.61288043  1.27  85.490156  69.768332  2.336
 23    64.538 53026.61288107  1.94  85.485836  69.771322  2.336
 23    65.382 53026.61288172  2.28  85.481506  69.774322  2.336
 23    61.799 53026.61288236  1.72  85.477176  69.777312  2.336
 23    66.106 53026.61288301  1.68  85.472846  69.780312  2.336
 24    49.373 53061.61288373  0.38  85.516924  69.737686  2.093
 24    50.548 53061.61288438  0.33  85.512604  69.740686  2.093
 24    50.935 53061.61288502  0.40  85.508284  69.743676  2.093
 24    63.451 53061.61289083  0.20  85.469367  69.770637  3.323
 24    61.858 53061.61289147  0.40  85.465037  69.773637  3.323
 24    61.235 53061.61289212  0.62  85.460707  69.776627  3.323
 24    61.210 53061.61289276  0.73  85.456377  69.779627  3.323
 24    60.685 53061.61289340  1.06  85.452037  69.782617  3.323
 25    62.936 53096.61291793  0.40  85.467777  69.775041  2.104
 25    62.048 53096.61291921  0.60  85.459117  69.781031  2.104
 26    59.543 53131.61289251  0.04  85.451076  69.781222  2.104
 26    59.535 53131.61289315  0.03  85.446736  69.784222  2.104
 28    10.028 53201.61296033 24.32  85.507413  69.740085 16.530
 28     9.841 53201.61296097 21.76  85.503093  69.743075 16.530
 28     9.868 53201.61296162 19.77  85.498773  69.746075 16.530
 28     9.143 53201.61296226 18.08  85.494453  69.749065 16.530
 28     7.521 53201.61296291 18.71  85.490133  69.752065 16.530
 28     5.793 53201.61296355 17.90  85.485813  69.755065 16.530
 28     5.142 53201.61296420 16.11  85.481483  69.758055 16.530
 28     4.389 53201.61296484 15.14  85.477163  69.761055 16.530
 28     3.356 53201.61296548 14.73  85.472833  69.764045 16.530
 28     2.755 53201.61296613 13.99  85.468503  69.767045 16.530
 28     4.728 53201.61296677 13.03  85.464183  69.770035 16.530
 28     5.604 53201.61296742 13.14  85.459853  69.773035 16.530
 28    23.365 53201.61296806 11.76  85.455519  69.776025 26.523
 28    23.471 53201.61296871 12.92  85.451189  69.779025 26.523
 28    21.639 53201.61296935 14.38  85.446859  69.782015 26.523
 29     9.348 53236.61292624 30.00  85.546216  69.727159 22.970
 29    -0.065 53236.61292688 33.61  85.541906  69.730149 22.970
 29    -0.064 53236.61292753 33.88  85.537596  69.733149 22.970
 29    -0.153 53236.61292817 31.76  85.533286  69.736149 22.970
 29    -0.163 53236.61292882 30.42  85.528966  69.739139 22.970
 29    -0.358 53236.61292946 29.97  85.524656  69.742139 22.970
 29    -0.516 53236.61293011 28.33  85.520336  69.745139 22.970
 29    -0.660 53236.61293075 30.09  85.516016  69.748129 22.970
 29    -0.988 53236.61293139 27.60  85.511696  69.751129 22.970
 29    -1.264 53236.61293204 26.96  85.507376  69.754119 22.970
 29    -1.548 53236.61293268 27.30  85.503056  69.757119 22.970
 29    -2.077 53236.61293333 27.13  85.498736  69.760119 22.970
 29    -2.413 53236.61293397 28.16  85.494406  69.763109 22.970
 29    -2.923 53236.61293462 28.06  85.490086  69.766109 22.970
 29    -3.454 53236.61293526 25.53  85.485756  69.769099 22.970
 29    -4.123 53236.61293591 25.70  85.481436  69.772099 22.970
 29    -4.788 53236.61293655 24.54  85.477106  69.775089 22.970
 29    -5.561 53236.61293720 24.91  85.472776  69.778089 22.970
 29    -6.467 53236.61293784 25.91  85.468443  69.781081 15.443
 30     8.558 53271.61289047 18.59  85.475492  69.749511 17.124
 30     8.277 53271.61289111 17.16  85.471172  69.752511 17.124
 30     7.412 53271.61289176 16.82  85.466842  69.755501 17.124
 30     6.798 53271.61289240 16.00  85.462522  69.758501 17.124
 30     5.065 53271.61289305 16.71  85.458192  69.761491 17.124
 30     4.684 53271.61289369 17.17  85.453862  69.764491 17.124
 30     3.058 53271.61289434 18.38  85.449532  69.767481 17.124
 30     1.789 53271.61289498 17.80  85.445202  69.770481 17.124
 30     2.464 53271.61289562 18.27  85.440862  69.773471 17.124
 30    -0.084 53271.61289627 19.16  85.436528  69.776470 17.524
 30     3.508 53271.61289691 17.60  85.432198  69.779460 17.524
 30     2.389 53271.61289756 18.31  85.427858  69.782460 17.524
 30    26.329 53271.61289820 15.67  85.423518  69.785450 17.524
 31     0.119 53306.61295458 23.00  85.480545  69.750601  8.747
 31     0.147 53306.61295523 30.39  85.476225  69.753601  8.747
 31     0.353 53306.61295587 30.74  85.471905  69.756591  8.747
 31     0.096 53306.61295652 25.79  85.467580  69.759587  6.428
 31     0.111 53306.61295716 22.95  85.463250  69.762577  6.428
 31     0.207 53306.61295781 22.25  85.458920  69.765577  6.428
 31     0.425 53306.61295845 23.63  85.454600  69.768567  6.428
 31     0.501 53306.61295910 27.40  85.450270  69.771567  6.428
 31     0.707 53306.61295974 25.91  85.445930  69.774567  6.428
 31     0.731 53306.61296039 29.85  85.441600  69.777557  6.428
 31     0.085 53306.61296103 26.74  85.437270  69.780547  6.428
 32    48.202 53341.61291788  2.81  85.526357  69.734119  2.788
 32    48.358 53341.61291853  3.94  85.522047  69.737109  2.788
 32    50.282 53341.61291917  3.31  85.517727  69.740109  2.788
 32    51.468 53341.61291982  3.25  85.513417  69.743109  2.788
 32    53.740 53341.61292046  1.66  85.509097  69.746099  2.788
 32    54.662 53341.61292111  2.06  85.504777  69.749099  2.788
 32    56.079 53341.61292175  1.69  85.500457  69.752099  2.788
 32    58.636 53341.61292239  1.66  85.496137  69.755089  2.788
 32    59.709 53341.61292304  1.30  85.491817  69.758089  2.788
 32    60.671 53341.61292368  1.76  85.487497  69.761079  2.788
 32    61.590 53341.61292433  2.74  85.483168  69.764081  3.332
 32    62.265 53341.61292497  2.80  85.478848  69.767071  3.332
 32    63.061 53341.61292562  2.60  85.474518  69.770071  3.332
 32    64.159 53341.61292626  2.77  85.470188  69.773061  3.332
 32    63.812 53341.61292691  3.30  85.465858  69.776061  3.332
 32    63.654 53341.61292755  3.06  85.461528  69.779051  3.332
 32    64.339 53341.61292820  3.41  85.457198  69.782051  3.332
 33    48.608 53376.61284902  0.26  85.544323  69.730771  2.012
 33    51.357 53376.61285031  0.21  85.535703  69.736761  2.012
 33    52.459 53376.61285095  1.36  85.531383  69.739761  2.012
 33    54.062 53376.61285160  0.51  85.527073  69.742761  2.012
 33    55.621 53376.61285224  0.34  85.522753  69.745751  2.012
 33    67.333 53376.61285740  0.24  85.488193  69.769725  2.404
 33    67.681 53376.61285804  0.26  85.483863  69.772715  2.404
 33    68.701 53376.61285869  0.76  85.479533  69.775715  2.404
 33    67.789 53376.61285933  0.77  85.475203  69.778705  2.404
 35    46.672 53446.61288047  0.33  85.470797  69.750564  2.951
 35    48.679 53446.61288369  0.56  85.449161  69.765537  2.925
 35    51.700 53446.61288498  0.72  85.440491  69.771527  2.925
 35    53.922 53446.61288562  0.58  85.436161  69.774517  2.925
 35    52.578 53446.61288627  0.76  85.431821  69.777517  2.925
 35    51.021 53446.61288691  1.41  85.427491  69.780507  2.925
 35    43.754 53446.61288756  3.13  85.423151  69.783507  2.925
 37     4.913 53516.61296526 29.68  85.518410  69.736747 24.892
 37     4.887 53516.61296590 32.23  85.514100  69.739737 24.892
 37     4.881 53516.61296655 33.18  85.509780  69.742737 24.892
 37     4.857 53516.61296719 32.98  85.505460  69.745737 24.892
 37     4.821 53516.61296784 28.10  85.501140  69.748727 24.892
 37     4.654 53516.61296848 29.87  85.496820  69.751727 24.892
 37     4.793 53516.61296913 32.93  85.492500  69.754717 24.892
 37     4.963 53516.61296977 35.66  85.488181  69.757723 17.228
 37     4.856 53516.61297041 41.97  85.483851  69.760713 17.228
 37     4.875 53516.61297106 31.68  85.479531  69.763713 17.228
 37     4.891 53516.61297170 26.09  85.475201  69.766703 17.228
 37     4.714 53516.61297235 22.10  85.470871  69.769703 17.228
 37     4.551 53516.61297299 22.56  85.466541  69.772693 17.228
 37     4.750 53516.61297364 21.59  85.462211  69.775693 17.228
 37     4.819 53516.61297428 22.39  85.457881  69.778683 17.228
 37     4.977 53516.61297493 31.32  85.453551  69.781683 17.228
 38     0.709 53551.61298624 43.07  85.509398  69.739090 36.317
 38     0.810 53551.61298689 50.51  85.505078  69.742090 36.317
 38     0.723 53551.61298753 52.74  85.500758  69.745090 36.317
 38     0.710 53551.61298818 53.20  85.496448  69.748080 36.317
 38     0.740 53551.61298882 52.46  85.492128  69.751080 36.317
 38     0.869 53551.61298947 51.18  85.487798  69.754070 36.317
 38     0.779 53551.61299011 52.32  85.483479  69.757075 38.367
 38     0.743 53551.61299076 52.45  85.479159  69.760065 38.367
 38     0.740 53551.61299140 52.55  85.474829  69.763065 38.367
 38     0.754 53551.61299205 51.97  85.470509  69.766055 38.367
 38     0.860 53551.61299269 51.25  85.466179  69.769055 38.367
 38     0.742 53551.61299334 52.99  85.461849  69.772045 38.367
 38     0.903 53551.61299398 49.69  85.457519  69.775045 38.367
 38     0.833 53551.61299463 52.34  85.453189  69.778035 38.367
 38     0.781 53551.61299527 51.95  85.448859  69.781035 38.367
 38     0.750 53551.61299591 48.66  85.444529  69.784025 38.367
 39     9.338 53586.61293947 27.88  85.535530  69.730698 24.363
 39    -0.021 53586.61294011 32.22  85.531220  69.733688 24.363
 39    -0.028 53586.61294076 31.26  85.526900  69.736688 24.363
 39    -0.265 53586.61294140 29.60  85.522590  69.739688 24.363
 39    -0.276 53586.61294205 26.68  85.518270  69.742678 24.363
 39    -0.273 53586.61294269 26.73  85.513950  69.745678 24.363
 39    -0.501 53586.61294334 25.42  85.509640  69.748668 24.363
 39    -0.789 53586.61294398 22.54  85.505320  69.751668 24.363
 39    -1.083 53586.61294463 20.17  85.501000  69.754658 24.363
 39    -1.273 53586.61294527 21.46  85.496670  69.757658 24.363
 39    -1.021 53586.61294592 19.15  85.492350  69.760658 24.363
 39    -0.286 53586.61294656 17.10  85.488030  69.763648 24.363
 39    -0.250 53586.61294721 15.55  85.483702  69.766649 16.573
 39    -0.241 53586.61294785 15.48  85.479372  69.769639 16.573
 39    -0.306 53586.61294850 15.46  85.475042  69.772639 16.573
 40    -0.054 53621.61290855 36.33  85.467242  69.750927 24.297
 40    -0.150 53621.61290919 30.13  85.462922  69.753917 24.297
 40    -0.231 53621.61290984 27.03  85.458592  69.756917 24.297
 40    -0.510 53621.61291048 26.32  85.454262  69.759907 24.297
 40    -0.695 53621.61291113 24.01  85.449932  69.762907 24.297
 40    -0.828 53621.61291177 22.22  85.445612  69.765897 24.297
 40    -1.271 53621.61291242 21.01  85.441282  69.768897 24.297
 40    -1.359 53621.61291306 19.91  85.436942  69.771887 24.297
 40    -0.600 53621.61291371 17.68  85.432612  69.774887 24.297
 40     0.931 53621.61291435 17.34  85.428272  69.777877 24.297
 40     3.003 53621.61291499 16.64  85.423942  69.780877 24.297
 41     9.423 53656.61293468 25.28  85.494010  69.743666 13.325
 41     7.442 53656.61293533 24.97  85.489690  69.746666 13.325
 41     6.873 53656.61293597 23.99  85.485370  69.749666 13.325
 41     3.966 53656.61293662 24.44  85.481050  69.752656 13.325
 41     3.569 53656.61293726 26.65  85.476722  69.755654  8.697
 41     3.373 53656.61293791 25.16  85.472402  69.758644  8.697
 41     2.978 53656.61293855 24.21  85.468072  69.761644  8.697
 41    31.365 53656.61294178 17.57  85.446432  69.776614  8.697
 41    30.064 53656.61294242 19.82  85.442092  69.779614  8.697
 41    29.949 53656.61294307 20.07  85.437762  69.782604  8.697
 42    -0.781 53691.61291974 26.09  85.522427  69.734810  6.361
 42    -0.764 53691.61292038 25.92  85.518117  69.737800  6.361
 42    -0.752 53691.61292103 26.66  85.513797  69.740800  6.361
 42    -0.675 53691.61292167 26.58  85.509487  69.743800  6.361
 42    -0.834 53691.61292232 26.61  85.505167  69.746790  6.361
 42    -0.729 53691.61292296 26.83  85.500847  69.749790  6.361
 42    -0.864 53691.61292361 27.50  85.496527  69.752780  6.361
 42    -0.803 53691.61292425 27.30  85.492207  69.755780  6.361
 42    -0.847 53691.61292490 28.21  85.487877  69.758780  6.361
 42    -0.873 53691.61292554 28.45  85.483557  69.761770  6.361
 42    -0.811 53691.61292618 28.02  85.479238  69.764770  6.153
 42    -0.725 53691.61292683 26.42  85.474908  69.767760  6.153
 42    -0.726 53691.61292747 26.70  85.470578  69.770760  6.153
 42    -0.723 53691.61292812 26.32  85.466248  69.773750  6.153
 42    -0.711 53691.61292876 25.20  85.461918  69.776750  6.153
 42    -0.789 53691.61292941 25.42  85.457588  69.779740  6.153
 42    -0.929 53691.61293005 25.51  85.453258  69.782740  6.153
 43    71.634 53726.61284057  1.65  85.557200  69.723965  2.202
 43    50.121 53726.61284122  1.82  85.552890  69.726965  2.202
 43    52.948 53726.61284186  2.24  85.548580  69.729965  2.202
 43    50.956 53726.61284250  2.39  85.544270  69.732955  2.202
 43    51.704 53726.61284315  2.94  85.539960  69.735955  2.202
 43    71.528 53726.61284379  2.50  85.535640  69.738955  2.202
 43    54.181 53726.61284444  2.58  85.531330  69.741955  2.202
 43    55.628 53726.61284508  2.50  85.527010  69.744945  2.202
 43    57.373 53726.61284573  2.16  85.522700  69.747945  2.202
 43    58.353 53726.61284637  1.93  85.518380  69.750935  2.202
 43    67.522 53726.61284702  1.62  85.514060  69.753935  2.202
 43    63.853 53726.61284766  1.44  85.509740  69.756935  2.202
 43    64.505 53726.61284831  1.55  85.505420  69.759925  2.202
 43    65.211 53726.61284895  1.75  85.501100  69.762925  2.202
 43    65.256 53726.61284960  2.34  85.496780  69.765915  2.202
 43    67.293 53726.61285024  2.20  85.492455  69.768910  3.186
 43    67.941 53726.61285089  2.68  85.488125  69.771910  3.186
 43    68.773 53726.61285153  2.82  85.483805  69.774910  3.186
 43    68.896 53726.61285217  3.14  85.479475  69.777900  3.186
 44     0.803 53761.61279652 13.18  85.502273  69.740792  2.865
 44     0.396 53761.61279717 12.99  85.497953  69.743782  2.865
 44     0.160 53761.61279781 13.38  85.493633  69.746782  2.865
 44     0.098 53761.61279846 13.77  85.489313  69.749772  2.865
 44     0.032 53761.61279910 13.89  85.484983  69.752772  2.865
 44    -0.146 53761.61279974 13.90  85.480659  69.755767  2.683
 44    -0.061 53761.61280039 14.02  85.476339  69.758757  2.683
 44    -0.259 53761.61280103 13.80  85.472009  69.761757  2.683
 44    -0.375 53761.61280168 14.09  85.467679  69.764757  2.683
 44    -0.277 53761.61280232 14.19  85.463349  69.767747  2.683
 44    -0.376 53761.61280297 13.87  85.459019  69.770747  2.683
 44    -0.428 53761.61280361 14.06  85.454689  69.773737  2.683
 44    -0.403 53761.61280426 13.14  85.450359  69.776727  2.683
 44    -0.469 53761.61280490 12.59  85.446019  69.779727  2.683
 44    -0.398 53761.61280555 11.89  85.441689  69.782717  2.683
 45    66.072 53796.61281574  0.14  85.483935  69.769601  2.821
 45    67.786 53796.61281703  0.27  85.475285  69.775591  2.821
 45    67.473 53796.61281767  0.34  85.470955  69.778581  2.821
 48    10.094 53901.61289696 26.01  85.508186  69.739924 27.714
 48    10.009 53901.61289760 23.74  85.503866  69.742924 27.714
 48     9.660 53901.61289825 20.23  85.499547  69.745914  7.612
 48     9.348 53901.61289889 19.93  85.495227  69.748914  7.612
 48     8.082 53901.61289954 18.93  85.490907  69.751914  7.612
 48     7.288 53901.61290018 19.11  85.486577  69.754904  7.612
 48     6.859 53901.61290083 18.61  85.482257  69.757904  7.612
 48     6.817 53901.61290147 17.93  85.477937  69.760894  7.612
 48     6.805 53901.61290212 18.23  85.473607  69.763894  7.612
 48     6.978 53901.61290276 17.19  85.469277  69.766884  7.612
 48     6.921 53901.61290341 17.22  85.464957  69.769884  7.612
 48    35.798 53901.61290469 17.01  85.456287  69.775874  7.612
 48    36.036 53901.61290534 17.17  85.451957  69.778864  7.612
 48    27.489 53901.61290598 18.42  85.447627  69.781864  7.612
 49     9.591 53936.61293694 30.73  85.495825  69.742445 19.113
 49     9.169 53936.61293759 25.66  85.491505  69.745445 19.113
 49     0.087 53936.61293823 25.42  85.487195  69.748445 19.113
 49     0.083 53936.61293888 22.55  85.482865  69.751435 19.113
 49    -0.230 53936.61293952 22.27  85.478545  69.754435 19.113
 49    -0.329 53936.61294017 20.86  85.474225  69.757425 19.113
 49     2.682 53936.61294081 17.82  85.469895  69.760425 19.113
 49    -0.277 53936.61294145 18.11  85.465575  69.763415 19.113
 49     1.118 53936.61294210 16.61  85.461245  69.766415 19.113
 49    -0.108 53936.61294274 17.58  85.456915  69.769411 17.800
 49     2.473 53936.61294339 15.47  85.452585  69.772401 17.800
 49     4.841 53936.61294403 14.62  85.448255  69.775401 17.800
 49    13.495 53936.61294468 14.81  85.443925  69.778401 17.800
 49    21.265 53936.61294532 14.42  85.439595  69.781391 17.800
 49    23.670 53936.61294597 13.55  85.435265  69.784381 17.800
 50     9.929 53971.61290066 25.27  85.523182  69.735167 16.312
 50     9.924 53971.61290130 20.60  85.518872  69.738167 16.312
 50     9.663 53971.61290195 18.02  85.514552  69.741167 16.312
 50     9.097 53971.61290259 19.72  85.510242  69.744157 16.312
 50    -2.674 53971.61290324 22.98  85.505922  69.747157 16.312
 50    -2.306 53971.61290388 25.11  85.501602  69.750157 16.312
 50    -1.857 53971.61290453 25.07  85.497282  69.753147 16.312
 50    -1.618 53971.61290517 27.73  85.492962  69.756147 16.312
 50    -1.353 53971.61290582 28.38  85.488642  69.759137 16.312
 50    -1.287 53971.61290646 27.55  85.484312  69.762137 16.312
 50    -1.193 53971.61290711 26.87  85.479992  69.765127 16.312
 50    -0.363 53971.61290775 23.28  85.475662  69.768127 16.312
 50     0.010 53971.61290840 21.17  85.471342  69.771117 16.312
 50     0.067 53971.61290904 23.47  85.467012  69.774117 16.312
 50     0.328 53971.61290969 22.57  85.462677  69.777113 31.623
 50     0.604 53971.61291033 24.75  85.458347  69.780113 31.623
 50     0.462 53971.61291097 41.78  85.454017  69.783103 31.623
 51     9.296 54006.61288645 21.17  85.483276  69.747404 21.643
 51     8.682 54006.61288709 17.95  85.478956  69.750404 21.643
 51     7.596 54006.61288774 19.48  85.474626  69.753394 21.643
 51    -0.050 54006.61288838 22.04  85.470296  69.756394 21.643
 51     4.618 54006.61288903 18.00  85.465976  69.759384 21.643
 51     2.496 54006.61288967 17.21  85.461646  69.762384 21.643
 51     3.398 54006.61289032 16.16  85.457312  69.765373 12.482
 51     1.580 54006.61289096 16.34  85.452982  69.768373 12.482
 51     6.408 54006.61289161 13.91  85.448652  69.771363 12.482
 51    20.999 54006.61289225 13.34  85.444322  69.774363 12.482
 51    33.158 54006.61289290 12.87  85.439992  69.777353 12.482
 51    27.894 54006.61289354 12.46  85.435652  69.780353 12.482
 51    29.362 54006.61289418 11.81  85.431322  69.783343 12.482
 52    -0.851 54041.61291158 27.12  85.503904  69.741389  7.212
 52    -0.902 54041.61291223 27.75  85.499584  69.744389  7.212
 52    -0.671 54041.61291287 28.24  85.495264  69.747379  7.212
 52    -0.742 54041.61291352 29.14  85.490944  69.750379  7.212
 52    -0.740 54041.61291416 30.51  85.486614  69.753379  7.212
 52    -0.621 54041.61291481 30.62  85.482294  69.756369  7.212
 52    -0.662 54041.61291545 31.99  85.477964  69.759359  7.212
 52    -0.642 54041.61291610 33.07  85.473644  69.762359  7.212
 52    -0.397 54041.61291674 32.90  85.469314  69.765359  7.212
 52    -0.552 54041.61291739 33.78  85.464984  69.768349  7.212
 52    -0.557 54041.61291803 32.85  85.460654  69.771349  7.212
 52    -0.563 54041.61291868 31.24  85.456322  69.774336  4.960
 52    -0.499 54041.61291932 31.15  85.451992  69.777336  4.960
 52    -0.403 54041.61291996 30.62  85.447662  69.780326  4.960
 52    -0.356 54041.61292061 28.18  85.443322  69.783326  4.960
 53     1.031 54076.61290349 14.80  85.529815  69.732425  3.632
 53     0.613 54076.61290413 15.04  85.525495  69.735415  3.632
 53    -0.139 54076.61290478 15.82  85.521185  69.738415  3.632
 53    -0.555 54076.61290542 16.23  85.516865  69.741415  3.632
 53    -0.586 54076.61290607 16.08  85.512555  69.744405  3.632
 53    -0.484 54076.61290671 16.34  85.508235  69.747405  3.632
 53    -0.721 54076.61290736 16.65  85.503915  69.750395  3.632
 53    -0.584 54076.61290800 16.93  85.499595  69.753395  3.632
 53    -0.636 54076.61290865 16.63  85.495275  69.756395  3.632
 53    -0.565 54076.61290929 16.26  85.490955  69.759385  3.632
 53    -0.598 54076.61290994 17.08  85.486625  69.762385  3.632
 53    -0.600 54076.61291058 16.54  85.482305  69.765375  3.632
 53    -0.574 54076.61291123 16.29  85.477975  69.768375  3.632
 53    -0.660 54076.61291187 15.99  85.473655  69.771365  3.632
 53    -0.649 54076.61291252 15.88  85.469325  69.774365  3.632
 53    -0.630 54076.61291316 14.94  85.464994  69.777357  2.744
 53    -0.704 54076.61291380 14.80  85.460664  69.780357  2.744
 53    -0.828 54076.61291445 14.61  85.456334  69.783347  2.744
 54    49.747 54111.61284283  0.24  85.551900  69.726546  2.008
 54    47.068 54111.61284347  0.41  85.547600  69.729546  2.008
 54    49.587 54111.61284412  0.42  85.543280  69.732546  2.008
 54    51.064 54111.61284476  0.77  85.538970  69.735536  2.008
 54    51.960 54111.61284541  1.51  85.534660  69.738536  2.008
 54    53.238 54111.61284605  0.77  85.530350  69.741536  2.008
 54    54.769 54111.61284670  0.88  85.526030  69.744526  2.008
 54    56.174 54111.61284734  1.10  85.521720  69.747526  2.008
 54    57.215 54111.61284798  0.30  85.517400  69.750526  2.008
 54    58.738 54111.61284863  0.32  85.513080  69.753516  2.008
 54    60.155 54111.61284927  0.08  85.508760  69.756516  2.008
 54    62.749 54111.61284992  0.39  85.504440  69.759516  2.008
 54    63.739 54111.61285056  0.45  85.500120  69.762506  2.008
 54    64.478 54111.61285121  0.61  85.495800  69.765506  2.008
 54    65.567 54111.61285185  0.91  85.491470  69.768496  2.008
 54    67.108 54111.61285250  2.02  85.487150  69.771496  2.008
 54    67.959 54111.61285314  1.05  85.482820  69.774496  2.008
 54    67.722 54111.61285379  1.47  85.478500  69.777486  2.008
 54    68.100 54111.61285443  1.44  85.474170  69.780485  3.454
 55     0.481 54146.61284775 11.19  85.498211  69.742701  3.107
 55    -0.038 54146.61284840 11.77  85.493891  69.745701  3.107
 55    -0.184 54146.61284904 12.27  85.489571  69.748701  3.107
 55    -0.185 54146.61284969 11.87  85.485251  69.751691  3.107
 55    -0.579 54146.61285033 12.78  85.480931  69.754691  3.107
 55    -0.656 54146.61285098 12.74  85.476601  69.757681  3.107
 55    -0.577 54146.61285162 12.78  85.472271  69.760681  3.107
 55    -0.083 54146.61285227 12.73  85.467951  69.763671  3.107
 55    -0.396 54146.61285291 12.77  85.463621  69.766671  3.107
 55    -0.684 54146.61285355 13.14  85.459287  69.769662  2.534
 55    -0.519 54146.61285420 11.96  85.454957  69.772662  2.534
 55    -0.560 54146.61285484 11.44  85.450627  69.775652  2.534
 55    -0.551 54146.61285549 10.78  85.446297  69.778652  2.534
 55    -0.834 54146.61285613 10.73  85.441967  69.781642  2.534
 55    -0.482 54146.61285678 10.28  85.437627  69.784642  2.534
 56    64.447 54181.61284080  0.59  85.476299  69.776580  2.902
 56    65.520 54181.61284145  0.05  85.471969  69.779580  2.902
 57     3.750 54216.61285630 18.43  85.496101  69.743569  5.612
 57     3.261 54216.61285695 17.77  85.491781  69.746559  5.612
 57     0.444 54216.61285759 18.98  85.487461  69.749559  5.612
 57     0.418 54216.61285824 19.33  85.483131  69.752549  5.612
 57     0.455 54216.61285888 18.80  85.478811  69.755549  5.612
 57     0.214 54216.61285953 19.59  85.474491  69.758539  5.612
 57     0.069 54216.61286017 19.05  85.470161  69.761539  5.612
 57     0.180 54216.61286081 18.50  85.465838  69.764532  3.531
 57     0.168 54216.61286146 18.18  85.461508  69.767532  3.531
 57     0.156 54216.61286210 17.19  85.457178  69.770522  3.531
 57     0.215 54216.61286275 16.82  85.452848  69.773522  3.531
 57     0.144 54216.61286339 16.39  85.448518  69.776512  3.531
 57    -0.094 54216.61286404 15.49  85.444178  69.779512  3.531
 57    -0.041 54216.61286468 14.97  85.439848  69.782502  3.531
 58     7.342 54251.61288178 29.87  85.506482  69.740345 23.324
 58     7.422 54251.61288243 30.48  85.502172  69.743345 23.324
 58     7.202 54251.61288307 25.72  85.497852  69.746345 23.324
 58     7.079 54251.61288372 23.44  85.493532  69.749335 23.324
 58     6.921 54251.61288436 22.81  85.489202  69.752335 23.324
 58     6.877 54251.61288501 19.64  85.484882  69.755325 23.324
 58     6.688 54251.61288565 18.99  85.480562  69.758325 23.324
 58     6.630 54251.61288630 18.51  85.476232  69.761315 23.324
 58     6.734 54251.61288694 17.81  85.471912  69.764315 23.324
 58     7.115 54251.61288758 17.41  85.467582  69.767312  9.312
 58     7.365 54251.61288823 18.57  85.463252  69.770302  9.312
 58     7.281 54251.61288887 21.57  85.458922  69.773302  9.312
 58     7.087 54251.61288952 22.39  85.454592  69.776292  9.312
 58     7.195 54251.61289016 22.67  85.450262  69.779292  9.312
 58    13.909 54251.61289081 20.02  85.445922  69.782282  9.312
 59    10.082 54286.61288575 26.99  85.524041  69.734372 15.080
 59    10.053 54286.61288639 23.87  85.519731  69.737372 15.080
 59     9.805 54286.61288704 20.30  85.515411  69.740372 15.080
 59     9.650 54286.61288768 16.18  85.511101  69.743362 15.080
 59     9.307 54286.61288833 15.41  85.506781  69.746362 15.080
 59     8.942 54286.61288897 15.59  85.502461  69.749362 15.080
 59     6.741 54286.61288962 15.68  85.498141  69.752352 15.080
 59     2.251 54286.61289026 16.24  85.493811  69.755352 15.080
 59     1.778 54286.61289090 16.23  85.489491  69.758342 15.080
 59     1.049 54286.61289155 17.28  85.485171  69.761342 15.080
 59     1.108 54286.61289219 16.60  85.480841  69.764332 15.080
 59     0.964 54286.61289284 17.06  85.476521  69.767332 15.080
 59     1.023 54286.61289348 16.42  85.472189  69.770329 26.631
 59     1.104 54286.61289413 17.23  85.467859  69.773319 26.631
 59     1.096 54286.61289477 18.39  85.463529  69.776319 26.631
 59     1.476 54286.61289542 17.93  85.459199  69.779309 26.631
 59    14.116 54286.61289606 20.02  85.454869  69.782309 26.631
 60     0.034 54321.61288329 33.55  85.518837  69.736359 23.666
 60     0.108 54321.61288393 32.26  85.514517  69.739359 23.666
 60     0.118 54321.61288458 28.60  85.510197  69.742349 23.666
 60     0.014 54321.61288522 24.95  85.505887  69.745349 23.666
 60    -0.131 54321.61288587 22.18  85.501567  69.748349 23.666
 60    -0.320 54321.61288651 20.19  85.497247  69.751339 23.666
 60    -0.717 54321.61288716 21.84  85.492917  69.754339 23.666
 60    -1.029 54321.61288780 22.29  85.488597  69.757329 23.666
 60    -1.138 54321.61288845 21.46  85.484277  69.760329 23.666
 60    -0.996 54321.61288909 22.46  85.479947  69.763319 23.666
 60    -0.604 54321.61288973 22.18  85.475627  69.766319 23.666
 60    -0.487 54321.61289038 23.18  85.471297  69.769315 29.764
 60    -0.372 54321.61289102 23.84  85.466967  69.772305 29.764
 60    -0.228 54321.61289167 22.28  85.462637  69.775305 29.764
 60    -0.049 54321.61289231 21.78  85.458307  69.778305 29.764
 60    13.690 54321.61289296 19.91  85.453977  69.781295 29.764
 61     9.596 54356.61284091 25.48  85.547834  69.727211  9.178
 61     9.799 54356.61284155 20.08  85.543524  69.730201  9.178
 61     9.986 54356.61284220 17.84  85.539214  69.733201  9.178
 61    10.028 54356.61284284 17.00  85.534894  69.736201  9.178
 61     9.719 54356.61284349 16.43  85.530584  69.739201  9.178
 61     9.401 54356.61284413 15.54  85.526274  69.742191  9.178
 61     8.909 54356.61284478 15.32  85.521954  69.745191  9.178
 61     8.014 54356.61284542 17.12  85.517644  69.748181  9.178
 61     5.955 54356.61284607 17.55  85.513324  69.751181  9.178
 61    -0.190 54356.61284671 19.87  85.509004  69.754181  9.178
 61     0.501 54356.61284736 18.99  85.504684  69.757171  9.178
 61     0.669 54356.61284800 18.03  85.500364  69.760171  9.178
 61     0.357 54356.61284865 19.70  85.496034  69.763171  9.178
 61     0.379 54356.61284929 19.70  85.491714  69.766161  9.178
 61     0.744 54356.61284994 19.16  85.487384  69.769161  9.178
 61     0.760 54356.61285058 19.88  85.483064  69.772151  9.178
 61    20.262 54356.61285122 21.01  85.478738  69.775152 27.056
 61     0.928 54356.61285187 24.70  85.474408  69.778142 27.056
 61     1.163 54356.61285251 31.25  85.470078  69.781142 27.056
 62     0.226 54391.61282441 36.39  85.512764  69.738519  8.357
 62     4.089 54391.61282505 25.78  85.508444  69.741519  8.357
 62     7.742 54391.61282570 22.46  85.504124  69.744509  8.357
 62     6.925 54391.61282634 22.31  85.499804  69.747509  8.357
 62     6.645 54391.61282699 21.53  85.495484  69.750499  8.357
 62     5.886 54391.61282763 20.88  85.491164  69.753499  8.357
 62     2.789 54391.61282828 21.20  85.486834  69.756499  8.357
 62     2.451 54391.61282892 20.49  85.482514  69.759489  8.357
 62    18.367 54391.61282957 19.64  85.478184  69.762489  8.357
 62    19.942 54391.61283021 19.10  85.473864  69.765479  8.357
 62    32.337 54391.61283215 18.49  85.460874  69.774469  8.357
 62    32.324 54391.61283279 20.29  85.456543  69.777458 16.795
 62    32.131 54391.61283343 21.89  85.452213  69.780458 16.795
 63    48.174 54426.61279256  1.26  85.528673  69.733620  2.612
 63    48.951 54426.61279321  2.18  85.524363  69.736620  2.612
 63    50.570 54426.61279385  1.68  85.520043  69.739610  2.612
 63    51.932 54426.61279450  1.23  85.515733  69.742610  2.612
 63    53.436 54426.61279514  1.50  85.511413  69.745610  2.612
 63    54.445 54426.61279579  1.16  85.507093  69.748600  2.612
 63    55.106 54426.61279643  1.03  85.502773  69.751600  2.612
 63    58.720 54426.61279708  0.67  85.498453  69.754590  2.612
 63    59.480 54426.61279772  0.52  85.494133  69.757590  2.612
 63    60.948 54426.61279836  0.57  85.489813  69.760590  2.612
 63    56.611 54426.61279901  1.88  85.485483  69.763580  2.612
 63    56.450 54426.61279965  2.08  85.481153  69.766580  2.612
 63    63.913 54426.61280030  1.58  85.476833  69.769570  2.612
 63    63.898 54426.61280094  1.96  85.472503  69.772570  2.612
 63    57.729 54426.61280159  1.86  85.468173  69.775560  2.612
 63    58.990 54426.61280223  1.54  85.463843  69.778560  2.612
 63    58.255 54426.61280288  2.30  85.459509  69.781551  4.405
 64    56.164 54461.61280966  0.29  85.452618  69.775053  3.275
 64    56.371 54461.61281031  0.86  85.448288  69.778053  3.275
 64    59.129 54461.61281095  1.29  85.443958  69.781043  3.275
 64    59.383 54461.61281160  1.35  85.439618  69.784043  3.275
 68    50.004 54601.61281062  0.06  85.507523  69.740262  3.284
 68    61.032 54601.61281965  0.43  85.446964  69.782200  2.765
 69    10.155 54636.61282120 27.59  85.516805  69.736082 22.932
 69     9.996 54636.61282184 23.77  85.512495  69.739082 22.932
 69     9.863 54636.61282249 21.58  85.508175  69.742072 22.932
 69     9.754 54636.61282313 18.38  85.503855  69.745072 22.932
 69     9.300 54636.61282377 17.78  85.499535  69.748072 22.932
 69     8.526 54636.61282442 17.32  85.495217  69.751060  8.242
 69     7.790 54636.61282506 16.69  85.490897  69.754060  8.242
 69     7.090 54636.61282571 15.88  85.486577  69.757060  8.242
 69     6.559 54636.61282635 15.51  85.482247  69.760050  8.242
 69     3.891 54636.61282700 14.97  85.477927  69.763050  8.242
 69    36.302 54636.61282893 12.95  85.464947  69.772030  8.242
 69    36.499 54636.61282958 12.64  85.460617  69.775030  8.242
 69    40.594 54636.61283022 12.84  85.456287  69.778020  8.242
 69    36.874 54636.61283087 14.60  85.451947  69.781020  8.242
 69    23.608 54636.61283151 21.92  85.447617  69.784010  8.242
 70    10.144 54671.61282469 26.91  85.520553  69.735418 25.326
 70     9.900 54671.61282534 24.26  85.516233  69.738408 25.326
 70     9.694 54671.61282598 19.18  85.511913  69.741408 25.326
 70     9.371 54671.61282663 19.58  85.507603  69.744398 25.326
 70     8.860 54671.61282727 19.32  85.503283  69.747398 25.326
 70     6.392 54671.61282792 20.53  85.498963  69.750398 25.326
 70    -0.079 54671.61282856 21.02  85.494645  69.753386 16.916
 70     0.184 54671.61282921 19.27  85.490315  69.756386 16.916
 70    -0.871 54671.61282985 21.46  85.485995  69.759376 16.916
 70    -0.845 54671.61283050 21.13  85.481675  69.762376 16.916
 70    -0.317 54671.61283114 21.42  85.477345  69.765376 16.916
 70    -0.236 54671.61283179 22.18  85.473015  69.768366 16.916
 70    -0.032 54671.61283243 21.72  85.468695  69.771366 16.916
 70     0.092 54671.61283308 23.10  85.464365  69.774356 16.916
 70     0.375 54671.61283372 19.43  85.460035  69.777356 16.916
 71     7.568 54706.61278407 28.61  85.535759  69.731639 27.006
 71    -0.103 54706.61278471 33.17  85.531449  69.734639 27.006
 71    -0.162 54706.61278536 31.15  85.527139  69.737629 27.006
 71    -0.201 54706.61278600 29.44  85.522819  69.740629 27.006
 71    -0.234 54706.61278665 26.72  85.518509  69.743629 27.006
 71    -0.401 54706.61278729 24.67  85.514189  69.746619 27.006
 71    -0.570 54706.61278794 20.06  85.509869  69.749619 27.006
 71    -0.763 54706.61278858 20.13  85.505549  69.752609 27.006
 71    -1.049 54706.61278923 20.49  85.501229  69.755609 27.006
 71    -1.370 54706.61278987 21.83  85.496909  69.758599 27.006
 71    -1.175 54706.61279051 23.94  85.492588  69.761596 18.277
 71    -0.611 54706.61279116 23.17  85.488258  69.764596 18.277
 71    -0.239 54706.61279180 22.42  85.483938  69.767596 18.277
 71    -0.199 54706.61279245 22.25  85.479608  69.770586 18.277
 71    -0.178 54706.61279309 25.40  85.475278  69.773586 18.277
 71    -0.199 54706.61279374 21.88  85.470948  69.776576 18.277
 71    -0.222 54706.61279438 19.34  85.466618  69.779576 18.277
 72     9.718 54741.61279037 27.95  85.504966  69.740371 27.750
 72     9.625 54741.61279102 25.67  85.500646  69.743371 27.750
 72     9.425 54741.61279166 23.16  85.496326  69.746361 27.750
 72     6.705 54741.61279231 22.95  85.492008  69.749357 15.667
 72    -0.169 54741.61279295 23.00  85.487678  69.752357 15.667
 72    -0.284 54741.61279360 21.01  85.483358  69.755357 15.667
 72    -0.010 54741.61279424 19.15  85.479038  69.758347 15.667
 72    -0.643 54741.61279489 21.92  85.474708  69.761347 15.667
 72    -0.591 54741.61279553 19.00  85.470378  69.764337 15.667
 72    -0.181 54741.61279618 18.57  85.466058  69.767337 15.667
 72    -0.250 54741.61279682 18.26  85.461728  69.770327 15.667
 72    -0.027 54741.61279746 16.51  85.457398  69.773327 15.667
 72     3.429 54741.61279811 16.41  85.453068  69.776317 15.667
 72    23.534 54741.61279875 15.22  85.448728  69.779317 15.667
 72    22.956 54741.61279940 16.38  85.444398  69.782307 15.667
 73     0.413 54776.61276536 22.91  85.531118  69.732406  6.130
 73     0.743 54776.61276600 24.13  85.526808  69.735396  6.130
 73     0.513 54776.61276665 24.10  85.522488  69.738396  6.130
 73     0.483 54776.61276729 24.46  85.518178  69.741386  6.130
 73     0.380 54776.61276794 26.75  85.513858  69.744386  6.130
 73     0.443 54776.61276858 26.18  85.509538  69.747386  6.130
 73     0.403 54776.61276923 27.36  85.505228  69.750376  6.130
 73     0.367 54776.61276987 28.62  85.500898  69.753376  6.130
 73     0.413 54776.61277052 27.10  85.496578  69.756366  6.130
 73     0.492 54776.61277116 26.21  85.492258  69.759369  5.303
 73     0.531 54776.61277181 27.49  85.487938  69.762359  5.303
 73     0.420 54776.61277245 26.80  85.483608  69.765359  5.303
 73     0.424 54776.61277310 27.97  85.479288  69.768349  5.303
 73     0.435 54776.61277374 27.39  85.474958  69.771349  5.303
 73     0.428 54776.61277439 26.17  85.470628  69.774339  5.303
 73     0.122 54776.61277503 24.33  85.466298  69.777339  5.303
 73     0.067 54776.61277567 21.00  85.461968  69.780329  5.303
 73    -0.158 54776.61277632 20.15  85.457638  69.783329  5.303
 74     4.227 54811.61278478 16.47  85.493403  69.743675  3.378
 74     3.915 54811.61278542 16.56  85.489083  69.746665  3.378
 74     2.717 54811.61278606 17.12  85.484763  69.749665  3.378
 74     3.206 54811.61278671 17.16  85.480433  69.752655  3.378
 74     3.014 54811.61278735 16.93  85.476113  69.755655  3.378
 74     0.338 54811.61278800 17.37  85.471783  69.758645  3.378
 74     0.013 54811.61278864 17.41  85.467463  69.761645  3.378
 74     0.922 54811.61278929 17.33  85.463133  69.764635  3.378
 74     0.218 54811.61278993 16.94  85.458803  69.767635  3.378
 74     0.340 54811.61279058 16.59  85.454473  69.770625  3.378
 74     0.102 54811.61279122 16.46  85.450148  69.773620  2.602
 74    -0.004 54811.61279187 15.20  85.445808  69.776620  2.602
 74    -0.135 54811.61279251 14.18  85.441478  69.779610  2.602
 75    47.627 54846.61276566  3.47  85.530594  69.733090  2.280
 75    49.181 54846.61276630  3.80  85.526284  69.736090  2.280
 75    50.605 54846.61276695  3.64  85.521964  69.739090  2.280
 75    52.362 54846.61276759  3.38  85.517654  69.742080  2.280
 75    53.368 54846.61276824  3.34  85.513334  69.745080  2.280
 75    55.033 54846.61276888  2.86  85.509014  69.748070  2.280
 75    55.560 54846.61276953  2.40  85.504694  69.751070  2.280
 75    58.126 54846.61277017  2.44  85.500374  69.754070  2.280
 75    60.096 54846.61277082  2.70  85.496054  69.757058  2.881
 75    61.765 54846.61277146  2.22  85.491734  69.760058  2.881
 75    61.166 54846.61277211  3.13  85.487414  69.763058  2.881
 75    62.638 54846.61277275  3.17  85.483084  69.766048  2.881
 75    57.776 54846.61277340  3.46  85.478754  69.769048  2.881
 75    57.861 54846.61277404  3.97  85.474434  69.772038  2.881
 75    58.045 54846.61277468  4.46  85.470104  69.775038  2.881
 75    58.750 54846.61277533  4.23  85.465774  69.778028  2.881
 75    65.808 54846.61277597  3.71  85.461444  69.781028  2.881
 76    49.963 54881.61278724  1.37  85.503293  69.741253  2.278
 76    51.008 54881.61278788  1.09  85.498973  69.744243  2.278
 76    52.009 54881.61278853  0.91  85.494656  69.747248  2.917
 76    54.432 54881.61278917  0.52  85.490336  69.750238  2.917
 76    55.762 54881.61278982  0.61  85.486006  69.753238  2.917
 76    56.637 54881.61279046  0.71  85.481686  69.756228  2.917
 76    56.170 54881.61279111  1.03  85.477366  69.759228  2.917
 76    56.780 54881.61279175  1.84  85.473036  69.762218  2.917
 76    59.905 54881.61279240  1.65  85.468706  69.765218  2.917
 76    60.782 54881.61279304  1.74  85.464386  69.768208  2.917
 76    59.863 54881.61279369  2.06  85.460056  69.771208  2.917
 76    61.863 54881.61279433  1.55  85.455726  69.774198  2.917
 76    62.117 54881.61279498  1.48  85.451386  69.777198  2.917
 76    58.360 54881.61279562  2.42  85.447056  69.780188  2.917
 76    58.397 54881.61279627  2.47  85.442726  69.783188  2.917
 77    50.026 54916.61276820  0.61  85.538301  69.731109  1.957
 77    49.876 54916.61276885  0.60  85.533991  69.734109  1.957
 77    50.881 54916.61276949  1.03  85.529681  69.737109  1.957
 77    51.932 54916.61277014  1.02  85.525371  69.740109  1.957
 77    53.354 54916.61277078  0.46  85.521051  69.743099  1.957
 77    54.602 54916.61277143  0.50  85.516741  69.746099  1.957
 77    56.425 54916.61277207  0.15  85.512421  69.749089  1.957
 77    59.137 54916.61277272  0.11  85.508101  69.752089  1.957
 77    60.634 54916.61277336  0.61  85.503781  69.755089  1.957
 77    63.802 54916.61277465  0.00  85.495138  69.761078  2.764
 77    64.793 54916.61277530  0.05  85.490818  69.764078  2.764
 77    65.009 54916.61277594  0.34  85.486498  69.767068  2.764
 77    65.555 54916.61277658  1.38  85.482168  69.770068  2.764
 77    66.703 54916.61277723  0.87  85.477838  69.773058  2.764
 77    65.626 54916.61277787  1.50  85.473518  69.776058  2.764
 77    66.279 54916.61277852  1.30  85.469188  69.779048  2.764
 77    67.055 54916.61277916  0.80  85.464858  69.782048  2.764
 78     8.999 54951.61278077  8.00  85.505533  69.740485  2.457
 78     8.130 54951.61278141  8.10  85.501213  69.743485  2.457
 78     7.347 54951.61278205  8.62  85.496893  69.746475  2.457
 78     6.172 54951.61278270  8.53  85.492570  69.749472  2.221
 78     4.263 54951.61278334  8.92  85.488250  69.752472  2.221
 78     3.601 54951.61278399  9.10  85.483930  69.755472  2.221
 78     2.801 54951.61278463  8.88  85.479600  69.758462  2.221
 78     2.857 54951.61278528  8.43  85.475280  69.761462  2.221
 78     1.598 54951.61278592  8.12  85.470950  69.764452  2.221
 78     1.363 54951.61278657  7.94  85.466630  69.767452  2.221
 78     1.211 54951.61278721  8.00  85.462300  69.770442  2.221
 78     2.510 54951.61278786  6.94  85.457970  69.773442  2.221
 78     3.279 54951.61278850  6.76  85.453640  69.776432  2.221
 78     2.737 54951.61278915  6.95  85.449300  69.779432  2.221
 78    23.987 54951.61278979  6.49  85.444970  69.782422  2.221
 79     6.581 54986.61280498 39.52  85.506929  69.739317 25.982
 79     6.597 54986.61280563 35.52  85.502619  69.742317 25.982
 79     6.461 54986.61280627 30.01  85.498299  69.745317 25.982
 79     6.530 54986.61280691 31.53  85.493978  69.748306 24.454
 79     6.505 54986.61280756 33.07  85.489658  69.751306 24.454
 79     6.456 54986.61280820 32.00  85.485328  69.754306 24.454
 79     6.526 54986.61280885 32.91  85.481008  69.757296 24.454
 79     6.487 54986.61280949 33.76  85.476688  69.760296 24.454
 79     6.507 54986.61281014 33.55  85.472358  69.763286 24.454
 79     6.566 54986.61281078 32.02  85.468028  69.766286 24.454
 79     6.601 54986.61281143 34.58  85.463708  69.769276 24.454
 79     6.591 54986.61281207 38.71  85.459378  69.772276 24.454
 79     6.595 54986.61281272 35.33  85.455048  69.775266 24.454
 79     6.464 54986.61281336 30.67  85.450708  69.778266 24.454
 79     6.471 54986.61281401 30.45  85.446378  69.781256 24.454
 79     6.448 54986.61281465 32.58  85.442048  69.784256 24.454
 80     0.855 55021.61279645 43.87  85.523408  69.735257 16.003
 80     0.722 55021.61279710 42.16  85.519088  69.738257 16.003
 80     0.656 55021.61279774 42.25  85.514778  69.741257 16.003
 80     0.623 55021.61279839 42.76  85.510458  69.744247 16.003
 80     0.622 55021.61279903 43.32  85.506138  69.747247 16.003
 80     0.625 55021.61279968 42.68  85.501818  69.750237 16.003
 80     0.564 55021.61280032 43.40  85.497502  69.753234  9.170
 80     0.516 55021.61280097 41.23  85.493172  69.756234  9.170
 80     0.593 55021.61280161 41.40  85.488852  69.759234  9.170
 80     0.500 55021.61280226 40.12  85.484532  69.762224  9.170
 80     0.515 55021.61280290 39.66  85.480202  69.765224  9.170
 80     0.544 55021.61280354 38.05  85.475872  69.768214  9.170
 80     0.477 55021.61280419 37.76  85.471552  69.771214  9.170
 80     0.462 55021.61280483 35.53  85.467222  69.774204  9.170
 80     0.396 55021.61280548 35.25  85.462892  69.777204  9.170
 80     0.370 55021.61280612 34.50  85.458562  69.780194  9.170
 80    13.873 55021.61280677 33.73  85.454222  69.783194  9.170
 81     9.407 55056.61279298 32.14  85.525365  69.733969 27.226
 81     0.023 55056.61279362 30.94  85.521045  69.736969 27.226
 81     0.177 55056.61279427 28.05  85.516735  69.739959 27.226
 81     0.019 55056.61279491 26.12  85.512415  69.742959 27.226
 81    -0.095 55056.61279555 24.46  85.508095  69.745949 27.226
 81    -0.342 55056.61279620 23.73  85.503775  69.748949 27.226
 81    -0.512 55056.61279684 20.83  85.499455  69.751949 27.226
 81    -0.514 55056.61279749 19.97  85.495137  69.754937 15.445
 81    -0.293 55056.61279813 18.68  85.490817  69.757937 15.445
 81    -0.685 55056.61279878 18.28  85.486497  69.760937 15.445
 81    -0.215 55056.61279942 17.15  85.482167  69.763927 15.445
 81    -0.364 55056.61280007 17.72  85.477837  69.766927 15.445
 81    -0.084 55056.61280071 16.31  85.473517  69.769917 15.445
 81    -0.434 55056.61280136 17.35  85.469187  69.772917 15.445
 81    -0.380 55056.61280200 16.25  85.464857  69.775907 15.445
 81    24.089 55056.61280329 16.56  85.456197  69.781897 15.445
 82     9.464 55091.61274920 23.27  85.538954  69.730609 18.035
 82     0.275 55091.61274985 26.88  85.534634  69.733609 18.035
 82     0.106 55091.61275049 27.07  85.530324  69.736609 18.035
 82     0.042 55091.61275114 25.63  85.526014  69.739599 18.035
 82    -0.059 55091.61275178 23.43  85.521694  69.742599 18.035
 82    -0.110 55091.61275242 22.08  85.517384  69.745599 18.035
 82    -0.274 55091.61275307 19.90  85.513064  69.748589 18.035
 82    -0.529 55091.61275371 21.17  85.508744  69.751589 18.035
 82    -0.958 55091.61275436 21.31  85.504424  69.754579 18.035
 82    -1.062 55091.61275500 21.21  85.500104  69.757579 18.035
 82    -0.763 55091.61275565 21.72  85.495784  69.760579 18.035
 82    -0.354 55091.61275629 20.14  85.491460  69.763567 13.830
 82    -0.094 55091.61275694 19.88  85.487130  69.766567 13.830
 82     0.037 55091.61275758 20.83  85.482810  69.769567 13.830
 82     0.144 55091.61275887 21.94  85.474150  69.775557 13.830
 82     0.324 55091.61275952 19.53  85.469820  69.778547 13.830
 83     0.549 55126.61273357 28.34  85.508997  69.739747  6.770
 83     1.235 55126.61273421 24.42  85.504687  69.742747  6.770
 83     6.844 55126.61273486 19.59  85.500367  69.745737  6.770
 83     3.843 55126.61273550 19.19  85.496045  69.748732  9.969
 83     3.591 55126.61273615 18.74  85.491725  69.751732  9.969
 83     5.277 55126.61273679 18.45  85.487395  69.754732  9.969
 83     4.058 55126.61273744 19.14  85.483075  69.757722  9.969
 83     2.728 55126.61273808 18.87  85.478755  69.760722  9.969
 83     1.681 55126.61273873 19.63  85.474425  69.763712  9.969
 83     1.156 55126.61273937 18.72  85.470095  69.766712  9.969
 83    31.756 55126.61274131 19.83  85.457115  69.775692  9.969
 83    27.053 55126.61274195 20.74  85.452775  69.778692  9.969
 83     0.213 55126.61274260 26.45  85.448445  69.781682  9.969
 84     3.652 55161.61271169 15.44  85.525097  69.735305  2.997
 84     2.607 55161.61271233 16.26  85.520777  69.738305  2.997
 84     3.100 55161.61271298 16.13  85.516467  69.741295  2.997
 84     3.171 55161.61271362 16.59  85.512147  69.744295  2.997
 84    -0.434 55161.61271427 17.52  85.507827  69.747295  2.997
 84     2.302 55161.61271491 17.26  85.503517  69.750285  2.997
 84     1.814 55161.61271556 17.16  85.499187  69.753285  2.997
 84     1.344 55161.61271620 17.27  85.494867  69.756275  2.997
 84     0.883 55161.61271685 17.17  85.490546  69.759279  2.664
 84     0.558 55161.61271749 17.10  85.486226  69.762269  2.664
 84    -0.232 55161.61271813 16.67  85.481896  69.765269  2.664
 84    -0.437 55161.61271878 16.61  85.477576  69.768259  2.664
 84    -0.544 55161.61271942 16.09  85.473246  69.771259  2.664
 84    -0.529 55161.61272007 16.35  85.468916  69.774249  2.664
 84    -0.443 55161.61272071 15.47  85.464586  69.777249  2.664
 84     0.514 55161.61272136 15.25  85.460256  69.780239  2.664
 85     4.223 55196.61272557 12.92  85.495030  69.743853  2.495
 85     3.767 55196.61272622 13.39  85.490708  69.746858  2.760
 85     3.651 55196.61272686 13.28  85.486388  69.749848  2.760
 85     3.478 55196.61272750 14.24  85.482068  69.752848  2.760
 85     3.085 55196.61272815 13.90  85.477738  69.755838  2.760
 85     2.320 55196.61272879 14.00  85.473418  69.758838  2.760
 85     1.620 55196.61272944 14.53  85.469088  69.761828  2.760
 85     1.095 55196.61273008 14.23  85.464758  69.764828  2.760
 85     0.517 55196.61273073 14.33  85.460438  69.767818  2.760
 85    -0.042 55196.61273137 13.73  85.456108  69.770818  2.760
 85    -0.281 55196.61273202 13.46  85.451778  69.773808  2.760
 85    20.406 55196.61273266 12.92  85.447438  69.776808  2.760
 85    23.334 55196.61273331 12.61  85.443108  69.779798  2.760
 85    24.292 55196.61273395 11.78  85.438778  69.782798  2.760
 86    48.322 55231.61271390  1.45  85.537562  69.730622  2.153
 86    48.996 55231.61271455  1.87  85.533252  69.733612  2.153
 86    50.204 55231.61271519  2.32  85.528942  69.736612  2.153
 86    51.427 55231.61271584  2.31  85.524632  69.739612  2.153
 86    52.765 55231.61271648  1.68  85.520312  69.742602  2.153
 86    53.885 55231.61271713  1.56  85.516002  69.745602  2.153
 86    55.735 55231.61271777  1.55  85.511682  69.748602  2.153
 86    60.428 55231.61271842  1.28  85.507362  69.751592  2.153
 86    60.379 55231.61271906  1.21  85.503042  69.754592  2.153
 86    61.296 55231.61271971  1.31  85.498722  69.757582  2.153
 86    62.757 55231.61272035  0.78  85.494401  69.760588  2.940
 86    63.512 55231.61272100  1.19  85.490071  69.763578  2.940
 86    64.759 55231.61272164  1.23  85.485751  69.766578  2.940
 86    64.865 55231.61272228  2.27  85.481421  69.769568  2.940
 86    66.256 55231.61272293  2.13  85.477101  69.772568  2.940
 86    66.299 55231.61272357  2.81  85.472771  69.775558  2.940
 86    66.025 55231.61272422  2.57  85.468441  69.778558  2.940
 86    66.752 55231.61272486  2.12  85.464111  69.781548  2.940
 87    49.275 55266.61271902  0.50  85.511480  69.738445  2.258
 87    50.227 55266.61271967  0.52  85.507160  69.741445  2.258
 87    51.790 55266.61272031  0.01  85.502840  69.744435  2.258
 87    52.936 55266.61272096  0.01  85.498521  69.747431  2.713
 87    56.633 55266.61272225  0.46  85.489881  69.753431  2.713
 87    62.357 55266.61272547  0.48  85.468251  69.768401  2.713
 87    62.830 55266.61272611  0.68  85.463931  69.771401  2.713
 87    64.156 55266.61272676  0.79  85.459591  69.774391  2.713
 87    62.967 55266.61272740  0.90  85.455261  69.777391  2.713
 87    63.219 55266.61272805  1.03  85.450931  69.780381  2.713
 87    62.655 55266.61272869  1.38  85.446601  69.783381  2.713
 88    48.741 55301.61269485  0.29  85.542867  69.729727  1.982
 88    49.850 55301.61269550  0.18  85.538547  69.732727  1.982
 88    50.645 55301.61269614  0.87  85.534237  69.735727  1.982
 88    51.700 55301.61269679  0.80  85.529927  69.738717  1.982
 88    53.702 55301.61269743  0.20  85.525607  69.741717  1.982
 88    56.456 55301.61269808  0.39  85.521297  69.744717  1.982
 88    60.646 55301.61270001  0.00  85.508337  69.753697  1.982
 88    63.125 55301.61270065  0.02  85.504017  69.756697  1.982
 88    66.497 55301.61270323  0.08  85.486723  69.768686  2.917
 88    67.014 55301.61270388  0.86  85.482403  69.771676  2.917
 88    67.490 55301.61270452  1.08  85.478073  69.774676  2.917
 88    67.766 55301.61270517  1.12  85.473743  69.777666  2.917
 88    67.914 55301.61270581  0.54  85.469413  69.780666  2.917
 89     1.251 55336.61269370 30.59  85.519126  69.736677 25.119
 89     1.238 55336.61269434 29.04  85.514816  69.739667 25.119
 89     1.243 55336.61269499 25.66  85.510496  69.742667 25.119
 89     1.160 55336.61269563 26.11  85.506176  69.745657 25.119
 89     1.006 55336.61269627 23.57  85.501856  69.748657 25.119
 89     0.749 55336.61269692 21.64  85.497536  69.751657 25.119
 89     0.627 55336.61269756 20.49  85.493215  69.754645 13.254
 89     0.354 55336.61269821 19.63  85.488895  69.757645 13.254
 89    -0.034 55336.61269885 18.71  85.484575  69.760645 13.254
 89     1.332 55336.61269950 17.89  85.480245  69.763635 13.254
 89     1.212 55336.61270014 16.92  85.475915  69.766635 13.254
 89     0.860 55336.61270079 16.79  85.471595  69.769625 13.254
 89     0.951 55336.61270143 16.65  85.467265  69.772625 13.254
 89     1.077 55336.61270208 18.50  85.462935  69.775615 13.254
 89     1.184 55336.61270272 20.85  85.458605  69.778615 13.254
 89     1.270 55336.61270337 26.40  85.454275  69.781605 13.254
 90    10.214 55371.61268320 28.29  85.523109  69.734958 20.795
 90    10.026 55371.61268384 26.18  85.518789  69.737948 20.795
 90     9.811 55371.61268449 22.32  85.514479  69.740948 20.795
 90     9.646 55371.61268513 17.77  85.510159  69.743948 20.795
 90     9.426 55371.61268578 16.53  85.505839  69.746938 20.795
 90     9.055 55371.61268642 15.18  85.501519  69.749938 20.795
 90     8.489 55371.61268707 14.58  85.497199  69.752928 20.795
 90     7.398 55371.61268771 14.98  85.492881  69.755933 15.022
 90     6.368 55371.61268836 15.02  85.488551  69.758923 15.022
 90     5.269 55371.61268900 13.97  85.484231  69.761923 15.022
 90    18.864 55371.61268965 14.09  85.479901  69.764913 15.022
 90    36.831 55371.61269158 12.10  85.466921  69.773903 15.022
 90    36.727 55371.61269222 11.79  85.462591  69.776893 15.022
 90    36.847 55371.61269287 13.53  85.458261  69.779893 15.022
 90    13.620 55371.61269351 27.07  85.453931  69.782883 15.022
 91    10.023 55406.61270381 26.30  85.508877  69.738607 19.022
 91     9.805 55406.61270446 24.92  85.504557  69.741597 19.022
 91     9.832 55406.61270510 18.95  85.500237  69.744597 19.022
 91     9.710 55406.61270575 17.10  85.495917  69.747587 19.022
 91     9.014 55406.61270639 14.84  85.491600  69.750592 10.977
 91     8.349 55406.61270704 13.58  85.487280  69.753582 10.977
 91     7.386 55406.61270768 14.26  85.482950  69.756582 10.977
 91     7.257 55406.61270832 13.66  85.478630  69.759572 10.977
 91     9.686 55406.61270897 13.65  85.474300  69.762572 10.977
 91    35.346 55406.61271090 13.08  85.461320  69.771552 10.977
 91    35.714 55406.61271155 13.03  85.456990  69.774552 10.977
 91    36.238 55406.61271219 12.59  85.452660  69.777542 10.977
 91    21.634 55406.61271284 16.15  85.448320  69.780542 10.977
 91    23.938 55406.61271348 16.55  85.443990  69.783532 10.977
 92    10.100 55441.61270224 26.05  85.525231  69.734753 16.077
 92     9.950 55441.61270288 21.81  85.520911  69.737753 16.077
 92     9.763 55441.61270353 19.17  85.516601  69.740743 16.077
 92     9.521 55441.61270417 15.81  85.512281  69.743743 16.077
 92     9.227 55441.61270482 14.74  85.507961  69.746733 16.077
 92     8.987 55441.61270546 13.38  85.503641  69.749733 16.077
 92     8.105 55441.61270611 14.04  85.499321  69.752733 16.077
 92     7.789 55441.61270675 12.71  85.494998  69.755721  5.650
 92     6.275 55441.61270740 12.67  85.490678  69.758721  5.650
 92    18.013 55441.61270804 12.10  85.486358  69.761711  5.650
 92    19.033 55441.61270868 11.58  85.482028  69.764711  5.650
 92    35.465 55441.61270933 11.65  85.477698  69.767711  5.650
 92    36.055 55441.61270997 11.05  85.473378  69.770701  5.650
 92    36.591 55441.61271062 10.72  85.469048  69.773701  5.650
 92    36.924 55441.61271126  9.95  85.464718  69.776691  5.650
 92    36.192 55441.61271191 10.67  85.460388  69.779691  5.650
 92    18.402 55441.61271255 16.42  85.456058  69.782681  5.650
 93     9.134 55476.61264192 28.96  85.551156  69.725531  8.482
 93     9.250 55476.61264257 23.18  85.546856  69.728521  8.482
 93     8.902 55476.61264321 21.86  85.542546  69.731521  8.482
 93     9.211 55476.61264386 21.49  85.538226  69.734521  8.482
 93     9.184 55476.61264450 20.84  85.533916  69.737521  8.482
 93     5.955 55476.61264515 22.38  85.529606  69.740511  8.482
 93     5.467 55476.61264579 22.39  85.525286  69.743511  8.482
 93     6.923 55476.61264644 21.10  85.520976  69.746501  8.482
 93     5.805 55476.61264708 21.31  85.516656  69.749501  8.482
 93     5.124 55476.61264773 21.09  85.512336  69.752501  8.482
 93     4.599 55476.61264837 19.92  85.508016  69.755491  8.482
 93     1.271 55476.61264902 20.09  85.503696  69.758491  8.482
 93     4.508 55476.61264966 19.19  85.499376  69.761481  8.482
 93    33.218 55476.61265224 20.08  85.482077  69.773467 12.450
 93    33.531 55476.61265288 20.23  85.477747  69.776467 12.450
 93    33.701 55476.61265353 19.56  85.473417  69.779457 12.450
