# NaN NaN NaN ;Mean Elev.(m), Avg Gradient(m/km), RMS Gradient(m/km) - SRTM1     
#   -8.586  -2.470   8.517 ;Mean Elev.(m), Avg Gradient(m/km), RMS Gradient(m/km) - ASTER GDEM
#    1.258  -3.029   6.291 ;Mean Elev.(m), Avg Gradient(m/km), RMS Gradient(m/km) - GMTED2010 
  6  86.739227  67.102795    17.124    16.184 11 52420.23335452 39.547
  7  86.741538  67.110835    19.826    20.776  9 52455.23337703 14.224
  8  86.737295  67.100908    19.865    20.131 11 52490.23335406 14.232
  9  86.720335  67.099584    18.172    17.959  7 52525.23333345 15.196
 10  86.747039  67.106678     1.368     1.570  3 52560.23338032 34.204
 11  86.742440  67.114992     9.825    11.332  7 52595.23338621 19.185
 12  86.745088  67.096748    22.971    29.696 11 52630.23332265 13.318
 14  86.747679  67.092869    34.052    32.513 11 52700.23332430 10.427
 15  86.737348  67.102988    27.218    30.343 12 52735.23335512  8.652
 16  86.728689  67.108614     0.856     0.820  6 52770.23334101 43.928
 17  86.744562  67.097072    25.199    24.497 11 52805.23338012 17.058
 18  86.744054  67.099068    20.115    20.147 11 52840.23344088 13.667
 19  86.735828  67.096645     1.168     1.092  8 52875.23348073 41.811
 20  86.736048  67.104296     1.830     1.507 10 52910.23344988 46.796
 21  86.753024  67.095537     0.831     0.892  7 52945.23339353 32.200
 23  86.742012  67.115373    13.941    13.969  7 53015.23343531 14.976
 24  86.746351  67.098742    12.026    12.273 11 53050.23341259 14.249
 25  86.719630  67.100491    13.531    13.249  7 53085.23344924 14.192
 26  86.741427  67.100483    10.052     9.596 11 53120.23341869 15.586
 27  86.737437  67.103834    15.186    14.600 10 53155.23347121 32.931
 28  86.741597  67.100794    21.082    20.990 11 53190.23346212 14.025
 29  86.732200  67.100297    20.417    18.408  9 53225.23347188 14.477
 30  86.727337  67.108857    18.212    18.925  6 53260.23344503 16.544
 31  86.738917  67.103998    14.820    14.624 12 53295.23347434 21.273
 32  86.740175  67.105137    15.669    16.065 11 53330.23344703 13.752
 35  86.740554  67.112155    21.720    25.617  9 53435.23341026  9.468
 36  86.740962  67.099458    36.106    35.980 11 53470.23345838  5.519
 38  86.736693  67.105078    19.578    19.709 10 53540.23349752 16.114
 39  86.716513  67.093716    15.916    15.496  3 53575.23349424 11.286
 40  86.715390  67.098527    17.344    16.679  7 53610.23344418 16.729
 41  86.743915  67.097318    25.403    26.372 11 53645.23344681 16.416
 42  86.738158  67.111591     1.935     2.070  4 53680.23346162 35.618
 43  86.739684  67.111640    16.885    22.707  9 53715.23338954 14.238
 44  86.747066  67.092364    36.463    36.077 11 53750.23330923  7.513
 45  86.737847  67.103161    26.368    25.646 12 53785.23333798  9.936
 46  86.727548  67.108777    19.700    19.779  8 53820.23329612  9.429
 47  86.740079  67.102234    30.297    31.704 12 53855.23338093  6.439
 48  86.742662  67.099334    15.949    15.916 11 53890.23339153 39.731
 49  86.721962  67.095643    17.877    17.645  5 53925.23345743 13.459
 50  86.729274  67.108434     7.155     7.155  2 53960.23344351 15.779
 51  86.763346  67.102713    30.263    30.263  2 53995.23337939 15.414
 52  86.744894  67.098134     1.112     1.150 11 54030.23343708 37.771
 53  86.738111  67.104067    21.674    21.465 10 54065.23343015 13.370
 55  86.744668  67.099524    35.601    34.832 11 54135.23335622  7.493
 57  86.742943  67.098312     1.348     1.330 11 54205.23336112 34.703
 58  86.738995  67.102872    16.123    16.098 11 54240.23339411 29.578
 59  86.735246  67.100618    18.572    18.666 11 54275.23341075 20.018
 61  86.731255  67.107576     2.964     2.957  8 54345.23338660 44.687
 62  86.744493  67.101571    16.988    16.812 11 54380.23334804 18.089
 63  86.728829  67.099778     1.854     1.837  9 54415.23333664 45.313
 65  86.739600  67.102404    26.153    24.985 12 54485.23333109  9.939
 66  86.742523  67.099177    33.809    32.088 11 54520.23332984  8.545
 67  86.732214  67.106362    29.393    29.702  8 54555.23334174  8.161
 68  86.742239  67.103445    32.952    33.594 11 54590.23332483  5.287
 69  86.737435  67.105380    19.571    19.787 10 54625.23334140 22.495
 70  86.737148  67.103362    19.150    18.833 10 54660.23335007 14.699
 71  86.721372  67.094150     2.748     2.744  4 54695.23333073 44.337
 72  86.741217  67.098683    16.371    17.855 11 54730.23330577 16.540
 73  86.737815  67.103268     8.059     7.188 12 54765.23330720 24.937
 75  86.733781  67.101103    15.487    14.589 11 54835.23329888 10.964
 77  86.729082  67.107076    19.778    19.535  8 54905.23330684 10.275
 78  86.741013  67.099576    35.979    36.472 11 54940.23328840  3.962
 79  86.739074  67.102743     7.488     7.390 12 54975.23331764 33.196
 80  86.728063  67.098370    18.893    18.447  7 55010.23333057 15.680
 81  86.738382  67.101842    15.433    17.090 11 55045.23332028 14.148
 82  86.716842  67.093992    14.907    14.101  4 55080.23329729 13.926
 83  86.743381  67.101849    23.354    22.801 11 55115.23325243 13.786
 84  86.736032  67.103787     9.077     8.146 10 55150.23325174 22.603
 85  86.742544  67.098404    29.027    30.508 11 55185.23323729 14.352
 86  86.741761  67.110830    21.440    25.355  9 55220.23324833 13.665
 87  86.743473  67.100402    36.986    38.328 11 55255.23323312  9.652
 88  86.730653  67.107715    20.566    20.747  8 55290.23323834 11.930
 89  86.743438  67.109193    33.491    36.280  8 55325.23321729  4.899
 90  86.729092  67.099244    19.972    19.700  9 55360.23321709 18.302
 91  86.741287  67.100379    25.027    24.947 11 55395.23322172 12.761
 92  86.739404  67.102402    20.818    20.821 11 55430.23323158 14.710
 93  86.744568  67.119951     2.378     2.480  5 55465.23319012 45.269
