# NaN NaN NaN ;Mean Elev.(m), Avg Gradient(m/km), RMS Gradient(m/km) - SRTM1     
#  -15.000  -2.485   9.023 ;Mean Elev.(m), Avg Gradient(m/km), RMS Gradient(m/km) - ASTER GDEM
#    2.200  -3.076   5.020 ;Mean Elev.(m), Avg Gradient(m/km), RMS Gradient(m/km) - GMTED2010 
  7  86.576338  66.580377     6.841     3.597  3 52472.62017529 18.590
  8  86.579049  66.585476     2.519     2.498  5 52507.62014914 20.552
 10  86.570082  66.582321     2.330     2.499  6 52577.62018221 38.475
 11  86.579546  66.585095    20.520    19.734  4 52612.62014664 18.524
 12  86.573541  66.581775    25.958    26.162  5 52647.62013008 16.352
 13  86.588527  66.585674    26.064    26.078  4 52682.62010302 12.765
 14  86.570176  66.581865    26.313    26.546  5 52717.62016072 12.753
 15  86.575446  66.582431    12.816     7.400  5 52752.62018573 15.214
 17  86.571008  66.576285     3.987     3.952  3 52822.62020242 22.999
 18  86.571506  66.581652     9.635    12.429  5 52857.62025024 18.017
 19  86.571885  66.583340     1.572     1.502  5 52892.62028250 16.948
 21  86.570245  66.582199     2.517     0.748  6 52962.62020680 24.322
 22  86.577196  66.577869    13.953    13.953  2 52997.62024654 17.361
 23  86.588728  66.582705    13.053    13.053  2 53032.62020407 17.295
 24  86.574242  66.583581    21.630    22.632  5 53067.62021625 14.812
 25  86.585309  66.586807    19.798    20.581  6 53102.62020791 14.109
 26  86.572331  66.583954     1.800     1.792  5 53137.62021970 11.284
 27  86.566242  66.586435    14.832    14.930  3 53172.62026608 49.220
 28  86.574729  66.584327     3.395     3.242  5 53207.62028036 17.375
 29  86.583328  66.585767     2.919     2.917  5 53242.62024801 18.175
 30  86.563270  66.578757    16.427    15.000  4 53277.62022157 17.842
 31  86.572328  66.581659     3.315     3.301  5 53312.62025517 37.614
 32  86.581844  66.583415    21.946    22.514  5 53347.62022096 11.498
 33  86.565233  66.580116    27.270    26.203  4 53382.62018606 11.080
 34  86.583275  66.584150    25.296    25.325  4 53417.62020000 13.216
 35  86.561719  66.580060    22.990    22.969  6 53452.62020122 11.650
 36  86.567855  66.580511    23.473    26.001  5 53487.62028643  9.819
 37  86.575538  66.586403    17.761    17.791  5 53522.62027761 39.290
 38  86.571380  66.583074     3.815     3.849  6 53557.62030241 26.797
 39  86.589275  66.588197     2.499     2.517  5 53592.62023982 42.358
 40  86.556319  66.577595     2.395     2.478  4 53627.62022956 17.690
 41  86.572709  66.579745    22.486    23.875  3 53662.62025449 22.251
 42  86.581133  66.585842     1.782     1.772  6 53697.62021967 21.686
 43  86.590857  66.587979     5.186     6.068  6 53732.62014235 19.560
 44  86.575501  66.583926    18.065    17.973  5 53767.62011900 16.545
 45  86.588776  66.585583    20.242    19.712  4 53802.62011825 15.420
 46  86.564383  66.579634    26.201    25.897  4 53837.62013063 13.127
 47  86.573400  66.582225     2.266     2.121  5 53872.62018251 43.958
 48  86.568335  66.582303    10.811    10.765  5 53907.62022387 17.208
 49  86.568822  66.581553     2.478     2.599  5 53942.62024992 23.958
 50  86.582718  66.586168     2.009     1.854  6 53977.62020300 35.571
 51  86.565777  66.577516    14.872    15.141  3 54012.62020925 19.479
 52  86.580643  66.582970    19.453    21.793  5 54047.62021999 17.315
 54  86.592306  66.585896    21.198    21.415  5 54117.62014408 14.736
 55  86.576611  66.581570    31.167    33.211  4 54152.62016548  9.533
 56  86.587271  66.587320    23.266    22.915  6 54187.62013807 11.500
 57  86.569781  66.582400     3.907     3.915  6 54222.62017574 20.065
 59  86.577495  66.582888    11.329    13.046  4 54292.62020011 18.824
 60  86.580694  66.585372     4.045     3.985  5 54327.62019639 23.535
 61  86.588770  66.587956     4.194     4.136  5 54362.62014583 20.637
 62  86.574811  66.583455     2.676     2.638  5 54397.62013597 41.678
 63  86.586679  66.586455     1.258     1.240  6 54432.62009521 25.215
 64  86.570938  66.583138     1.542     1.512  6 54467.62011783 24.060
 65  86.583390  66.585847     1.849     1.828  6 54502.62011049 21.875
 66  86.578688  66.584101    22.229    21.980  5 54537.62013334 13.163
 67  86.585917  66.587413    30.441    29.975  5 54572.62011222  9.766
 69  86.580131  66.582446    16.393    16.207  3 54642.62013506 13.053
 70  86.576160  66.582675     4.543     4.720  5 54677.62013714 37.748
 71  86.589021  66.586829     3.377     3.413  6 54712.62009127 46.897
 72  86.576211  66.579049     3.529     3.700  3 54747.62010520 37.064
 73  86.580553  66.585579     1.843     1.800  6 54782.62007756 29.042
 74  86.572270  66.582865     1.283     1.330  5 54817.62009877 22.181
 75  86.581621  66.585943    20.934    21.792  6 54852.62007513 14.863
 76  86.574357  66.583390    24.785    26.084  6 54887.62010313 12.345
 77  86.588800  66.586820    26.041    25.666  5 54922.62007546 12.718
 78  86.570483  66.582435     3.151     3.146  5 54957.62009986 19.080
 79  86.577160  66.580470    15.519    15.519  2 54992.62012198 19.706
 80  86.580506  66.584076     4.420     3.919  5 55027.62011294 21.735
 81  86.581914  66.580719     2.514     2.357  3 55062.62010494 41.373
 82  86.591974  66.585069    10.150    14.221  3 55097.62005285 17.616
 83  86.573145  66.582668     2.082     1.902  5 55132.62004882 46.020
 84  86.583549  66.585301    23.546    24.473  5 55167.62001539 18.609
 85  86.573679  66.581886    21.369    20.808  5 55202.62004116 15.120
 86  86.584490  66.585565    23.970    25.840  5 55237.62002271 13.178
 87  86.577672  66.584094    25.373    26.202  6 55272.62003549 12.790
 88  86.593629  66.582587     1.823     1.823  2 55307.62000448  7.862
 89  86.575929  66.584784    10.339    10.339  5 55342.62000521 49.644
 91  86.571733  66.583863     5.902     3.764  5 55412.62002299 17.560
 92  86.580170  66.585159     3.259     3.411  6 55447.62001336 33.874
 93  86.594589  66.586224    22.701    23.384  5 55482.61994263 18.110
