# NaN NaN NaN ;Mean Elev.(m), Avg Gradient(m/km), RMS Gradient(m/km) - SRTM1     
#   44.122  -7.548  46.416 ;Mean Elev.(m), Avg Gradient(m/km), RMS Gradient(m/km) - ASTER GDEM
#   66.704  -4.277  47.069 ;Mean Elev.(m), Avg Gradient(m/km), RMS Gradient(m/km) - GMTED2010 
  8  91.958589  58.898398    63.619    63.856  3 52482.20114040 48.921
  9  91.959410  58.898313    64.783    64.783  2 52517.20109524 31.532
 12  91.956678  58.898577    66.277    66.240  3 52622.20108751 18.646
 13  91.969196  58.895752    68.365    68.334  3 52657.20109498  5.467
 15  91.967883  58.897815    67.165    67.354  3 52727.20112073 13.743
 16  91.944604  58.896791    63.322    63.671  3 52762.20113607 43.160
 18  91.978993  58.895682    73.876    75.308  3 52832.20116892  6.361
 19  91.973960  58.895178    63.468    63.628  3 52867.20121222 51.872
 22  91.966988  58.896620    65.679    65.679  2 52972.20120240 26.151
 23  91.958110  58.897816    67.761    67.761  2 53007.20121358  9.957
 24  91.970526  58.895043    67.887    67.663  3 53042.20116805 11.412
 25  91.956993  58.897836    67.483    67.384  3 53077.20120105 14.102
 29  91.962589  58.897482    63.300    63.300  2 53217.20124175 38.656
 30  91.951231  58.897940    64.748    64.407  3 53252.20122012 23.396
 32  91.972809  58.896822   370.080   370.137  3 53322.20119302 33.362
 33  91.962805  58.897954    67.399    67.395  3 53357.20115991 20.847
 34  91.971612  58.896072    68.237    68.237  2 53392.20117429 14.903
 35  91.962864  58.896161    67.794    67.826  3 53427.20116997 11.126
 36  91.975173  58.894774    70.556    69.423  3 53462.20118512  2.554
 37  91.959532  58.898226    65.471    65.548  3 53497.20125945 49.817
 39  91.955061  58.897918    63.308    63.308  2 53567.20126178 48.414
 40  91.958520  58.897850    65.439    65.194  3 53602.20120628 28.547
 41  91.968171  58.896199    63.497    63.497  2 53637.20120394 12.839
 43  91.963232  58.896925    61.943    62.061  3 53707.20115667 41.314
 44  91.952956  58.897812    67.182    67.182  2 53742.20106879 12.599
 45  91.971102  58.895862    66.888    66.964  3 53777.20109355  7.343
 46  91.955214  58.898455    67.252    67.252  2 53812.20107091  6.862
 47  91.968098  58.896586    66.990    66.990  2 53847.20112298  7.571
 49  91.957630  58.898882    64.345    64.356  3 53917.20120522 23.337
 50  91.953916  58.897990    65.037    65.071  3 53952.20121050 28.615
 52  91.972512  58.896894    62.984    63.016  3 54022.20118840 16.632
 57  91.971269  58.895779    69.879    69.703  3 54197.20110003 12.167
 63  91.961712  58.896824    64.131    64.342  3 54407.20109995 36.987
 64  91.977280  58.896287    62.697    62.876  3 54442.20106010 44.703
 65  91.966397  58.897104    69.668    69.668  2 54477.20108829 10.367
 67  91.962315  58.898473    69.396    68.546  3 54547.20110210 10.005
 68  91.968021  58.897375    68.184    68.205  3 54582.20107112 40.418
 70  91.963282  58.896877    73.323    72.737  3 54652.20110489 11.894
 71  91.960050  58.897656    63.183    62.708  3 54687.20109561 25.729
 74  91.973346  58.895731    61.781    61.838  3 54792.20104478 50.100
 75  91.967201  58.896792    70.228    70.221  3 54827.20106842 15.933
 76  91.972290  58.894768    71.656    71.656  2 54862.20103876  6.234
 77  91.960745  58.897501    69.754    69.754  2 54897.20106901  9.055
 78  91.969983  58.897093    71.140    70.887  3 54932.20103432 13.366
 79  91.964606  58.896615    70.740    70.740  2 54967.20106952 23.355
 81  91.965981  58.896970    63.429    63.429  2 55037.20107581 21.569
 82  91.959447  58.898271    65.489    63.781  3 55072.20106268 28.920
 84  91.961421  58.897379    63.244    63.244  2 55142.20101363 44.562
 85  91.976475  58.896257    68.188    68.166  3 55177.20097847 15.247
 86  91.964431  58.896955    68.979    68.764  3 55212.20100815  8.554
 87  91.970803  58.896550    69.879    69.455  3 55247.20098134  8.339
 88  91.960699  58.897872    72.515    72.614  3 55282.20100178  4.551
 89  91.962867  58.896214    64.773    64.773  2 55317.20097036 43.683
 92  91.965011  58.896924    63.959    63.959  2 55422.20099191 44.057
