# NaN NaN NaN ;Mean Elev.(m), Avg Gradient(m/km), RMS Gradient(m/km) - SRTM1     
#  -38.814  -0.555  10.040 ;Mean Elev.(m), Avg Gradient(m/km), RMS Gradient(m/km) - ASTER GDEM
#    1.150  -0.169   6.259 ;Mean Elev.(m), Avg Gradient(m/km), RMS Gradient(m/km) - GMTED2010 
  7  86.062393  69.349456     7.671     8.654  9 52466.61276615 16.219
  8  86.067600  69.351280     8.142     8.279  8 52501.61275902 16.295
  9  86.044840  69.345164     8.491     8.116  9 52536.61274476 18.156
 10  86.057612  69.349055     0.535     0.616  8 52571.61278080 46.476
 11  86.068947  69.352401    -0.077    -0.223  8 52606.61274352 15.563
 12  86.052507  69.347087    -0.011    -0.496  9 52641.61273809 12.871
 13  86.069611  69.352260     0.732    -0.258  8 52676.61272673 10.490
 14  86.052940  69.347491     0.315     0.302  8 52711.61275462  9.976
 15  86.063033  69.349655     0.170     0.097  8 52746.61278187  9.546
 16  86.047644  69.345241     2.959     2.946  9 52781.61272017 27.697
 17  86.048050  69.344836     7.262     8.112  9 52816.61280019 20.870
 18  86.055436  69.347416     8.274     8.570  9 52851.61285144 15.823
 19  86.057983  69.349353     4.189     0.354  9 52886.61288611 20.249
 20  86.071361  69.351595    15.838    20.339  9 52921.61284148 19.615
 21  86.056826  69.347356     1.516    -0.121  8 52956.61280605 22.664
 22  86.063191  69.349543     2.970     2.747  8 52991.61282494 14.860
 23  86.076290  69.354047     3.359     3.147  9 53026.61279146 12.354
 24  86.064319  69.350414     2.303    -0.125  9 53061.61280057 12.316
 25  86.066730  69.351763     0.441    -0.589  9 53096.61282703 10.926
 26  86.061289  69.350519    -0.088    -0.232  8 53131.61280000 10.889
 28  86.059062  69.349795     4.664     3.696  9 53201.61287652 19.025
 29  86.074069  69.353332     2.351     2.929  8 53236.61284598 19.355
 30  86.048917  69.344293     8.504     9.135  9 53271.61280344 17.024
 31  86.051623  69.346844     0.390     0.437  8 53306.61286788 48.923
 32  86.067095  69.351299    -0.004     0.022  8 53341.61283569 15.785
 33  86.076352  69.353929    -0.442    -0.445  8 53376.61276811 11.531
 34  86.064343  69.349643    -0.435    -0.344  8 53411.61281064 10.987
 35  86.044269  69.345358    -0.080    -0.188  9 53446.61279344 10.679
 36  86.050333  69.346967     8.932     7.801  9 53481.61287899  6.604
 37  86.063564  69.350931     6.129     6.131  8 53516.61288242 29.031
 38  86.060894  69.348779     1.052     1.022  9 53551.61290244 39.718
 39  86.069835  69.352371    -1.157    -1.585  9 53586.61285824 25.396
 40  86.042767  69.344200     0.022    -0.389 10 53621.61282119 25.996
 41  86.054334  69.347410     9.557     9.852  9 53656.61284959 17.653
 42  86.065309  69.350497    -0.190    -0.132  9 53691.61283722 22.192
 43  86.078439  69.354610    -0.371    -0.318  9 53726.61276128 14.267
 44  86.058377  69.347543    -0.452    -0.503  9 53761.61271207 13.458
 45  86.074307  69.352318    -0.436    -0.440  9 53796.61272613 11.768
 47  86.055579  69.346410     0.134     0.047  9 53866.61278351  9.147
 48  86.059819  69.349631     7.741     7.706  9 53901.61281315 37.157
 49  86.053844  69.347645     5.810     4.631  8 53936.61285217 17.050
 50  86.066028  69.350837     9.411     9.208  9 53971.61281814 14.978
 51  86.050240  69.346668     7.316     7.067  8 54006.61280038 17.729
 52  86.059929  69.348126     0.128     0.126  9 54041.61282713 26.222
 53  86.068376  69.351108    -0.323    -0.272  9 54076.61282162 15.934
 54  86.077406  69.354183    -0.189    -0.113  9 54111.61276289 12.825
 55  86.056382  69.347934    -0.517    -0.595  8 54146.61276298 12.140
 56  86.075232  69.353299    -0.462    -0.462  9 54181.61274990 11.146
 57  86.056385  69.347298     0.530     0.548  9 54216.61277120 21.290
 58  86.060264  69.348549     7.251     7.186  8 54251.61279765 21.619
 59  86.064882  69.351567     3.202     1.605  8 54286.61280355 16.786
 60  86.063979  69.350562     8.932     9.551  8 54321.61280045 14.577
 61  86.075553  69.353355     9.811    10.152  8 54356.61276065 14.683
 62  86.062226  69.349729    18.046    19.453  8 54391.61274092 17.339
 63  86.069388  69.350802    -0.120    -0.099  8 54426.61271037 13.859
 64  86.056255  69.348844     0.403     0.402  9 54461.61271812 10.394
 65  86.069390  69.351527     0.057    -0.148  9 54496.61271773  8.854
 66  86.061367  69.348481     1.534     0.632  9 54531.61273099  8.709
 67  86.075304  69.353144     0.511     0.528  8 54566.61272338  8.751
 68  86.059209  69.349971     4.068     3.215  9 54601.61272681  7.535
 69  86.061938  69.350283    10.266    10.558  8 54636.61273835 15.829
 70  86.063510  69.351104     6.806     7.020  9 54671.61274218 14.166
 71  86.072159  69.351799    -0.833    -1.132  8 54706.61270252 23.941
 72  86.058786  69.348597     8.746     8.480  8 54741.61270624 15.172
 73  86.067599  69.352596     0.702     0.689  8 54776.61268381 26.541
 74  86.053773  69.347425     0.253     0.271  9 54811.61269968 16.712
 75  86.069166  69.351766     1.408     0.476  9 54846.61268379 13.401
 76  86.059212  69.347980     1.370    -0.283  9 54881.61270279 12.216
 77  86.072465  69.352777    -0.271    -0.306  9 54916.61268697 11.463
 78  86.059327  69.348694     2.715     0.915  8 54951.61269664 12.383
 79  86.058565  69.349025     8.413     8.442  9 54986.61272117 34.029
 80  86.066354  69.350957     0.944     0.904  9 55021.61271394 38.798
 81  86.066157  69.351150     1.631    -0.122  8 55056.61271078 19.890
 82  86.073133  69.352262     6.941     8.063  9 55091.61266797 15.583
 83  86.060636  69.349473     9.156     8.686  9 55126.61264976 16.075
 84  86.067970  69.350994    -0.344    -0.330  9 55161.61262917 18.038
 85  86.055371  69.347596    -0.027    -0.038  9 55196.61264047 14.470
 86  86.071758  69.352287     0.798    -0.127  9 55231.61263267 12.345
 87  86.060951  69.349669     0.244     0.206  8 55266.61263554 10.995
 88  86.074904  69.352875     0.165     0.140  8 55301.61261395 11.171
 89  86.064257  69.350856     1.790     1.672  8 55336.61261086 21.582
 90  86.066050  69.350651    10.164    10.080  9 55371.61260068 15.702
 91  86.060528  69.348321    11.289    11.633  9 55406.61262000 17.394
 92  86.066043  69.351934     9.351     9.741  8 55441.61262004 14.159
 93  86.076703  69.353175     9.961     9.232  9 55476.61256198 15.533
