# NaN NaN NaN ;Mean Elev.(m), Avg Gradient(m/km), RMS Gradient(m/km) - SRTM1     
#  -20.858  -4.157  17.142 ;Mean Elev.(m), Avg Gradient(m/km), RMS Gradient(m/km) - ASTER GDEM
#    2.192  -0.667  11.297 ;Mean Elev.(m), Avg Gradient(m/km), RMS Gradient(m/km) - GMTED2010 
  8  85.609621  69.620188    13.433    13.065  4 52499.24480513 19.152
 11  85.603762  69.618505     1.294     1.342  5 52604.24480672 14.684
 12  85.619456  69.612511     0.946     0.901  5 52639.24478752 11.573
 13  85.608569  69.618745     1.415     1.286  5 52674.24478304  8.545
 14  85.620205  69.614511     0.868     0.901  5 52709.24479775  7.793
 15  85.604369  69.619508     1.411     1.464  4 52744.24482659  6.683
 18  85.617636  69.610950   -10.336   -10.295  3 52849.24490014 19.343
 20  85.605280  69.618295     7.337     7.874  5 52919.24489118 18.450
 21  85.626635  69.610752     4.303     1.532  5 52954.24485506 20.111
 22  85.621594  69.614122     3.862     3.896  5 52989.24486329 11.304
 24  85.621317  69.612376     0.613     0.553  5 53059.24484415  8.852
 25  85.600086  69.622082     1.061     0.918  5 53094.24488096  7.596
 26  85.623285  69.612175    -0.106     0.091  5 53129.24485365  8.302
 28  85.609359  69.612309     1.585     1.585  2 53199.24492320 44.223
 29  85.619197  69.619724     9.413     9.292  3 53234.24489174 13.989
 31  85.614769  69.615590     2.470     1.297  6 53304.24491989 26.911
 32  85.607712  69.617908     0.672     0.736  5 53339.24488860 10.423
 33  85.601658  69.620061     0.631     0.619  4 53374.24482038  7.357
 35  85.599649  69.621356     0.407     0.364  4 53444.24484562  6.868
 36  85.615660  69.616185     0.381     0.614  5 53479.24492398  6.636
 37  85.615714  69.618672     4.222     4.208  4 53514.24493137 27.566
 38  85.605588  69.618732     6.977     7.848  4 53549.24495044 15.507
 39  85.607080  69.616343     2.915     2.722  4 53584.24491433 17.281
 40  85.596320  69.622258     3.288     4.657  5 53619.24487019 15.480
 42  85.608892  69.617843     0.122     0.108  5 53689.24489187 26.016
 43  85.599779  69.619580     0.384     0.314  5 53724.24481639 11.005
 44  85.628509  69.611966     0.399     0.623  5 53759.24475817 10.927
 45  85.611172  69.618219     0.631     0.921  5 53794.24477728  8.934
 46  85.627983  69.611274    -0.444    -0.456  6 53829.24475247  9.370
 47  85.618657  69.615929    23.699    23.423  5 53864.24483231  4.177
 49  85.605248  69.618676     3.719     4.754  5 53934.24490140 19.120
 52  85.619400  69.613184     0.776     0.711  5 54039.24487859 18.095
 53  85.608756  69.615630     1.022     1.025  5 54074.24487306 10.741
 54  85.597771  69.622159     1.101     0.894  5 54109.24481774  8.625
 55  85.620335  69.615114     0.369     0.169  5 54144.24481024  8.015
 57  85.615692  69.614053     3.124     1.855  5 54214.24481831 14.098
 58  85.615621  69.616285     7.835     7.507  5 54249.24484563 34.235
 60  85.614725  69.618535     8.340     8.708  3 54319.24485071 14.046
 62  85.611001  69.613143    16.836    17.018  4 54389.24479199 17.805
 63  85.607200  69.617820     0.882     0.868  5 54424.24476448 11.716
 64  85.619908  69.612196     1.420     0.739  5 54459.24476720  9.219
 65  85.608972  69.618601     1.195     0.717  5 54494.24476889  7.147
 66  85.620223  69.614991     1.420     1.263  5 54529.24477955  7.039
 67  85.604211  69.621102     9.292     8.805  5 54564.24477547  5.989
 68  85.613977  69.616161    16.478    16.301  5 54599.24477492  4.703
 70  85.608346  69.616387     8.588     8.727  5 54669.24479259 11.304
 73  85.606017  69.616258     1.145     1.691  4 54774.24473777 31.449
 74  85.622522  69.614040     0.933     0.961  5 54809.24474849 13.362
 75  85.608559  69.617908     2.663     2.468  5 54844.24473548 10.251
 76  85.613441  69.614265     0.487     0.549  5 54879.24475206  9.172
 77  85.602541  69.620124     1.091     1.138  4 54914.24473937  8.033
 78  85.615581  69.616280    22.049    21.489  5 54949.24474378  7.524
 80  85.613798  69.617663    11.493     9.721  5 55019.24476498 15.921
 81  85.613242  69.619378     8.113     8.192  4 55054.24476073 16.202
 82  85.602987  69.620100     1.256     1.212  4 55089.24472156 44.763
 83  85.617834  69.615405    14.597    16.113  5 55124.24469852 15.608
 84  85.606907  69.618986     1.785     1.113  5 55159.24468271 13.794
 85  85.620565  69.613138     0.883     1.026  5 55194.24468880 11.062
 87  85.615739  69.616206     1.744     1.808  5 55264.24468378  8.742
 88  85.603058  69.618339     1.886     2.099  5 55299.24466791  7.719
 89  85.610237  69.617863     0.915     1.639  5 55334.24466107 11.851
 93  85.602169  69.619493    13.342    14.971  5 55474.24461704 13.948
