# NaN NaN NaN ;Mean Elev.(m), Avg Gradient(m/km), RMS Gradient(m/km) - SRTM1     
#   44.122  -7.548  46.416 ;Mean Elev.(m), Avg Gradient(m/km), RMS Gradient(m/km) - ASTER GDEM
#   66.704  -4.277  47.069 ;Mean Elev.(m), Avg Gradient(m/km), RMS Gradient(m/km) - GMTED2010 
  8    62.787 52482.20113975 43.00  91.960659  58.901578 10.902
  8    64.215 52482.20114040 50.49  91.958589  58.898398 10.902
  8    63.856 52482.20114104 50.09  91.956519  58.895218 10.902
  9    65.310 52517.20109492 33.92  91.960445  58.899903 11.135
  9    64.255 52517.20109556 25.80  91.958375  58.896723 11.135
 12    66.398 52622.20108687 12.73  91.958748  58.901757 12.379
 12    66.240 52622.20108751 16.08  91.956678  58.898577 12.379
 12    66.194 52622.20108816 22.05  91.954608  58.895397 12.379
 13    67.178 52657.20109433  5.71  91.971266  58.898932  2.549
 13    68.334 52657.20109498  5.36  91.969196  58.895752  2.549
 13    69.582 52657.20109562  5.32  91.967126  58.892572  2.549
 15    66.757 52727.20112009 13.17  91.969954  58.900994  6.418
 15    67.385 52727.20112073 13.64  91.967884  58.897814  6.418
 15    67.354 52727.20112138 14.34  91.965812  58.894636  3.323
 16    63.928 52762.20113542 30.17  91.946671  58.899971 11.904
 16    63.671 52762.20113607 40.44  91.944611  58.896791 11.904
 16    62.368 52762.20113671 46.99  91.942531  58.893611 11.904
 18    70.527 52832.20116828  4.95  91.981063  58.898862  4.888
 18    75.308 52832.20116892  6.01  91.978993  58.895682  4.888
 18    75.793 52832.20116957  7.68  91.976923  58.892502  4.888
 19    63.738 52867.20121157 48.04  91.976030  58.898358 16.279
 19    63.628 52867.20121222 54.81  91.973960  58.895178 16.279
 19    63.039 52867.20121286 49.79  91.971890  58.891998 16.279
 22    65.613 52972.20120208 22.56  91.968023  58.898210 11.115
 22    65.746 52972.20120273 28.09  91.965953  58.895030 11.115
 23    67.517 53007.20121325 10.37  91.959150  58.899406  3.420
 23    68.004 53007.20121390  9.50  91.957070  58.896226  3.420
 24    66.877 53042.20116740 12.15  91.972596  58.898223  4.565
 24    67.663 53042.20116805 11.28  91.970526  58.895043  4.565
 24    69.122 53042.20116869 10.68  91.968456  58.891863  4.565
 25    67.296 53077.20120040 13.59  91.959060  58.901016  4.337
 25    67.384 53077.20120105 14.58  91.956990  58.897836  4.337
 25    67.770 53077.20120169 14.08  91.954930  58.894656  4.337
 29    63.265 53217.20124143 38.34  91.963629  58.899072 10.649
 29    63.334 53217.20124207 38.95  91.961549  58.895892 10.649
 30    64.316 53252.20121948 22.99  91.953297  58.901122  4.547
 30    64.407 53252.20122012 23.04  91.951233  58.897939  8.296
 30    65.520 53252.20122077 24.07  91.949163  58.894759  8.296
 32   370.137 53322.20119238 36.12  91.974879  58.900002 11.804
 32   369.089 53322.20119302 33.34  91.972809  58.896822 11.804
 32   371.015 53322.20119367 24.09  91.970739  58.893642 11.804
 33    67.579 53357.20115927 19.74  91.964875  58.901134 10.194
 33    67.224 53357.20115991 20.22  91.962805  58.897954 10.194
 33    67.395 53357.20116056 22.18  91.960735  58.894774 10.194
 34    68.153 53392.20117397 15.80  91.972647  58.897662  5.503
 34    68.321 53392.20117462 13.77  91.970577  58.894482  5.503
 35    67.706 53427.20116933 10.67  91.964934  58.899341  4.665
 35    67.826 53427.20116997 10.94  91.962864  58.896161  4.665
 35    67.851 53427.20117062 11.70  91.960794  58.892981  4.665
 36    69.423 53462.20118448  2.20  91.977243  58.897954  3.605
 36    69.341 53462.20118512  2.94  91.975173  58.894774  3.605
 36    72.904 53462.20118577  2.49  91.973103  58.891594  3.605
 37    65.294 53497.20125881 39.82  91.961609  58.901406 23.347
 37    65.570 53497.20125945 51.36  91.959529  58.898226 23.347
 37    65.548 53497.20126010 51.50  91.957459  58.895046 23.347
 39    63.457 53567.20126146 50.10  91.956096  58.899508 13.949
 39    63.159 53567.20126210 45.62  91.954026  58.896328 13.949
 40    65.194 53602.20120563 30.69  91.960593  58.901030 10.488
 40    64.711 53602.20120628 27.22  91.958513  58.897850 10.488
 40    66.413 53602.20120692 26.51  91.956453  58.894670 10.488
 41    63.867 53637.20120362 12.64  91.969206  58.897789  3.488
 41    63.127 53637.20120426 13.03  91.967136  58.894609  3.488
 43    61.635 53707.20115603 36.71  91.965302  58.900105 14.851
 43    62.134 53707.20115667 40.90  91.963232  58.896925 14.851
 43    62.061 53707.20115731 43.73  91.961162  58.893745 14.851
 44    67.196 53742.20106847 12.17  91.953991  58.899402  4.095
 44    67.168 53742.20106912 12.99  91.951921  58.896222  4.095
 45    66.685 53777.20109290  6.73  91.973172  58.899042  2.865
 45    67.016 53777.20109355  7.31  91.971102  58.895862  2.865
 45    66.964 53777.20109419  7.91  91.969032  58.892682  2.865
 46    66.612 53812.20107059  7.36  91.956244  58.900045  2.877
 46    67.893 53812.20107123  6.30  91.954184  58.896865  2.877
 47    67.813 53847.20112266  5.89  91.969133  58.898176  4.630
 47    66.168 53847.20112331  8.78  91.967063  58.894996  4.630
 49    64.356 53917.20120457 22.80  91.959703  58.902062  4.757
 49    64.437 53917.20120522 23.18  91.957633  58.898882  4.757
 49    64.243 53917.20120586 23.95  91.955553  58.895702  4.757
 50    65.108 53952.20120985 28.47  91.955986  58.901170  5.834
 50    64.931 53952.20121050 29.67  91.953916  58.897990  5.834
 50    65.071 53952.20121114 27.41  91.951846  58.894810  5.834
 52    63.016 54022.20118776 14.78  91.974582  58.900074  6.225
 52    63.148 54022.20118840 15.31  91.972512  58.896894  6.225
 52    62.788 54022.20118905 18.70  91.970442  58.893714  6.225
 57    70.323 54197.20109939 11.05  91.973339  58.898959 10.314
 57    69.703 54197.20110003 12.36  91.971269  58.895779 10.314
 57    69.610 54197.20110068 12.89  91.969199  58.892599 10.314
 63    62.895 54407.20109930 33.30  91.963782  58.900004 13.720
 63    65.155 54407.20109995 32.39  91.961712  58.896824 13.720
 63    64.342 54407.20110059 40.46  91.959642  58.893644 13.720
 64    62.191 54442.20105946 37.32  91.979350  58.899467 14.473
 64    63.024 54442.20106010 45.04  91.977280  58.896287 14.473
 64    62.876 54442.20106075 47.10  91.975210  58.893107 14.473
 65    70.814 54477.20108796  9.57  91.967432  58.898694  6.636
 65    68.521 54477.20108861 11.04  91.965362  58.895514  6.636
 67    71.449 54547.20110145  7.85  91.964385  58.901653  3.758
 67    68.194 54547.20110210  9.86  91.962315  58.898473  3.758
 67    68.546 54547.20110274 11.54  91.960245  58.895293  3.758
 68    68.205 54582.20107047 30.62  91.970091  58.900555 15.382
 68    68.100 54582.20107112 34.92  91.968021  58.897375 15.382
 68    68.246 54582.20107176 44.59  91.965951  58.894195 15.382
 70    72.707 54652.20110425 10.25  91.965355  58.900057  6.451
 70    72.737 54652.20110489 12.72  91.963285  58.896877  6.451
 70    74.524 54652.20110554 12.33  91.961205  58.893697  6.451
 71    64.209 54687.20109496 25.51  91.962120  58.900836 11.255
 71    62.633 54687.20109561 24.20  91.960050  58.897656 11.255
 71    62.708 54687.20109625 27.02  91.957980  58.894476 11.255
 74    61.447 54792.20104414 37.58  91.975423  58.898911 15.560
 74    62.057 54792.20104478 47.80  91.973343  58.895731 15.560
 74    61.838 54792.20104543 53.82  91.971273  58.892551 15.560
 75    70.221 54827.20106778 14.29  91.969274  58.899972  6.512
 75    70.176 54827.20106842 17.50  91.967204  58.896792  6.512
 75    70.288 54827.20106907 15.38  91.965124  58.893612  6.512
 76    70.575 54862.20103844  5.39  91.973330  58.896358  3.277
 76    72.736 54862.20103908  6.94  91.971250  58.893178  3.277
 77    69.736 54897.20106869  8.51  91.961780  58.899091  4.758
 77    69.771 54897.20106933  9.54  91.959710  58.895911  4.758
 78    71.677 54932.20103368 13.13  91.972060  58.900273  8.813
 78    70.887 54932.20103432 13.95  91.969980  58.897093  8.813
 78    70.857 54932.20103497 12.95  91.967910  58.893913  8.813
 79    71.137 54967.20106920 16.43  91.965641  58.898205 12.675
 79    70.343 54967.20106985 25.90  91.963571  58.895025 12.675
 81    63.611 55037.20107549 20.79  91.967016  58.898560  4.464
 81    63.247 55037.20107613 22.23  91.964946  58.895380  4.464
 82    69.189 55072.20106203 16.98  91.961517  58.901451  5.155
 82    63.781 55072.20106268 20.48  91.959447  58.898271  5.155
 82    63.498 55072.20106332 33.38  91.957377  58.895091  5.155
 84    63.436 55142.20101331 46.87  91.962451  58.898969 15.338
 84    63.053 55142.20101396 39.31  91.960391  58.895789 15.338
 85    68.155 55177.20097782 13.03  91.978552  58.899437  5.922
 85    68.243 55177.20097847 15.42  91.976472  58.896257  5.922
 85    68.166 55177.20097911 16.58  91.974402  58.893077  5.922
 86    68.655 55212.20100751  7.96  91.966501  58.900135  3.118
 86    68.764 55212.20100815  8.35  91.964431  58.896955  3.118
 86    69.519 55212.20100879  9.25  91.962361  58.893775  3.118
 87    71.469 55247.20098070  7.18  91.972873  58.899730  2.726
 87    68.713 55247.20098134  8.78  91.970803  58.896550  2.726
 87    69.455 55247.20098199  8.86  91.968733  58.893370  2.726
 88    72.314 55282.20100114  3.98  91.962769  58.901052  2.549
 88    72.614 55282.20100178  4.71  91.960699  58.897872  2.549
 88    72.616 55282.20100243  4.91  91.958629  58.894692  2.549
 89    64.861 55317.20097004 45.90  91.963902  58.897804 22.897
 89    64.685 55317.20097068 38.92  91.961832  58.894624 22.897
 92    64.130 55422.20099159 45.93  91.966046  58.898514 17.365
 92    63.787 55422.20099224 40.69  91.963976  58.895334 17.365
