# NaN NaN NaN ;Mean Elev.(m), Avg Gradient(m/km), RMS Gradient(m/km) - SRTM1     
#  -30.766  -0.616  13.374 ;Mean Elev.(m), Avg Gradient(m/km), RMS Gradient(m/km) - ASTER GDEM
#    3.279   0.517   4.850 ;Mean Elev.(m), Avg Gradient(m/km), RMS Gradient(m/km) - GMTED2010 
  7  85.847431  69.276574     4.762     4.459  3 52445.24291310 45.502
  8  85.845922  69.274683     9.156     9.725  3 52480.24290577 19.657
  9  85.846674  69.276435     9.629     9.947  4 52515.24285436 19.490
 10  85.853731  69.266905     3.079     0.906  4 52550.24290199 31.831
 11  85.851231  69.269497     2.667     2.306  4 52585.24287944 18.023
 12  85.842742  69.279353     6.660     6.874  4 52620.24285861 12.294
 15  85.852100  69.271615     6.961     6.961  2 52725.24288656  7.011
 16  85.843412  69.285836     7.946     7.971  4 52760.24290239  7.216
 17  85.855656  69.261636    10.695    10.573  4 52795.24286270 29.129
 18  85.855988  69.260422    10.082     9.986  4 52830.24292969 19.589
 19  85.853896  69.263913     0.287     0.266  3 52865.24297326 50.405
 20  85.846021  69.275537    10.120    10.159  3 52900.24300036 18.650
 21  85.845277  69.283337    -0.544    -0.553  4 52935.24294159 31.527
 22  85.850488  69.266868     7.693     7.828  4 52970.24296353 15.714
 23  85.847976  69.276877     8.642     9.022  3 53005.24297834 11.308
 24  85.856072  69.264322     6.717     6.628  4 53040.24293021 10.405
 25  85.847528  69.276770     7.326     7.500  3 53075.24296041  8.863
 26  85.853882  69.266925     4.023     4.020  4 53110.24293188  9.072
 27  85.849446  69.269536     7.019     7.115  4 53145.24297330 11.203
 28  85.849903  69.269749     5.133     5.133  4 53180.24298496 47.621
 29  85.849362  69.273505     9.865     9.872  3 53215.24300650 17.158
 30  85.843561  69.279130     5.471     5.419  4 53250.24297789 21.834
 31  85.853494  69.267799     9.306     9.844  4 53285.24297553 22.655
 32  85.853937  69.266924     0.949     0.966  4 53320.24295865 23.175
 33  85.845682  69.274513     6.663     6.583  3 53355.24292593 11.522
 34  85.852127  69.263020     4.521     4.571  4 53390.24293560 10.345
 35  85.849834  69.272414     5.771     6.230  3 53425.24293170  9.220
 36  85.855708  69.261742     1.749     1.618  4 53460.24293958  9.528
 37  85.849574  69.274353     9.448     9.176  3 53495.24302150  7.100
 38  85.850388  69.270684    10.409    10.449  3 53530.24299763 21.828
 39  85.845040  69.278549     0.777     0.802  4 53565.24302578 47.361
 40  85.846335  69.276134     8.987     9.434  4 53600.24296872 21.060
 41  85.852613  69.266646     8.670     9.336  4 53635.24296692 21.230
 42  85.847187  69.272419     0.289     0.300  3 53670.24298749 47.757
 43  85.847757  69.272782     0.766     0.930  4 53705.24292276 14.255
 44  85.843393  69.283542     5.040     5.323  5 53740.24283251 12.154
 45  85.853250  69.266675     2.146     1.869  4 53775.24285585 10.974
 46  85.843995  69.279589     4.847     4.982  4 53810.24283588 10.386
 47  85.851592  69.267178     1.044     0.531  3 53845.24288202 10.012
 48  85.853046  69.266515     0.906     0.898  4 53880.24290924 31.760
 49  85.848619  69.275992     2.138     2.093  3 53915.24296501 44.771
 50  85.844865  69.278214     9.660     9.934  3 53950.24297382 18.665
 51  85.845259  69.278900     8.969     9.424  4 53985.24291083 20.071
 52  85.852690  69.264428     7.180     8.104  4 54020.24295073 22.421
 53  85.854103  69.266635     2.108     1.505  4 54055.24294165 16.906
 54  85.846942  69.277023     6.557     6.616  3 54090.24292776 12.363
 55  85.855885  69.262804     4.303     3.804  4 54125.24285749 11.265
 57  85.853516  69.263910     1.497     1.266  4 54195.24285912  9.029
 58  85.849625  69.269652     1.904     1.945  3 54230.24290848 22.761
 59  85.849416  69.269545    10.265    10.285  4 54265.24292616 22.730
 61  85.847474  69.275212     7.858     9.512  4 54335.24291876 25.775
 63  85.847981  69.273996     0.986     0.998  4 54405.24286331 40.405
 64  85.856983  69.261212     8.025     8.229  4 54440.24282276 10.669
 65  85.850306  69.268666     6.889     6.641  3 54475.24285123  9.115
 66  85.853709  69.262402     2.069     1.743  4 54510.24283701  8.588
 67  85.849388  69.273577     6.558     6.461  3 54545.24286474  9.032
 68  85.850325  69.268376    11.011    11.223  3 54580.24283249  6.173
 69  85.850647  69.272167     7.737     7.433  3 54615.24285429 26.022
 70  85.849883  69.271087    10.132    10.428  3 54650.24286654 20.448
 71  85.845704  69.274954     7.110     9.239  3 54685.24286002 19.712
 72  85.854651  69.261978     5.484     5.386  4 54720.24281198 21.791
 73  85.849334  69.271105     8.682     9.143  3 54755.24283489 22.402
 74  85.854054  69.263461    -0.024    -0.020  4 54790.24280549 23.943
 75  85.851058  69.268061     3.950     2.662  3 54825.24283139 13.891
 76  85.856001  69.263939     1.660     1.584  4 54860.24279850 11.896
 77  85.848002  69.275126     5.412     6.122  4 54895.24283162 10.533
 78  85.851386  69.264759     8.791     8.683  4 54930.24279700  9.454
 79  85.849227  69.271353     1.469     1.481  4 54965.24283225 21.918
 80  85.848588  69.273305    10.519    10.516  4 55000.24285226 22.557
 81  85.851029  69.269932     7.847     9.907  4 55035.24283809 23.077
 82  85.846852  69.277235     8.899     9.798  3 55070.24282690 17.954
 83  85.854152  69.264897     2.627     3.621  4 55105.24277081 25.493
 84  85.850052  69.273561     0.497     0.441  3 55140.24277592 23.058
 85  85.854232  69.260936     2.707     1.788  4 55175.24273867 14.063
 86  85.850227  69.270267     2.780     2.501  3 55210.24277159 11.771
 87  85.853268  69.266254     3.548     2.795  4 55245.24274421 10.090
 88  85.848207  69.275622     5.189     5.652  3 55280.24276448  9.183
 89  85.848993  69.270353     5.983     6.069  4 55315.24273089  7.091
 90  85.848305  69.274736     6.469     6.474  3 55350.24273596 34.639
 91  85.852656  69.265401    10.205    10.177  3 55385.24273104 18.829
 92  85.849616  69.270072     0.154     0.272  3 55420.24275520 33.079
 93  85.846605  69.277753     5.966     6.071  4 55455.24273088 24.972
