# NaN NaN NaN ;Mean Elev.(m), Avg Gradient(m/km), RMS Gradient(m/km) - SRTM1     
#  -37.621  -0.438  36.734 ;Mean Elev.(m), Avg Gradient(m/km), RMS Gradient(m/km) - ASTER GDEM
#    1.166  -2.551   4.962 ;Mean Elev.(m), Avg Gradient(m/km), RMS Gradient(m/km) - GMTED2010 
  8     1.093 52485.61467479 25.38  85.906000  68.939620 16.504
  8     1.049 52485.61467543 29.37  85.901980  68.942640 16.504
  8     1.597 52485.61467608 39.10  85.897950  68.945660 16.504
  9    11.620 52520.61464071 19.04  85.909585  68.941890 11.789
  9     1.249 52520.61464136 18.41  85.905565  68.944910 11.789
  9    10.308 52520.61464200 15.41  85.901535  68.947940 11.789
 10     0.324 52555.61469068 30.55  85.894209  68.932848 15.334
 10     0.248 52555.61469133 34.41  85.890189  68.935868 15.334
 10     0.103 52555.61469197 48.33  85.886159  68.938888 15.334
 11     0.335 52590.61468057 18.64  85.904750  68.937273  2.011
 11     0.031 52590.61468121 17.71  85.900720  68.940293  2.011
 11     1.695 52590.61468186 16.50  85.896700  68.943313  2.011
 12     0.833 52625.61460884 12.90  85.914574  68.943956  2.020
 12     1.213 52625.61460949 12.23  85.910554  68.946976  2.020
 13    31.142 52660.61464633  9.36  85.902423  68.939219  2.749
 13    35.156 52660.61464697  8.76  85.898393  68.942239  2.749
 13    47.886 52660.61464762  7.93  85.894373  68.945259  2.749
 14    36.780 52695.61462482  7.64  85.893298  68.932591  2.196
 14    50.028 52695.61462546  4.59  85.889268  68.935611  2.196
 14    51.834 52695.61462610  4.93  85.885238  68.938631  2.196
 15    32.904 52730.61465511  6.86  85.907483  68.939814  2.146
 15    34.811 52730.61465576  6.97  85.903463  68.942834  2.146
 15    41.099 52730.61465640  6.17  85.899433  68.945854  2.146
 16    34.908 52765.61466532  8.29  85.911218  68.940606  2.211
 16    36.989 52765.61466597  8.04  85.907188  68.943626  2.211
 16    41.438 52765.61466661  7.14  85.903168  68.946646  2.211
 17     9.859 52800.61465821 51.47  85.895547  68.932250 16.630
 17     9.943 52800.61465886 48.90  85.891517  68.935270 16.630
 17     9.999 52800.61465950 48.58  85.887487  68.938290 16.630
 18     0.676 52835.61472575 47.86  85.899652  68.933473 12.555
 18     0.712 52835.61472640 46.44  85.895622  68.936494  7.483
 18     0.741 52835.61472704 41.13  85.891592  68.939514  7.483
 19    12.574 52870.61476755 23.34  85.903337  68.937557 14.535
 19    11.775 52870.61476820 19.13  85.899315  68.940579  6.011
 19     0.998 52870.61476884 22.29  85.895285  68.943599  6.011
 20    12.947 52905.61476764 17.80  85.907702  68.939080 15.756
 20     5.140 52905.61476828 17.55  85.903672  68.942100 15.756
 20     3.776 52905.61476893 17.43  85.899652  68.945120 15.756
 21     0.402 52940.61469877 32.17  85.892690  68.932579  6.211
 21     0.421 52940.61469942 32.67  85.888660  68.935599  6.211
 21     0.235 52940.61470006 32.34  85.884630  68.938619  6.211
 23    31.430 53010.61474995 10.25  85.904161  68.936744  2.301
 23    44.285 53010.61475059  9.58  85.900131  68.939764  2.301
 23    47.992 53010.61475124  9.15  85.896111  68.942784  2.301
 24    37.923 53045.61471255  8.42  85.894863  68.933192  2.896
 24    50.416 53045.61471320  6.58  85.890833  68.936212  2.896
 24    46.457 53045.61471384  9.52  85.886803  68.939232  2.896
 25    38.094 53080.61474730  8.14  85.902312  68.938076  2.481
 25    47.494 53080.61474794  6.84  85.898282  68.941096  2.481
 25    52.448 53080.61474859  5.31  85.894252  68.944116  2.481
 26    36.789 53115.61471677  7.38  85.894649  68.930658  2.539
 26    44.302 53115.61471742  5.87  85.890629  68.933678  2.539
 26    51.307 53115.61471806  4.99  85.886599  68.936698  2.539
 28     8.946 53185.61475447 24.77  85.905401  68.939665 12.380
 28     4.544 53185.61475511 22.14  85.901381  68.942685 12.380
 28     3.107 53185.61475576 23.65  85.897351  68.945705 12.380
 29    12.197 53220.61478020 21.99  85.907482  68.939124 14.963
 29     0.732 53220.61478084 22.50  85.903462  68.942144 14.963
 29     3.033 53220.61478149 21.47  85.899432  68.945164 14.963
 30     0.939 53255.61475728 47.47  85.909664  68.941527 15.407
 30     0.783 53255.61475792 50.54  85.905644  68.944547 15.407
 30     0.818 53255.61475856 50.78  85.901614  68.947567 15.407
 32     2.725 53325.61474274 12.83  85.908373  68.939307  3.357
 32     1.466 53325.61474338 12.49  85.904343  68.942327  3.357
 32     8.198 53325.61474403 12.01  85.900323  68.945347  3.357
 33    23.244 53360.61470243  8.72  85.911265  68.943787  2.728
 33    32.868 53360.61470307  8.65  85.907239  68.946803  2.149
 33    26.289 53360.61470372  7.85  85.903209  68.949823  2.149
 34    33.345 53395.61472024  8.08  85.895018  68.934249  2.581
 34    37.866 53395.61472089  7.15  85.890988  68.937269  2.581
 34    48.345 53395.61472153  6.64  85.886965  68.940297  2.430
 35    23.396 53430.61471377  8.18  85.911924  68.942442  2.813
 35    25.894 53430.61471442  7.88  85.907897  68.945458  2.044
 35    36.772 53430.61471506  8.14  85.903877  68.948478  2.044
 36    33.212 53465.61474157  7.27  85.894592  68.933909  2.660
 36    35.975 53465.61474222  6.67  85.890564  68.936937  3.119
 36    37.090 53465.61474286  6.60  85.886544  68.939947  3.119
 37    36.244 53500.61480176  4.80  85.899641  68.935428  2.040
 37    39.039 53500.61480241  4.33  85.895621  68.938448  2.040
 37    42.702 53500.61480305  3.88  85.891595  68.941462  2.092
 38    12.162 53535.61479064 23.25  85.907372  68.939278  9.720
 38    11.408 53535.61479129 18.26  85.903352  68.942298  9.720
 38    11.221 53535.61479193 16.32  85.899322  68.945318  9.720
 39    12.476 53570.61480000 22.95  85.904037  68.936513 13.419
 39    12.412 53570.61480064 13.52  85.900007  68.939533 13.419
 39    11.890 53570.61480128 14.32  85.895987  68.942553 13.419
 40    11.728 53605.61474853 17.18  85.914253  68.943391 12.590
 40    11.137 53605.61474917 16.60  85.910228  68.946411  7.275
 40     1.774 53605.61474982 15.00  85.906198  68.949431  7.275
 41    10.530 53640.61474695 16.45  85.892545  68.933239 10.214
 41    11.747 53640.61474759 13.14  85.888515  68.936259 10.214
 41    12.813 53640.61474824 16.31  85.884485  68.939279 10.214
 42     0.875 53675.61476658 27.40  85.901195  68.934696  9.943
 42     1.063 53675.61476722 26.40  85.897165  68.937716  9.943
 42     1.154 53675.61476787 25.40  85.893145  68.940736  9.943
 43     0.929 53710.61469805 12.11  85.912781  68.945373  3.344
 43     0.399 53710.61469869 11.49  85.908755  68.948389  1.709
 44    27.450 53745.61460591 10.72  85.892828  68.931863  2.982
 44    30.274 53745.61460655 10.14  85.888808  68.934883  2.982
 44    38.449 53745.61460720  9.38  85.884778  68.937903  2.982
 45     5.027 53780.61463834  9.83  85.905531  68.939941  2.887
 45    25.536 53780.61463898  9.60  85.901501  68.942961  2.887
 45    36.384 53780.61463963  8.73  85.897477  68.945982  2.058
 46     0.641 53815.61460831 10.63  85.919473  68.945425  2.942
 46     0.987 53815.61460895 10.12  85.915453  68.948445  2.942
 46     0.708 53815.61460960  9.95  85.911423  68.951465  2.942
 47    26.669 53850.61467261  8.83  85.895275  68.931711  2.695
 47    35.819 53850.61467326  7.44  85.891245  68.934731  2.695
 47    36.923 53850.61467390  6.68  85.887225  68.937751  2.695
 48     4.830 53885.61468387 34.32  85.906031  68.939639 30.725
 48     4.710 53885.61468452 27.31  85.902001  68.942659 30.725
 48     4.786 53885.61468516 26.31  85.897969  68.945689  9.250
 49    10.173 53920.61475182 22.37  85.899311  68.933466 11.729
 49     9.221 53920.61475246 21.68  85.895291  68.936486 11.729
 49    11.565 53920.61475311 18.64  85.891271  68.939506 11.729
 50    12.975 53955.61475019 13.84  85.901123  68.935497 13.145
 50    12.528 53955.61475083 13.38  85.897103  68.938517 13.145
 50    12.593 53955.61475148 15.03  85.893073  68.941537 13.145
 51     0.954 53990.61467006 32.34  85.918917  68.944529 10.801
 51     0.563 53990.61467071 40.65  85.914897  68.947549 10.801
 51     0.671 53990.61467135 49.63  85.910867  68.950569 10.801
 52     0.972 54025.61473435 38.75  85.894421  68.935286 11.284
 52     1.102 54025.61473499 39.84  85.890401  68.938306 11.284
 53     2.670 54060.61472798 14.58  85.906832  68.940161  3.067
 53     0.938 54060.61472862 14.32  85.902812  68.943181  3.067
 53     0.857 54060.61472927 14.04  85.898782  68.946201  3.067
 54     4.501 54095.61470312 10.79  85.910461  68.944086  2.791
 54     6.551 54095.61470377 10.53  85.906431  68.947106  2.791
 55    28.714 54130.61464738  7.67  85.894955  68.932207  2.769
 55    36.200 54130.61464802  6.25  85.890935  68.935227  2.769
 55    48.304 54130.61464866  4.56  85.886905  68.938247  2.769
 56    29.896 54165.61467417  7.96  85.907458  68.939764  2.020
 56    33.369 54165.61467482  7.45  85.903438  68.942784  2.020
 56    35.540 54165.61467546  7.05  85.899408  68.945804  2.020
 57    11.880 54200.61465074  8.05  85.895917  68.934880 10.093
 57    11.878 54200.61465139  7.04  85.891887  68.937900 10.093
 57     6.390 54200.61465203 14.58  85.887857  68.940920 10.093
 59    13.634 54270.61470927 18.72  85.905124  68.938932  9.872
 59    11.754 54270.61470991 15.86  85.901094  68.941952  9.872
 59     5.363 54270.61471056 20.91  85.897074  68.944972  9.872
 60     0.246 54305.61471189 26.51  85.903057  68.938046 10.208
 60     0.600 54305.61471254 25.08  85.899037  68.941066 10.208
 60     0.791 54305.61471318 24.29  85.895007  68.944086 10.208
 61     1.136 54340.61469478 28.61  85.908194  68.941893 17.377
 61     1.376 54340.61469542 32.34  85.904174  68.944913 17.377
 61     1.822 54340.61469607 40.18  85.900144  68.947933 17.377
 62    10.390 54375.61464581 22.85  85.901113  68.935106 14.347
 62    12.015 54375.61464646 17.40  85.897083  68.938126 14.347
 62    11.396 54375.61464710 18.81  85.893053  68.941146 14.347
 63     1.183 54410.61464073 23.13  85.904463  68.938801  2.823
 63     1.500 54410.61464138 22.37  85.900433  68.941821  2.823
 63     1.568 54410.61464202 22.53  85.896413  68.944841  2.823
 64    33.727 54445.61460906 10.00  85.895475  68.932556  2.715
 64    37.054 54445.61460971  9.48  85.891445  68.935576  2.715
 64    46.333 54445.61461035  8.62  85.887425  68.938596  2.715
 65    35.363 54480.61463210  7.21  85.902977  68.939712  2.631
 65    45.751 54480.61463275  6.39  85.898947  68.942732  2.631
 66    30.240 54515.61462367  6.72  85.895233  68.934344  2.862
 66    35.915 54515.61462432  6.14  85.891203  68.937364  2.862
 66    47.742 54515.61462496  4.96  85.887173  68.940390  2.270
 67    45.340 54550.61464552  4.05  85.907576  68.942007  2.361
 67    47.557 54550.61464616  2.85  85.903556  68.945017  2.361
 67    52.298 54550.61464680  1.02  85.899526  68.948047  2.361
 68    36.859 54585.61461971  3.00  85.902493  68.936760  1.939
 68    41.042 54585.61462035  2.79  85.898473  68.939790  1.939
 68    39.450 54585.61462100  4.03  85.894447  68.942803  1.843
 69    11.814 54620.61463933 22.59  85.901624  68.939180 13.147
 69    11.796 54620.61463997 22.62  85.897594  68.942200 13.147
 70    12.276 54655.61464957 17.53  85.902673  68.938408 11.731
 70    11.965 54655.61465021 18.32  85.898653  68.941428 11.731
 70    11.488 54655.61465086 19.94  85.894623  68.944448 11.731
 71    11.850 54690.61463549 19.16  85.906183  68.940347 12.287
 71     1.138 54690.61463614 19.78  85.902163  68.943367 12.287
 71     1.609 54690.61463678 18.19  85.898133  68.946387 12.287
 72     2.683 54725.61459980 22.12  85.895904  68.934718 17.577
 72     2.030 54725.61460045 26.15  85.891874  68.937738 17.577
 72     3.061 54725.61460109 36.72  85.887842  68.940757 11.916
 73     0.562 54760.61461155 40.56  85.905384  68.937657  9.928
 73     0.588 54760.61461219 39.14  85.901364  68.940677  9.928
 73     0.365 54760.61461283 41.41  85.897334  68.943697  9.928
 74    -0.077 54795.61459274 18.73  85.892443  68.932670  4.172
 74    -0.470 54795.61459339 18.54  85.888413  68.935690  4.172
 74     0.006 54795.61459403 17.40  85.884386  68.938715  1.976
 75     8.571 54830.61461169 11.18  85.904632  68.937302  2.843
 75    32.470 54830.61461233 11.08  85.900612  68.940322  2.843
 75    35.411 54830.61461297 10.49  85.896582  68.943342  2.843
 76    28.373 54865.61458816 10.59  85.894736  68.935508  2.815
 76    32.504 54865.61458880  9.77  85.890702  68.938537  2.071
 77    28.771 54900.61461081  9.62  85.908027  68.938771  2.845
 77    23.660 54900.61461146  9.38  85.904007  68.941791  2.845
 77    34.449 54900.61461210  8.91  85.899977  68.944811  2.845
 78    35.049 54935.61457982  7.49  85.898374  68.936714  2.328
 78    35.729 54935.61458047  7.40  85.894344  68.939734  2.328
 78    41.624 54935.61458111  6.51  85.890314  68.942754  2.328
 80    12.536 55005.61463207 20.58  85.903093  68.937446 12.426
 80    11.845 55005.61463272 17.43  85.899073  68.940466 12.426
 80    11.475 55005.61463336 20.16  85.895043  68.943486 12.426
 81    12.248 55040.61462027 19.71  85.903349  68.939227 11.042
 81     0.983 55040.61462091 19.23  85.899319  68.942247 11.042
 81     9.560 55040.61462156 15.87  85.895289  68.945267 11.042
 82    11.295 55075.61460266 18.56  85.906812  68.941698 12.348
 82     0.826 55075.61460330 18.07  85.902782  68.944718 12.348
 83    12.502 55110.61455199 18.81  85.899201  68.934323  9.196
 83    12.332 55110.61455263 14.68  85.895171  68.937343  9.196
 83    12.656 55110.61455328 14.52  85.891141  68.940363  9.196
 85    30.096 55180.61452905 12.21  85.892465  68.934101  2.778
 85    32.784 55180.61452969 11.73  85.888439  68.937128  2.227
 86     6.434 55215.61454960 11.73  85.907355  68.937885  2.686
 86     6.257 55215.61455025 11.65  85.903325  68.940905  2.686
 86    34.519 55215.61455089 11.04  85.899305  68.943925  2.686
 87    33.509 55250.61452606  9.69  85.898030  68.935811  2.608
 87    34.314 55250.61452670  9.25  85.894000  68.938831  2.608
 87    45.354 55250.61452735  7.75  85.889974  68.941857  2.103
 88    29.521 55285.61454377  9.42  85.908423  68.940123  2.510
 88    33.271 55285.61454442  8.68  85.904403  68.943143  2.510
 88    35.759 55285.61454506  8.55  85.900373  68.946163  2.510
 89    33.288 55320.61451686  6.37  85.903862  68.937840  2.365
 89    35.181 55320.61451751  5.84  85.899842  68.940860  2.365
 89    37.618 55320.61451815  5.48  85.895812  68.943880  2.365
 90    11.670 55355.61451731 34.70  85.906251  68.937698 20.954
 90    10.975 55355.61451795 35.94  85.902231  68.940728 20.954
 90    10.856 55355.61451859 49.61  85.898201  68.943748 20.954
 91     1.262 55390.61451757 52.64  85.895705  68.936169 43.679
 91     1.399 55390.61451821 51.85  85.891675  68.939189 43.679
 92    11.578 55425.61453467 22.13  85.902555  68.939551 12.757
 92     0.821 55425.61453531 26.14  85.898525  68.942571 12.757
 93     2.865 55460.61450314 22.03  85.909690  68.942367 13.048
 93     1.010 55460.61450378 19.88  85.905660  68.945387 13.048
 93     0.612 55460.61450443 19.51  85.901640  68.948407 13.048
