# NaN NaN NaN ;Mean Elev.(m), Avg Gradient(m/km), RMS Gradient(m/km) - SRTM1     
#    0.226  -0.105   2.607 ;Mean Elev.(m), Avg Gradient(m/km), RMS Gradient(m/km) - ASTER GDEM
#    0.000  -0.000   0.187 ;Mean Elev.(m), Avg Gradient(m/km), RMS Gradient(m/km) - GMTED2010 
  8    -0.235 52485.61502872 16.53  83.527782  70.583871 12.072
  8    -0.365 52485.61502936 16.33  83.523112  70.586831 12.072
  8    -0.353 52485.61503001 17.28  83.518452  70.589801 12.072
  8    -0.332 52485.61503065 16.61  83.513782  70.592771 12.072
  8    -0.277 52485.61503129 16.58  83.509112  70.595741 12.072
  8    -0.379 52485.61503194 17.04  83.504452  70.598701 12.072
  8    -0.353 52485.61503258 17.94  83.499782  70.601671 12.072
  8    -0.476 52485.61503323 18.95  83.495110  70.604636 11.106
  8    -0.542 52485.61503387 20.83  83.490430  70.607606 11.106
  8    -1.463 52485.61503452 23.96  83.485760  70.610566 11.106
  8    -1.192 52485.61503516 24.03  83.481080  70.613536 11.106
  8    -0.813 52485.61503581 24.89  83.476410  70.616506 11.106
  8    -0.687 52485.61503645 25.73  83.471730  70.619466 11.106
  8    -1.009 52485.61503710 27.57  83.467050  70.622436 11.106
  8    -1.123 52485.61503774 27.58  83.462370  70.625406 11.106
  9    -2.331 52520.61499464 18.26  83.531459  70.586161  5.923
  9    -4.594 52520.61499528 18.47  83.526789  70.589131  5.923
  9    -0.654 52520.61499593 16.60  83.522129  70.592101  5.923
  9    -0.478 52520.61499657 16.27  83.517459  70.595061  5.923
  9    -0.643 52520.61499722 16.05  83.512789  70.598031  5.923
  9    -0.539 52520.61499786 16.33  83.508119  70.601001  5.923
  9    -0.544 52520.61499851 16.93  83.503449  70.603961  5.923
  9    -0.563 52520.61499915 18.40  83.498779  70.606931  5.923
  9    -2.056 52520.61499980 21.61  83.494109  70.609901  5.923
  9    -0.606 52520.61500044 21.22  83.489439  70.612861  5.923
  9    -0.560 52520.61500109 22.19  83.484759  70.615831  5.923
  9    -0.247 52520.61500173 21.75  83.480079  70.618801  5.923
  9    -0.005 52520.61500238 20.82  83.475409  70.621761  5.923
  9     0.185 52520.61500302 21.08  83.470729  70.624731  5.923
  9     0.179 52520.61500367 19.51  83.466049  70.627701  5.923
  9     0.148 52520.61500431 19.16  83.461359  70.630661  5.923
 10    -0.574 52555.61504461 37.62  83.516070  70.576941 16.646
 10    -0.678 52555.61504526 44.10  83.511410  70.579911 16.646
 10    -0.684 52555.61504590 29.63  83.506750  70.582881 16.646
 10    -1.256 52555.61504654 25.04  83.502080  70.585841 16.646
 10    -1.780 52555.61504719 25.12  83.497410  70.588811 16.646
 10    -1.839 52555.61504783 24.07  83.492746  70.591775 15.329
 10    -1.364 52555.61504848 23.88  83.488076  70.594745 15.329
 10    -1.089 52555.61504912 24.33  83.483406  70.597715 15.329
 10    -0.977 52555.61504977 25.53  83.478726  70.600675 15.329
 10    -0.895 52555.61505041 28.59  83.474056  70.603645 15.329
 10    -0.801 52555.61505106 28.60  83.469386  70.606605 15.329
 11    -0.475 52590.61503514 25.89  83.522235  70.584436  5.115
 11    -0.502 52590.61503578 26.21  83.517565  70.587406  5.115
 11    -0.530 52590.61503643 26.26  83.512905  70.590376  5.115
 11    -0.383 52590.61503707 26.49  83.508235  70.593336  5.115
 11    -0.188 52590.61503772 28.95  83.503565  70.596306  5.115
 11    -0.202 52590.61503836 29.47  83.498895  70.599276  5.115
 11    -0.130 52590.61503901 28.80  83.494225  70.602236  5.115
 11    -0.148 52590.61503965 29.09  83.489555  70.605206  5.115
 11    -0.185 52590.61504030 30.46  83.484885  70.608176  5.115
 11    -0.192 52590.61504094 29.89  83.480205  70.611146  5.115
 11    -0.258 52590.61504159 29.77  83.475534  70.614111  6.012
 11    -0.258 52590.61504223 29.57  83.470854  70.617071  6.012
 11    -0.397 52590.61504288 28.75  83.466174  70.620041  6.012
 11    -0.313 52590.61504352 27.92  83.461494  70.623001  6.012
 12    -0.153 52625.61496213 17.74  83.540858  70.585238  2.487
 12    -0.239 52625.61496277 17.76  83.536188  70.588208  2.487
 12    -0.114 52625.61496342 17.71  83.531528  70.591178  2.487
 12    -0.113 52625.61496406 17.50  83.526858  70.594138  2.487
 12    -0.045 52625.61496471 17.60  83.522198  70.597108  2.487
 12    -0.030 52625.61496535 17.27  83.517528  70.600078  2.487
 12    -0.042 52625.61496599 17.70  83.512858  70.603048  2.487
 12     0.046 52625.61496664 16.83  83.508188  70.606008  2.487
 12     0.086 52625.61496728 16.59  83.503518  70.608978  2.487
 12     0.019 52625.61496793 17.33  83.498841  70.611941  3.590
 12     0.104 52625.61496857 16.96  83.494171  70.614911  3.590
 12     0.079 52625.61496922 17.76  83.489491  70.617881  3.590
 12     0.082 52625.61496986 17.44  83.484811  70.620841  3.590
 12     0.068 52625.61497051 17.68  83.480141  70.623811  3.590
 12    -0.060 52625.61497115 18.36  83.475461  70.626771  3.590
 12     0.026 52625.61497180 18.68  83.470781  70.629741  3.590
 12     0.048 52625.61497244 18.20  83.466091  70.632711  3.590
 12     0.015 52625.61497309 18.65  83.461411  70.635671  3.590
 13    -0.485 52660.61500090 13.61  83.519265  70.586336  2.263
 13    -0.436 52660.61500154 13.27  83.514595  70.589296  2.263
 13    -0.350 52660.61500219 13.29  83.509925  70.592266  2.263
 13    -0.361 52660.61500283 13.06  83.505265  70.595236  2.263
 13    -0.270 52660.61500348 13.33  83.500595  70.598196  2.263
 13    -0.247 52660.61500412 13.23  83.495925  70.601166  2.263
 13    -0.194 52660.61500477 13.17  83.491245  70.604136  2.263
 13    -0.122 52660.61500541 13.29  83.486575  70.607096  2.263
 13    -0.087 52660.61500606 13.12  83.481895  70.610066  2.263
 13    -0.158 52660.61500670 13.20  83.477225  70.613026  2.263
 13    -0.152 52660.61500734 13.21  83.472545  70.615996  2.263
 13    -0.167 52660.61500799 13.38  83.467865  70.618966  2.263
 13    -0.149 52660.61500863 13.62  83.463185  70.621926  2.263
 14    -0.476 52695.61497874 11.52  83.514356  70.576585  1.909
 14    -0.489 52695.61497939 11.52  83.509696  70.579555  1.909
 14    -0.536 52695.61498003 11.34  83.505026  70.582525  1.909
 14    -0.480 52695.61498068 11.45  83.500356  70.585485  1.909
 14    -0.393 52695.61498132 11.27  83.495686  70.588455  1.909
 14    -0.316 52695.61498197 11.36  83.491016  70.591425  1.909
 14    -0.344 52695.61498261 11.20  83.486355  70.594383  1.849
 14    -0.280 52695.61498325 10.82  83.481675  70.597353  1.849
 14    -0.191 52695.61498390 10.81  83.477005  70.600323  1.849
 14    -0.200 52695.61498454 10.64  83.472325  70.603283  1.849
 14    -0.209 52695.61498519 10.45  83.467655  70.606253  1.849
 15    -0.528 52730.61500904 11.66  83.528894  70.583953  1.641
 15    -0.589 52730.61500968 11.40  83.524224  70.586923  1.641
 15    -0.458 52730.61501033 11.34  83.519564  70.589893  1.641
 15    -0.553 52730.61501097 11.47  83.514894  70.592853  1.641
 15    -0.479 52730.61501162 11.28  83.510224  70.595823  1.641
 15    -0.416 52730.61501226 11.32  83.505559  70.598789  1.694
 15    -0.208 52730.61501291 11.05  83.500889  70.601759  1.694
 15    -0.224 52730.61501355 10.82  83.496209  70.604719  1.694
 15    -0.225 52730.61501420 10.77  83.491539  70.607689  1.694
 15    -0.212 52730.61501484 10.59  83.486869  70.610659  1.694
 15    -0.230 52730.61501548 10.76  83.482189  70.613619  1.694
 15    -0.178 52730.61501613 10.46  83.477509  70.616589  1.694
 15    -0.203 52730.61501677 10.46  83.472829  70.619549  1.694
 15    -0.196 52730.61501742 10.51  83.468149  70.622519  1.694
 15    -0.200 52730.61501806 10.46  83.463469  70.625489  1.694
 15    -0.203 52730.61501871 10.52  83.458789  70.628449  1.694
 16    -0.212 52765.61501925 10.97  83.533918  70.584990  2.561
 16    -0.267 52765.61501990 11.09  83.529258  70.587960  2.561
 16    -0.332 52765.61502054 11.49  83.524598  70.590930  2.561
 16    -0.266 52765.61502119 10.94  83.519928  70.593890  2.561
 16    -0.232 52765.61502183 11.15  83.515268  70.596860  2.561
 16    -0.166 52765.61502247 11.15  83.510598  70.599830  2.561
 16    -0.131 52765.61502312 11.21  83.505928  70.602800  2.561
 16    -0.114 52765.61502376 11.62  83.501258  70.605760  2.561
 16    -0.023 52765.61502441 10.97  83.496588  70.608730  2.561
 16     0.142 52765.61502505 11.41  83.491918  70.611700  2.561
 16    -0.014 52765.61502570 11.11  83.487238  70.614660  2.561
 16     0.004 52765.61502634 11.57  83.482568  70.617630  2.561
 16     0.044 52765.61502699 11.42  83.477888  70.620600  2.561
 16     0.112 52765.61502763 11.76  83.473208  70.623560  2.561
 16     0.092 52765.61502828 11.92  83.468528  70.626530  2.561
 16    -0.009 52765.61502892 11.77  83.463848  70.629490  2.561
 16     0.078 52765.61502957 11.61  83.459168  70.632460  2.561
 17     3.508 52800.61501214 52.72  83.516800  70.576263 35.754
 17     3.506 52800.61501279 52.26  83.512130  70.579233 35.754
 17     3.451 52800.61501343 36.80  83.507470  70.582203 35.754
 17     3.139 52800.61501408 23.18  83.502800  70.585163 35.754
 17     2.664 52800.61501472 18.10  83.498130  70.588133 35.754
 17     3.189 52800.61501537 17.34  83.493460  70.591103 35.754
 17     3.471 52800.61501601 19.95  83.488790  70.594063 35.754
 17     3.550 52800.61501665 27.70  83.484120  70.597033 35.754
 17     3.598 52800.61501730 28.85  83.479450  70.600003 35.754
 17     3.265 52800.61501794 23.81  83.474770  70.602963 35.754
 17     3.230 52800.61501859 25.67  83.470093  70.605933 44.395
 18    -0.541 52835.61508033 17.02  83.516416  70.580514  4.982
 18    -0.519 52835.61508097 17.18  83.511756  70.583474  4.982
 18    -0.420 52835.61508162 16.80  83.507086  70.586444  4.982
 18    -0.471 52835.61508226 16.40  83.502416  70.589414  4.982
 18    -0.433 52835.61508291 16.10  83.497746  70.592374  4.982
 18    -0.383 52835.61508355 16.01  83.493076  70.595344  4.982
 18    -0.360 52835.61508419 15.92  83.488406  70.598314  4.982
 18    -0.365 52835.61508484 16.12  83.483736  70.601274  4.982
 18    -0.465 52835.61508548 17.13  83.479056  70.604244  4.982
 18    -0.342 52835.61508613 17.20  83.474386  70.607214  4.982
 18    -0.342 52835.61508677 18.44  83.469706  70.610174  4.982
 18    -0.239 52835.61508742 17.90  83.465023  70.613142 15.922
 19    -0.254 52870.61512212 21.03  83.520021  70.584641 20.232
 19    -1.107 52870.61512277 20.09  83.515361  70.587601 20.232
 19    -1.577 52870.61512341 21.55  83.510691  70.590571 20.232
 19    -0.835 52870.61512406 22.01  83.506021  70.593541 20.232
 19    -1.213 52870.61512470 24.88  83.501351  70.596501 20.232
 19    -0.638 52870.61512535 19.57  83.496681  70.599471 20.232
 19    -0.650 52870.61512599 20.41  83.492011  70.602441 20.232
 19    -0.590 52870.61512664 19.61  83.487331  70.605401 20.232
 19    -0.840 52870.61512728 21.33  83.482661  70.608371 20.232
 19    -1.177 52870.61512793 22.85  83.477981  70.611341 20.232
 19    -1.277 52870.61512857 23.79  83.473311  70.614301 20.232
 19    -0.820 52870.61512921 22.96  83.468633  70.617270 17.968
 19    -0.639 52870.61512986 21.70  83.463953  70.620240 17.968
 20    -0.846 52905.61512221 18.62  83.524851  70.586272  5.011
 20    -3.106 52905.61512286 20.14  83.520181  70.589242  5.011
 20    -2.850 52905.61512350 19.13  83.515521  70.592212  5.011
 20    -0.532 52905.61512415 18.19  83.510851  70.595182  5.011
 20    -1.218 52905.61512479 19.26  83.506181  70.598142  5.011
 20    -0.866 52905.61512543 20.13  83.501511  70.601112  5.011
 20    -0.658 52905.61512608 19.90  83.496841  70.604082  5.011
 20    -0.709 52905.61512672 21.58  83.492171  70.607042  5.011
 20    -0.802 52905.61512737 22.87  83.487491  70.610012  5.011
 20    -0.909 52905.61512801 24.56  83.482821  70.612982  5.011
 20    -0.810 52905.61512866 26.13  83.478141  70.615942  5.011
 20    -0.623 52905.61512930 25.91  83.473461  70.618912  5.011
 20    -0.442 52905.61512995 25.65  83.468781  70.621872  5.011
 20    -0.338 52905.61513059 23.80  83.464101  70.624842  5.011
 20    -0.236 52905.61513124 24.39  83.459421  70.627812  5.011
 21    -0.712 52940.61505270 35.96  83.513708  70.576573  9.148
 21    -0.661 52940.61505334 38.48  83.509048  70.579543  9.148
 21    -0.405 52940.61505399 41.05  83.504378  70.582513  9.148
 21    -0.436 52940.61505463 40.63  83.499708  70.585473  9.148
 21    -0.424 52940.61505528 41.32  83.495038  70.588443  9.148
 21    -0.489 52940.61505592 38.56  83.490368  70.591413  9.148
 21    -0.485 52940.61505657 37.52  83.485696  70.594371 12.022
 21    -0.443 52940.61505721 37.52  83.481026  70.597341 12.022
 21    -0.458 52940.61505786 38.90  83.476356  70.600311 12.022
 21    -0.412 52940.61505850 38.63  83.471676  70.603271 12.022
 21    -0.397 52940.61505915 37.24  83.467006  70.606241 12.022
 23    -0.753 53010.61510452 13.80  83.521744  70.583919  2.019
 23    -0.858 53010.61510516 13.82  83.517084  70.586889  2.019
 23    -0.680 53010.61510581 13.50  83.512414  70.589859  2.019
 23    -0.656 53010.61510645 13.50  83.507754  70.592829  2.019
 23    -0.677 53010.61510710 13.19  83.503084  70.595789  2.019
 23    -0.763 53010.61510774 13.11  83.498414  70.598759  2.019
 23    -0.663 53010.61510839 13.29  83.493744  70.601729  2.019
 23    -0.575 53010.61510903 13.40  83.489074  70.604689  2.019
 23    -0.655 53010.61510967 13.11  83.484394  70.607659  2.019
 23    -0.521 53010.61511032 13.24  83.479724  70.610629  2.019
 23    -0.453 53010.61511096 13.16  83.475044  70.613589  2.019
 23    -0.460 53010.61511161 13.05  83.470364  70.616559  2.019
 23    -0.483 53010.61511225 12.99  83.465694  70.619519  2.019
 23    -0.514 53010.61511290 13.03  83.461014  70.622489  2.019
 24    -0.688 53045.61506648 11.74  83.516364  70.577270  1.815
 24    -0.881 53045.61506713 11.87  83.511704  70.580230  1.815
 24    -0.729 53045.61506777 12.21  83.507034  70.583200  1.815
 24    -0.641 53045.61506841 11.59  83.502364  70.586170  1.815
 24    -0.684 53045.61506906 11.84  83.497704  70.589130  1.815
 24    -0.701 53045.61506970 11.44  83.493034  70.592100  1.815
 24    -0.667 53045.61507035 10.95  83.488364  70.595070  1.815
 24    -0.648 53045.61507099 11.17  83.483684  70.598030  1.815
 24    -0.624 53045.61507164 10.97  83.479014  70.601000  1.815
 24    -0.632 53045.61507228 10.91  83.474344  70.603970  1.815
 24    -0.542 53045.61507293 10.73  83.469664  70.606930  1.815
 25    -0.812 53080.61510187 11.26  83.519752  70.585263  1.944
 25    -0.793 53080.61510251 11.18  83.515092  70.588223  1.944
 25    -0.717 53080.61510316 10.89  83.510422  70.591193  1.944
 25    -0.818 53080.61510380 11.19  83.505752  70.594163  1.944
 25    -0.775 53080.61510445 10.78  83.501092  70.597123  1.944
 25    -0.677 53080.61510509 10.96  83.496422  70.600093  1.944
 25    -0.626 53080.61510574 10.83  83.491742  70.603063  1.944
 25    -0.627 53080.61510638 10.65  83.487072  70.606023  1.944
 25    -0.593 53080.61510703 10.49  83.482402  70.608993  1.944
 25    -0.452 53080.61510767 10.50  83.477732  70.611963  1.944
 25    -0.586 53080.61510832 10.64  83.473052  70.614923  1.944
 25    -0.552 53080.61510896 10.53  83.468372  70.617893  1.944
 25    -0.611 53080.61510960 10.49  83.463692  70.620863  1.944
 26    -0.977 53115.61507134 10.21  83.512025  70.577722  1.924
 26    -1.017 53115.61507199  9.93  83.507365  70.580692  1.924
 26    -1.027 53115.61507263 10.18  83.502695  70.583662  1.924
 26    -0.965 53115.61507328  9.92  83.498025  70.586622  1.924
 26    -0.834 53115.61507392  9.48  83.493355  70.589592  1.924
 26    -0.893 53115.61507457  9.66  83.488695  70.592562  1.924
 26    -0.779 53115.61507521  9.84  83.484015  70.595522  1.924
 26    -0.735 53115.61507586  9.67  83.479345  70.598492  1.924
 26    -0.769 53115.61507650  9.76  83.474675  70.601462  1.924
 26    -0.622 53115.61507715  9.17  83.469995  70.604422  1.924
 27    -0.478 53150.61511911  9.78  83.517974  70.581550  1.863
 27    -0.722 53150.61511976  9.80  83.513314  70.584510  1.863
 27    -0.631 53150.61512040  9.97  83.508644  70.587480  1.863
 27    -0.585 53150.61512105  9.65  83.503974  70.590450  1.863
 27    -0.710 53150.61512169  9.88  83.499304  70.593410  1.863
 27    -0.443 53150.61512234  9.52  83.494644  70.596380  1.863
 27    -0.234 53150.61512298  8.79  83.489974  70.599350  1.863
 27    -0.222 53150.61512363  9.29  83.485294  70.602310  1.863
 27    -0.220 53150.61512427  9.02  83.480624  70.605280  1.863
 27    -0.219 53150.61512491  8.91  83.475954  70.608250  1.863
 27    -0.177 53150.61512556  8.74  83.471274  70.611210  1.863
 27    -0.199 53150.61512620  8.74  83.466594  70.614180  1.863
 27    -0.131 53150.61512685  8.68  83.461914  70.617150  1.863
 28    -0.083 53185.61510840 17.74  83.526367  70.583780  7.703
 28     0.012 53185.61510904 16.87  83.521707  70.586740  7.703
 28    -0.004 53185.61510969 16.73  83.517037  70.589710  7.703
 28    -0.048 53185.61511033 16.97  83.512367  70.592680  7.703
 28     0.047 53185.61511097 16.71  83.507697  70.595640  7.703
 28     0.016 53185.61511162 16.92  83.503027  70.598610  7.703
 28     0.246 53185.61511226 17.63  83.498357  70.601580  7.703
 28     0.391 53185.61511291 19.02  83.493687  70.604540  7.703
 28     0.469 53185.61511355 20.95  83.489007  70.607510  7.703
 28     0.430 53185.61511420 21.70  83.484337  70.610480  7.703
 28     0.396 53185.61511484 32.05  83.479657  70.613440  7.703
 28     0.345 53185.61511549 33.35  83.474977  70.616410  7.703
 28     0.250 53185.61511613 34.38  83.470297  70.619370  7.703
 28     0.346 53185.61511678 29.47  83.465617  70.622340  7.703
 28     0.339 53185.61511742 30.30  83.460937  70.625310  7.703
 29    -1.560 53220.61513477 27.30  83.524670  70.586319  6.443
 29    -2.008 53220.61513542 27.63  83.520000  70.589289  6.443
 29    -2.209 53220.61513606 28.32  83.515340  70.592249  6.443
 29    -1.248 53220.61513671 27.73  83.510670  70.595219  6.443
 29    -0.934 53220.61513735 28.51  83.506000  70.598189  6.443
 29    -0.599 53220.61513799 28.87  83.501330  70.601149  6.443
 29    -0.450 53220.61513864 30.04  83.496660  70.604119  6.443
 29    -0.300 53220.61513928 31.43  83.491990  70.607089  6.443
 29    -0.301 53220.61513993 34.15  83.487310  70.610049  6.443
 29    -0.213 53220.61514057 34.97  83.482640  70.613019  6.443
 29    -0.286 53220.61514122 36.82  83.477960  70.615989  6.443
 29    -0.197 53220.61514186 37.32  83.473280  70.618949  6.443
 29    -0.212 53220.61514251 38.63  83.468600  70.621919  6.443
 29    -0.373 53220.61514315 39.73  83.463920  70.624879  6.443
 29    -0.518 53220.61514380 42.37  83.459240  70.627849  6.443
 30    -1.118 53255.61511120 18.02  83.531949  70.585863  5.638
 30    -1.474 53255.61511185 19.69  83.527279  70.588833  5.638
 30    -3.000 53255.61511249 19.35  83.522619  70.591793  5.638
 30    -1.596 53255.61511314 18.24  83.517949  70.594763  5.638
 30    -1.531 53255.61511378 18.42  83.513289  70.597733  5.638
 30    -1.043 53255.61511443 18.00  83.508619  70.600703  5.638
 30    -1.715 53255.61511507 20.08  83.503949  70.603663  5.638
 30    -1.493 53255.61511572 19.58  83.499279  70.606633  5.638
 30    -2.163 53255.61511636 22.00  83.494609  70.609603  5.638
 30    -1.137 53255.61511700 20.98  83.489929  70.612563  5.638
 30    -0.903 53255.61511765 21.30  83.485259  70.615533  5.638
 30    -0.583 53255.61511829 23.64  83.480579  70.618503  5.638
 30    -0.350 53255.61511894 23.99  83.475909  70.621463  5.638
 30    -0.171 53255.61511958 22.22  83.471229  70.624433  5.638
 30    -0.281 53255.61512023 21.28  83.466549  70.627403  5.638
 30    -0.375 53255.61512087 21.39  83.461869  70.630363  5.638
 32     0.003 53325.61509731 19.02  83.525329  70.586446  2.015
 32    -0.012 53325.61509796 18.90  83.520659  70.589406  2.015
 32    -0.026 53325.61509860 18.68  83.515999  70.592376  2.015
 32    -0.020 53325.61509924 18.80  83.511329  70.595346  2.015
 32    -0.046 53325.61509989 18.84  83.506659  70.598306  2.015
 32    -0.035 53325.61510053 18.35  83.501989  70.601276  2.015
 32    -0.034 53325.61510118 18.05  83.497319  70.604246  2.015
 32    -0.076 53325.61510182 18.02  83.492639  70.607206  2.015
 32    -0.171 53325.61510247 17.71  83.487969  70.610176  2.015
 32    -0.143 53325.61510311 17.92  83.483289  70.613146  2.015
 32    -0.239 53325.61510376 17.88  83.478609  70.616106  2.015
 32    -0.171 53325.61510440 17.60  83.473939  70.619076  2.015
 32    -0.197 53325.61510505 17.60  83.469259  70.622036  2.015
 32    -0.152 53325.61510569 17.54  83.464579  70.625006  2.015
 32    -0.167 53325.61510634 17.48  83.459889  70.627976  2.015
 33    -2.879 53360.61505571 13.55  83.537358  70.585027  2.209
 33    -2.699 53360.61505636 13.27  83.532698  70.587997  2.209
 33    -2.604 53360.61505700 13.47  83.528028  70.590967  2.209
 33    -2.682 53360.61505765 13.31  83.523368  70.593927  2.209
 33    -2.319 53360.61505829 12.98  83.518698  70.596897  2.209
 33    -2.165 53360.61505894 12.84  83.514028  70.599867  2.209
 33    -2.019 53360.61505958 12.62  83.509358  70.602827  2.209
 33    -1.999 53360.61506022 12.79  83.504688  70.605797  2.209
 33    -2.106 53360.61506087 12.86  83.500018  70.608767  2.209
 33    -2.338 53360.61506151 12.67  83.495338  70.611737  2.209
 33    -2.332 53360.61506216 12.96  83.490668  70.614697  2.209
 33    -2.302 53360.61506280 12.65  83.485988  70.617667  2.209
 33    -2.353 53360.61506345 12.64  83.481318  70.620627  2.209
 33    -2.468 53360.61506409 12.76  83.476640  70.623600  3.316
 33    -2.443 53360.61506474 12.70  83.471950  70.626560  3.316
 33    -2.302 53360.61506538 12.84  83.467270  70.629530  3.316
 33    -2.088 53360.61506603 12.67  83.462590  70.632490  3.316
 34    -1.953 53395.61507417 12.21  83.516392  70.578300  2.127
 34    -1.670 53395.61507481 12.64  83.511732  70.581270  2.127
 34    -1.599 53395.61507546 12.38  83.507062  70.584240  2.127
 34    -1.337 53395.61507610 12.29  83.502402  70.587200  2.127
 34    -1.215 53395.61507675 12.12  83.497732  70.590170  2.127
 34    -0.835 53395.61507739 11.85  83.493062  70.593140  2.127
 34    -0.548 53395.61507804 11.40  83.488392  70.596100  2.127
 34    -0.710 53395.61507868 11.63  83.483722  70.599070  2.127
 34    -0.804 53395.61507933 11.43  83.479042  70.602040  2.127
 34    -0.784 53395.61507997 11.35  83.474372  70.605000  2.127
 34    -0.670 53395.61508061 11.04  83.469692  70.607970  2.127
 35    -1.373 53430.61506705 12.20  83.538342  70.583711  1.974
 35    -1.644 53430.61506770 12.21  83.533682  70.586681  1.974
 35    -0.964 53430.61506834 11.92  83.529012  70.589651  1.974
 35    -1.164 53430.61506899 12.11  83.524352  70.592611  1.974
 35    -1.022 53430.61506963 11.90  83.519682  70.595581  1.974
 35    -0.965 53430.61507028 11.74  83.515012  70.598551  1.974
 35    -0.912 53430.61507092 11.40  83.510342  70.601521  1.974
 35    -0.847 53430.61507157 11.26  83.505672  70.604481  1.974
 35    -0.651 53430.61507221 11.16  83.501002  70.607451  1.974
 35    -0.623 53430.61507286 11.20  83.496332  70.610421  1.974
 35    -0.753 53430.61507350 10.95  83.491652  70.613381  1.974
 35    -0.671 53430.61507415 10.94  83.486982  70.616351  1.974
 35    -0.679 53430.61507479 11.34  83.482302  70.619321  1.974
 35    -0.591 53430.61507544 11.01  83.477628  70.622286  1.930
 35    -0.612 53430.61507608 11.12  83.472948  70.625246  1.930
 35    -0.649 53430.61507672 10.96  83.468268  70.628216  1.930
 35    -0.651 53430.61507737 10.63  83.463588  70.631176  1.930
 35    -0.483 53430.61507801 10.57  83.458898  70.634146  1.930
 36    -2.333 53465.61509550 10.89  83.515813  70.577904  1.972
 36    -1.184 53465.61509615 10.58  83.511143  70.580874  1.972
 36    -0.917 53465.61509679 10.75  83.506483  70.583834  1.972
 36    -0.923 53465.61509744 10.53  83.501813  70.586804  1.972
 36    -0.927 53465.61509808 10.46  83.497143  70.589774  1.972
 36    -0.797 53465.61509872 10.30  83.492473  70.592734  1.972
 36    -0.835 53465.61509937 10.12  83.487803  70.595704  1.972
 36    -0.819 53465.61510001 10.17  83.483133  70.598674  1.972
 36    -0.565 53465.61510066  9.65  83.478453  70.601634  1.972
 36    -0.542 53465.61510130  9.71  83.473783  70.604604  1.972
 36    -0.602 53465.61510195  9.60  83.469103  70.607574  1.972
 37    -0.448 53500.61515633  9.50  83.517106  70.582627  1.901
 37    -0.453 53500.61515698  9.16  83.512436  70.585597  1.901
 37    -0.528 53500.61515762  9.37  83.507776  70.588557  1.901
 37    -0.592 53500.61515827  9.22  83.503106  70.591527  1.901
 37    -0.557 53500.61515891  9.15  83.498436  70.594497  1.901
 37    -0.487 53500.61515956  9.16  83.493766  70.597457  1.901
 37    -0.359 53500.61516020  8.63  83.489096  70.600427  1.901
 37    -0.237 53500.61516085  8.90  83.484426  70.603397  1.901
 37    -0.137 53500.61516149  8.56  83.479756  70.606357  1.901
 37    -0.123 53500.61516213  8.46  83.475076  70.609327  1.901
 37    -0.045 53500.61516278  8.36  83.470406  70.612297  1.901
 37    -0.129 53500.61516342  8.36  83.465726  70.615257  1.901
 37    -0.058 53500.61516407  8.30  83.461042  70.618229  2.029
 38     1.454 53535.61514521 13.12  83.524431  70.586495  3.838
 38     1.368 53535.61514586 13.04  83.519761  70.589465  3.838
 38     1.394 53535.61514650 13.56  83.515101  70.592435  3.838
 38     1.267 53535.61514715 14.47  83.510431  70.595395  3.838
 38     0.845 53535.61514779 15.70  83.505761  70.598365  3.838
 38     0.234 53535.61514844 17.78  83.501091  70.601335  3.838
 38     0.519 53535.61514908 18.55  83.496421  70.604305  3.838
 38     0.596 53535.61514973 19.56  83.491741  70.607265  3.838
 38     0.810 53535.61515037 18.44  83.487071  70.610235  3.838
 38     0.695 53535.61515102 19.28  83.482391  70.613195  3.838
 38     0.656 53535.61515166 20.08  83.477722  70.616162 10.174
 38     0.586 53535.61515230 19.68  83.473042  70.619132 10.174
 38     0.913 53535.61515295 18.80  83.468362  70.622102 10.174
 38     0.858 53535.61515359 19.26  83.463682  70.625062 10.174
 38     1.001 53535.61515424 18.70  83.459002  70.628032 10.174
 39     0.012 53570.61515521 12.59  83.517049  70.586708  4.685
 39    -0.009 53570.61515586 12.45  83.512379  70.589678  4.685
 39    -0.129 53570.61515650 14.23  83.507719  70.592638  4.685
 39    -0.051 53570.61515715 13.46  83.503049  70.595608  4.685
 39    -0.065 53570.61515779 14.22  83.498379  70.598578  4.685
 39    -0.230 53570.61515844 15.11  83.493709  70.601538  4.685
 39    -0.250 53570.61515908 16.34  83.489039  70.604508  4.685
 39    -0.438 53570.61515972 16.65  83.484359  70.607478  4.685
 39    -0.197 53570.61516037 16.00  83.479689  70.610438  4.685
 39    -0.390 53570.61516101 17.34  83.475009  70.613408  4.685
 39    -0.437 53570.61516166 18.36  83.470339  70.616378  4.685
 39    -0.334 53570.61516230 18.22  83.465659  70.619338  4.685
 39    -0.303 53570.61516295 19.00  83.460977  70.622309 19.674
 40    -0.405 53605.61510181 13.48  83.540989  70.584754  3.616
 40    -0.319 53605.61510245 13.65  83.536329  70.587724  3.616
 40    -0.442 53605.61510310 13.68  83.531659  70.590694  3.616
 40    -0.417 53605.61510374 13.78  83.526999  70.593654  3.616
 40    -0.277 53605.61510439 14.27  83.522329  70.596624  3.616
 40    -0.309 53605.61510503 15.35  83.517659  70.599594  3.616
 40    -0.251 53605.61510568 14.62  83.512999  70.602564  3.616
 40    -0.185 53605.61510632 15.72  83.508329  70.605524  3.616
 40    -0.111 53605.61510697 16.48  83.503659  70.608494  3.616
 40    -0.082 53605.61510761 17.46  83.498979  70.611464  3.616
 40    -0.011 53605.61510826 18.51  83.494309  70.614424  3.616
 40    -0.110 53605.61510890 19.30  83.489629  70.617394  3.616
 40    -0.184 53605.61510955 19.52  83.484959  70.620364  3.616
 40     0.049 53605.61511019 20.81  83.480276  70.623332 11.229
 40     0.078 53605.61511083 20.03  83.475596  70.626292 11.229
 40    -0.049 53605.61511148 17.72  83.470916  70.629262 11.229
 40    -0.106 53605.61511212 17.15  83.466236  70.632222 11.229
 40    -0.405 53605.61511277 17.35  83.461556  70.635192 11.229
 41    -0.492 53640.61510088 24.47  83.513903  70.577291 13.348
 41    -1.035 53640.61510152 21.94  83.509243  70.580251 13.348
 41    -1.862 53640.61510217 20.75  83.504573  70.583221 13.348
 41    -2.676 53640.61510281 20.34  83.499903  70.586191 13.348
 41    -1.975 53640.61510346 19.62  83.495243  70.589151 13.348
 41    -1.514 53640.61510410 21.76  83.490573  70.592121 13.348
 41    -1.158 53640.61510474 26.70  83.485893  70.595091 13.348
 41    -0.953 53640.61510539 27.68  83.481223  70.598051 13.348
 41    -0.817 53640.61510603 29.08  83.476553  70.601021 13.348
 41    -0.605 53640.61510668 25.82  83.471873  70.603981 13.348
 41    -0.418 53640.61510732 23.15  83.467203  70.606951 13.348
 42    -0.157 53675.61512180 32.92  83.514130  70.584824 13.139
 42    -0.068 53675.61512244 35.34  83.509460  70.587794 13.139
 42    -0.188 53675.61512308 35.09  83.504800  70.590754 13.139
 42    -0.147 53675.61512373 37.52  83.500130  70.593724 13.139
 42    -0.234 53675.61512437 36.87  83.495460  70.596694 13.139
 42    -0.094 53675.61512502 38.66  83.490790  70.599654 13.139
 42    -0.148 53675.61512566 38.33  83.486120  70.602624 13.139
 42    -0.188 53675.61512631 38.67  83.481440  70.605594 13.139
 42    -0.148 53675.61512695 36.60  83.476770  70.608554 13.139
 42    -0.187 53675.61512760 38.67  83.472090  70.611524 13.139
 42    -0.253 53675.61512824 38.97  83.467420  70.614484 13.139
 42    -0.234 53675.61512889 43.82  83.462740  70.617454 13.139
 43    -1.233 53710.61505069 19.08  83.543542  70.583669  2.856
 43    -1.430 53710.61505133 18.46  83.538882  70.586639  2.856
 43    -1.773 53710.61505198 18.56  83.534222  70.589609  2.856
 43    -1.768 53710.61505262 18.05  83.529552  70.592579  2.856
 43    -1.673 53710.61505327 17.92  83.524892  70.595539  2.856
 43    -1.669 53710.61505391 18.38  83.520222  70.598509  2.856
 43    -1.469 53710.61505456 17.75  83.515552  70.601479  2.856
 43    -1.339 53710.61505520 17.85  83.510882  70.604439  2.856
 43    -1.242 53710.61505585 17.65  83.506212  70.607409  2.856
 43    -1.051 53710.61505649 18.28  83.501542  70.610379  2.856
 43    -1.057 53710.61505713 18.49  83.496862  70.613339  2.856
 43    -0.854 53710.61505778 18.74  83.492192  70.616309  2.856
 43    -0.926 53710.61505842 19.84  83.487512  70.619279  2.856
 43    -0.853 53710.61505907 19.88  83.482832  70.622239  2.856
 43    -0.379 53710.61505971 18.85  83.478154  70.625213  3.433
 43    -0.539 53710.61506036 19.30  83.473474  70.628173  3.433
 43    -0.493 53710.61506100 19.92  83.468794  70.631143  3.433
 43    -0.386 53710.61506165 19.99  83.464114  70.634103  3.433
 43    -0.294 53710.61506229 20.09  83.459434  70.637073  3.433
 44    -0.112 53745.61495983 15.08  83.513871  70.575808  2.280
 44    -0.309 53745.61496048 15.30  83.509211  70.578768  2.280
 44    -0.677 53745.61496112 14.85  83.504541  70.581738  2.280
 44    -1.308 53745.61496177 15.13  83.499871  70.584708  2.280
 44    -1.234 53745.61496241 14.96  83.495201  70.587668  2.280
 44    -0.762 53745.61496306 14.70  83.490531  70.590638  2.280
 44    -0.729 53745.61496370 14.55  83.485861  70.593608  2.280
 44    -0.574 53745.61496435 14.48  83.481191  70.596568  2.280
 44    -0.461 53745.61496499 14.13  83.476521  70.599538  2.280
 44    -0.392 53745.61496564 14.58  83.471841  70.602498  2.280
 44    -0.324 53745.61496628 14.06  83.467161  70.605468  2.280
 45    -0.849 53780.61499227 13.30  83.526817  70.584065  2.354
 45    -1.152 53780.61499291 13.47  83.522157  70.587035  2.354
 45    -1.672 53780.61499356 13.97  83.517487  70.590005  2.354
 45    -1.120 53780.61499420 13.25  83.512827  70.592965  2.354
 45    -0.770 53780.61499485 12.89  83.508157  70.595935  2.354
 45    -0.550 53780.61499549 12.60  83.503487  70.598905  2.354
 45    -0.396 53780.61499613 12.70  83.498817  70.601865  2.354
 45    -0.229 53780.61499678 12.39  83.494137  70.604835  2.354
 45    -0.270 53780.61499742 12.84  83.489467  70.607805  2.354
 45    -0.234 53780.61499807 12.53  83.484787  70.610765  2.354
 45    -0.201 53780.61499871 12.49  83.480117  70.613735  2.354
 45    -0.193 53780.61499936 12.21  83.475437  70.616705  2.354
 45    -0.143 53780.61500000 12.34  83.470757  70.619665  2.354
 45    -0.199 53780.61500065 12.39  83.466079  70.622632  2.128
 45    -0.214 53780.61500129 12.68  83.461399  70.625602  2.128
 46    -1.826 53815.61496159 12.43  83.546259  70.586842  1.882
 46    -1.322 53815.61496224 12.31  83.541589  70.589802  1.882
 46    -1.436 53815.61496288 12.28  83.536929  70.592772  1.882
 46    -1.028 53815.61496353 12.22  83.532269  70.595742  1.882
 46    -0.985 53815.61496417 12.28  83.527599  70.598712  1.882
 46    -0.803 53815.61496739 11.45  83.504249  70.613542  1.882
 46    -0.872 53815.61496804 11.38  83.499579  70.616512  1.882
 46    -0.514 53815.61496868 11.35  83.494899  70.619472  1.882
 46    -0.677 53815.61496933 11.31  83.490229  70.622442  1.882
 46    -0.250 53815.61496997 11.24  83.485549  70.625412  1.882
 46    -0.169 53815.61497062 11.48  83.480869  70.628372  1.882
 46    -0.410 53815.61497126 11.44  83.476189  70.631342  1.882
 46    -0.451 53815.61497191 11.34  83.471509  70.634312  1.882
 46    -0.422 53815.61497255 11.27  83.466829  70.637272  1.882
 46    -0.372 53815.61497320 11.36  83.462146  70.640241  2.069
 47    -0.550 53850.61502654 10.48  83.517115  70.575827  1.997
 47    -0.773 53850.61502719 10.39  83.512445  70.578787  1.997
 47    -0.884 53850.61502783 10.31  83.507785  70.581757  1.997
 47    -0.975 53850.61502848 10.05  83.503115  70.584727  1.997
 47    -1.140 53850.61502912 10.46  83.498445  70.587687  1.997
 47    -0.862 53850.61502977  9.89  83.493785  70.590657  1.997
 47    -0.603 53850.61503041 10.12  83.489115  70.593627  1.997
 47    -0.608 53850.61503106  9.95  83.484435  70.596587  1.997
 47    -0.444 53850.61503170  9.84  83.479765  70.599557  1.997
 47    -0.506 53850.61503235  9.88  83.475095  70.602527  1.997
 47    -0.315 53850.61503299  9.25  83.470415  70.605487  1.997
 48     0.135 53885.61503780 29.63  83.527050  70.583751 18.967
 48     0.052 53885.61503845 25.65  83.522390  70.586721 18.967
 48    -0.225 53885.61503909 22.16  83.517720  70.589691 18.967
 48    -0.830 53885.61503974 22.91  83.513060  70.592651 18.967
 48    -0.656 53885.61504038 24.40  83.508390  70.595621 18.967
 48    -0.381 53885.61504103 25.77  83.503720  70.598591 18.967
 48    -0.397 53885.61504167 26.93  83.499040  70.601551 18.967
 48    -0.475 53885.61504231 28.95  83.494370  70.604521 18.967
 48    -0.451 53885.61504296 27.21  83.489700  70.607491 18.967
 48    -0.564 53885.61504360 27.68  83.485020  70.610451 18.967
 48    -0.486 53885.61504425 27.58  83.480340  70.613421 18.967
 48    -0.341 53885.61504489 26.54  83.475670  70.616381 18.967
 48    -0.077 53885.61504554 25.63  83.470990  70.619351 18.967
 48     0.182 53885.61504618 26.34  83.466302  70.622318 24.081
 48     0.334 53885.61504683 29.16  83.461622  70.625288 24.081
 49    -0.597 53920.61510639 14.86  83.517097  70.580715  7.058
 49    -0.517 53920.61510704 13.05  83.512427  70.583685  7.058
 49    -0.436 53920.61510768 12.15  83.507767  70.586655  7.058
 49    -0.661 53920.61510833 13.39  83.503097  70.589615  7.058
 49    -0.840 53920.61510897 14.78  83.498427  70.592585  7.058
 49    -1.663 53920.61510962 19.30  83.493757  70.595555  7.058
 49    -1.520 53920.61511026 23.82  83.489087  70.598515  7.058
 49    -1.176 53920.61511090 21.04  83.484417  70.601485  7.058
 49    -0.926 53920.61511155 19.35  83.479747  70.604455  7.058
 49    -0.566 53920.61511219 16.51  83.475077  70.607415  7.058
 49    -0.494 53920.61511284 17.33  83.470397  70.610385  7.058
 49    -0.179 53920.61511348 17.25  83.465717  70.613355  7.058
 50    -2.061 53955.61510541 19.16  83.514192  70.585723 11.365
 50    -2.775 53955.61510605 19.54  83.509532  70.588693 11.365
 50    -2.785 53955.61510669 21.86  83.504862  70.591663 11.365
 50    -2.361 53955.61510734 23.64  83.500192  70.594623 11.365
 50    -2.075 53955.61510798 25.71  83.495532  70.597593 11.365
 50    -1.671 53955.61510863 30.36  83.490852  70.600563 11.365
 50    -1.529 53955.61510927 30.25  83.486182  70.603523 11.365
 50    -1.488 53955.61510992 30.72  83.481512  70.606493 11.365
 50    -1.300 53955.61511056 26.46  83.476842  70.609463 11.365
 50    -1.080 53955.61511121 23.20  83.472162  70.612423 11.365
 50    -0.861 53955.61511185 21.26  83.467482  70.615393 11.365
 50    -0.662 53955.61511250 20.43  83.462812  70.618363 11.365
 51    -0.419 53990.61502335 16.28  83.545592  70.585921  4.890
 51    -0.541 53990.61502399 15.96  83.540932  70.588891  4.890
 51    -0.865 53990.61502464 17.52  83.536262  70.591851  4.890
 51    -0.594 53990.61502528 16.01  83.531602  70.594821  4.890
 51    -0.368 53990.61502593 15.96  83.526932  70.597791  4.890
 51    -0.341 53990.61502657 16.59  83.522262  70.600761  4.890
 51    -0.411 53990.61502915 20.82  83.503582  70.612621  4.890
 51     0.110 53990.61502979 20.85  83.498912  70.615591  4.890
 51    -0.468 53990.61503044 21.39  83.494232  70.618561  4.890
 51    -0.197 53990.61503108 21.65  83.489562  70.621531  4.890
 51    -0.130 53990.61503173 22.36  83.484882  70.624491  4.890
 51    -0.141 53990.61503237 22.17  83.480202  70.627461  4.890
 51    -0.234 53990.61503302 21.23  83.475522  70.630421  4.890
 51    -0.256 53990.61503366 20.88  83.470838  70.633394 15.940
 51    -0.325 53990.61503431 22.07  83.466158  70.636354 15.940
 51    -0.704 53990.61503495 22.71  83.461468  70.639324 15.940
 52     0.030 54025.61508828 51.92  83.515404  70.579332 25.289
 52    -0.113 54025.61508892 51.50  83.510734  70.582292 25.289
 52    -0.135 54025.61508957 49.47  83.506074  70.585262 25.289
 52    -0.117 54025.61509021 48.39  83.501404  70.588232 25.289
 52    -0.298 54025.61509086 33.77  83.496734  70.591192 25.289
 52    -0.842 54025.61509150 34.95  83.492064  70.594162 25.289
 52    -1.096 54025.61509215 33.48  83.487394  70.597132 25.289
 52    -0.756 54025.61509279 29.60  83.482714  70.600092 25.289
 52    -0.495 54025.61509344 28.46  83.478044  70.603062 25.289
 52    -0.455 54025.61509408 29.82  83.473364  70.606032 25.289
 52    -0.041 54025.61509473 30.55  83.468694  70.608992 25.289
 53    -0.452 54060.61508191 22.86  83.528089  70.584271  3.018
 53    -0.364 54060.61508255 22.85  83.523429  70.587231  3.018
 53    -0.322 54060.61508320 22.43  83.518759  70.590201  3.018
 53    -0.497 54060.61508384 23.48  83.514099  70.593171  3.018
 53    -0.550 54060.61508449 23.44  83.509429  70.596131  3.018
 53    -0.355 54060.61508513 22.30  83.504759  70.599101  3.018
 53    -0.334 54060.61508578 22.54  83.500089  70.602071  3.018
 53    -0.232 54060.61508642 22.14  83.495409  70.605031  3.018
 53    -0.288 54060.61508706 21.62  83.490739  70.608001  3.018
 53    -0.329 54060.61508771 21.42  83.486069  70.610971  3.018
 53    -0.287 54060.61508835 21.23  83.481389  70.613931  3.018
 53    -0.279 54060.61508900 20.93  83.476709  70.616901  3.018
 53    -0.331 54060.61508964 21.35  83.472029  70.619861  3.018
 53    -0.270 54060.61509029 20.24  83.467349  70.622831  3.018
 53    -0.175 54060.61509093 20.63  83.462669  70.625801  3.018
 54    -0.671 54095.61505641 15.69  83.536897  70.585386  2.061
 54    -0.753 54095.61505705 16.16  83.532237  70.588346  2.061
 54    -0.606 54095.61505770 15.59  83.527567  70.591316  2.061
 54    -0.718 54095.61505834 15.95  83.522907  70.594286  2.061
 54    -0.608 54095.61505899 15.34  83.518237  70.597256  2.061
 54    -0.668 54095.61505963 15.75  83.513567  70.600216  2.061
 54    -0.553 54095.61506028 15.44  83.508907  70.603186  2.061
 54    -0.557 54095.61506092 15.40  83.504237  70.606156  2.061
 54    -0.446 54095.61506157 15.21  83.499557  70.609116  2.061
 54    -0.414 54095.61506221 14.99  83.494887  70.612086  2.061
 54    -0.568 54095.61506285 14.91  83.490217  70.615056  2.061
 54    -0.446 54095.61506350 15.06  83.485537  70.618016  2.061
 54    -0.312 54095.61506414 15.10  83.480857  70.620986  2.061
 54    -0.267 54095.61506479 14.94  83.476187  70.623946  2.061
 54    -0.430 54095.61506543 15.63  83.471507  70.626916  2.061
 54    -0.463 54095.61506608 14.91  83.466827  70.629886  2.061
 54    -0.427 54095.61506672 15.03  83.462137  70.632846  2.061
 55    -1.953 54130.61500131 14.19  83.516265  70.576250  1.953
 55    -1.692 54130.61500195 13.98  83.511605  70.579210  1.953
 55    -1.222 54130.61500259 13.66  83.506935  70.582180  1.953
 55    -0.984 54130.61500324 13.33  83.502275  70.585150  1.953
 55    -1.093 54130.61500388 13.35  83.497605  70.588110  1.953
 55    -1.114 54130.61500453 13.56  83.492935  70.591080  1.953
 55    -1.022 54130.61500517 13.68  83.488265  70.594050  1.953
 55    -0.951 54130.61500582 13.52  83.483585  70.597010  1.953
 55    -0.979 54130.61500646 12.94  83.478915  70.599980  1.953
 55    -0.841 54130.61500711 12.54  83.474245  70.602950  1.953
 55    -0.783 54130.61500775 12.47  83.469565  70.605910  1.953
 56    -0.665 54165.61502810 12.73  83.529449  70.584001  1.946
 56    -1.297 54165.61502874 12.78  83.524789  70.586961  1.946
 56    -1.382 54165.61502939 12.98  83.520119  70.589931  1.946
 56    -1.420 54165.61503003 13.15  83.515459  70.592901  1.946
 56    -0.743 54165.61503068 12.67  83.510789  70.595871  1.946
 56    -0.527 54165.61503132 12.22  83.506119  70.598831  1.946
 56    -0.487 54165.61503197 12.19  83.501449  70.601801  1.946
 56    -0.283 54165.61503261 12.03  83.496776  70.604766  1.986
 56    -0.232 54165.61503326 12.08  83.492106  70.607736  1.986
 56    -0.467 54165.61503390 12.23  83.487426  70.610696  1.986
 56    -0.299 54165.61503455 11.96  83.482756  70.613666  1.986
 56    -0.566 54165.61503519 12.23  83.478076  70.616636  1.986
 56    -0.404 54165.61503583 11.97  83.473406  70.619596  1.986
 56    -0.522 54165.61503648 11.88  83.468726  70.622566  1.986
 56    -0.424 54165.61503712 11.67  83.464046  70.625536  1.986
 56    -0.454 54165.61503777 11.61  83.459356  70.628496  1.986
 57     0.257 54200.61500467  9.60  83.517234  70.578899  1.908
 57     0.155 54200.61500531  9.25  83.512574  70.581869  1.908
 57     0.179 54200.61500596  9.22  83.507914  70.584839  1.908
 57     0.121 54200.61500660  9.74  83.503244  70.587799  1.908
 57     0.165 54200.61500725 10.12  83.498574  70.590769  1.908
 57     0.111 54200.61500789 10.11  83.493904  70.593739  1.908
 57     0.239 54200.61500854  9.58  83.489233  70.596699  2.084
 57     0.313 54200.61500918  9.53  83.484563  70.599669  2.084
 57     0.516 54200.61500983  9.07  83.479883  70.602639  2.084
 57     0.567 54200.61501047  9.34  83.475213  70.605599  2.084
 57     0.684 54200.61501112  9.24  83.470533  70.608569  2.084
 57     0.597 54200.61501176  9.24  83.465863  70.611529  2.084
 58    -0.147 54235.61504348 18.73  83.515748  70.585565 12.180
 58    -2.213 54235.61504413 20.37  83.511078  70.588535 12.180
 58    -1.484 54235.61504477 20.70  83.506408  70.591505 12.180
 58    -1.245 54235.61504542 21.72  83.501738  70.594465 12.180
 58    -0.828 54235.61504606 18.81  83.497068  70.597435 12.180
 58    -0.555 54235.61504671 19.60  83.492398  70.600405 12.180
 58    -0.670 54235.61504735 18.94  83.487728  70.603366  3.526
 58    -0.722 54235.61504800 16.33  83.483048  70.606336  3.526
 58    -0.861 54235.61504864 14.25  83.478378  70.609306  3.526
 58    -0.055 54235.61504929 13.15  83.473698  70.612266  3.526
 58     0.065 54235.61504993 12.85  83.469018  70.615236  3.526
 58     0.084 54235.61505058 10.74  83.464338  70.618196  3.526
 59     0.835 54270.61506384 11.60  83.522013  70.586125  4.715
 59     0.866 54270.61506448 11.88  83.517353  70.589095  4.715
 59     0.714 54270.61506513 12.68  83.512683  70.592055  4.715
 59     0.705 54270.61506577 13.21  83.508013  70.595025  4.715
 59     0.581 54270.61506642 14.24  83.503343  70.597995  4.715
 59     0.248 54270.61506706 15.47  83.498673  70.600955  4.715
 59    -0.405 54270.61506771 16.39  83.494003  70.603925  4.715
 59    -0.154 54270.61506835 18.11  83.489333  70.606895  4.715
 59    -0.055 54270.61506900 17.99  83.484650  70.609856 10.177
 59     0.032 54270.61506964 18.76  83.479980  70.612826 10.177
 59     0.024 54270.61507028 18.53  83.475300  70.615796 10.177
 59    -0.021 54270.61507093 18.62  83.470620  70.618756 10.177
 59     0.303 54270.61507157 18.82  83.465940  70.621726 10.177
 59     0.394 54270.61507222 19.54  83.461260  70.624686 10.177
 60    -0.396 54305.61506646 13.16  83.519924  70.585162  5.436
 60    -0.464 54305.61506711 13.60  83.515264  70.588132  5.436
 60    -0.635 54305.61506775 15.23  83.510594  70.591102  5.436
 60    -0.503 54305.61506840 14.83  83.505924  70.594072  5.436
 60    -2.153 54305.61506904 18.61  83.501254  70.597032  5.436
 60    -1.639 54305.61506969 17.79  83.496584  70.600002  5.436
 60    -0.949 54305.61507033 17.10  83.491912  70.602964  9.726
 60    -1.412 54305.61507098 18.40  83.487242  70.605934  9.726
 60    -1.202 54305.61507162 18.51  83.482562  70.608904  9.726
 60    -1.354 54305.61507226 20.51  83.477892  70.611864  9.726
 60    -1.063 54305.61507291 20.75  83.473212  70.614834  9.726
 60    -0.911 54305.61507355 21.70  83.468532  70.617794  9.726
 60    -0.802 54305.61507420 21.84  83.463852  70.620764  9.726
 61    -1.698 54340.61504870 21.95  83.529802  70.586127  3.526
 61    -2.553 54340.61504935 22.52  83.525132  70.589087  3.526
 61    -2.572 54340.61504999 22.24  83.520472  70.592057  3.526
 61    -2.076 54340.61505064 23.06  83.515802  70.595027  3.526
 61    -1.532 54340.61505128 23.60  83.511132  70.597987  3.526
 61    -1.208 54340.61505193 23.74  83.506462  70.600957  3.526
 61    -0.957 54340.61505257 24.46  83.501792  70.603927  3.526
 61    -0.878 54340.61505322 25.25  83.497122  70.606891  6.969
 61    -0.619 54340.61505386 25.78  83.492452  70.609861  6.969
 61    -0.589 54340.61505451 27.07  83.487772  70.612831  6.969
 61    -0.543 54340.61505515 27.33  83.483102  70.615791  6.969
 61    -0.342 54340.61505580 27.37  83.478422  70.618761  6.969
 61    -0.175 54340.61505644 27.11  83.473742  70.621721  6.969
 61    -0.044 54340.61505709 27.65  83.469062  70.624691  6.969
 61     0.058 54340.61505773 26.91  83.464382  70.627661  6.969
 61     0.160 54340.61505837 25.52  83.459702  70.630621  6.969
 62    -1.128 54375.61500039 24.91  83.518087  70.582207 28.418
 62    -1.848 54375.61500103 25.81  83.513427  70.585167 28.418
 62    -2.403 54375.61500168 25.36  83.508757  70.588137 28.418
 62    -3.068 54375.61500232 25.51  83.504090  70.591105 22.096
 62    -2.532 54375.61500296 25.16  83.499420  70.594075 22.096
 62    -1.855 54375.61500361 23.57  83.494750  70.597035 22.096
 62    -1.357 54375.61500425 22.54  83.490080  70.600005 22.096
 62    -0.971 54375.61500490 23.08  83.485410  70.602975 22.096
 62    -0.848 54375.61500554 24.35  83.480730  70.605935 22.096
 62    -0.745 54375.61500619 24.42  83.476060  70.608905 22.096
 62    -0.566 54375.61500683 25.44  83.471380  70.611875 22.096
 62    -0.462 54375.61500748 26.94  83.466700  70.614835 22.096
 62    -0.520 54375.61500812 29.47  83.462020  70.617805 22.096
 63    -0.560 54410.61499531 20.96  83.521504  70.585944  2.649
 63    -0.646 54410.61499595 21.23  83.516844  70.588914  2.649
 63    -0.595 54410.61499660 21.15  83.512174  70.591874  2.649
 63    -0.800 54410.61499724 21.63  83.507514  70.594844  2.649
 63    -0.779 54410.61499789 22.41  83.502844  70.597814  2.649
 63    -0.735 54410.61499853 23.18  83.498174  70.600784  2.649
 63    -0.605 54410.61499917 23.50  83.493494  70.603744  2.649
 63    -0.505 54410.61499982 24.71  83.488824  70.606714  2.649
 63    -0.449 54410.61500046 25.54  83.484154  70.609684  2.649
 63    -0.410 54410.61500111 25.63  83.479472  70.612650  5.594
 63    -0.349 54410.61500175 25.56  83.474802  70.615610  5.594
 63    -0.394 54410.61500240 26.71  83.470122  70.618580  5.594
 63    -0.436 54410.61500304 26.08  83.465442  70.621540  5.594
 63    -0.455 54410.61500369 26.57  83.460762  70.624510  5.594
 64     0.216 54445.61496299 36.42  83.516869  70.576589  5.563
 64     0.294 54445.61496364 27.01  83.512209  70.579549  5.563
 64     0.013 54445.61496428 15.58  83.507539  70.582519  5.563
 64    -0.030 54445.61496493 15.02  83.502869  70.585489  5.563
 64    -0.115 54445.61496557 14.78  83.498209  70.588449  5.563
 64    -0.224 54445.61496622 15.21  83.493539  70.591419  5.563
 64    -0.217 54445.61496686 15.20  83.488869  70.594389  5.563
 64    -0.142 54445.61496751 15.43  83.484189  70.597349  5.563
 64    -0.110 54445.61496815 15.62  83.479519  70.600319  5.563
 64    -0.066 54445.61496880 16.27  83.474849  70.603289  5.563
 64    -0.047 54445.61496944 20.08  83.470169  70.606249  5.563
 65    -0.484 54480.61498603 12.23  83.524301  70.583853  2.347
 65    -0.968 54480.61498668 12.23  83.519641  70.586823  2.347
 65    -1.315 54480.61498732 12.60  83.514971  70.589783  2.347
 65    -1.693 54480.61498797 12.49  83.510301  70.592753  2.347
 65    -1.457 54480.61498861 12.38  83.505641  70.595723  2.347
 65    -1.479 54480.61498926 12.89  83.500961  70.598683  2.347
 65    -1.111 54480.61498990 12.57  83.496291  70.601653  2.347
 65    -1.082 54480.61499055 13.00  83.491621  70.604623  2.347
 65    -0.875 54480.61499119 12.95  83.486951  70.607583  2.347
 65    -0.593 54480.61499184 13.09  83.482271  70.610553  2.347
 65    -0.451 54480.61499248 12.95  83.477601  70.613523  2.347
 65    -0.336 54480.61499312 13.65  83.472921  70.616483  2.347
 65    -0.239 54480.61499377 13.12  83.468241  70.619453  2.347
 65    -0.300 54480.61499441 13.82  83.463561  70.622413  2.347
 66    -1.405 54515.61497760 11.35  83.516402  70.578335  1.799
 66    -1.783 54515.61497825 11.35  83.511742  70.581305  1.799
 66    -1.694 54515.61497889 10.97  83.507072  70.584275  1.799
 66    -1.679 54515.61497953 11.06  83.502412  70.587235  1.799
 66    -1.157 54515.61498018 10.89  83.497742  70.590205  1.799
 66    -0.950 54515.61498082 10.75  83.493072  70.593175  1.799
 66    -1.233 54515.61498147 10.69  83.488402  70.596135  1.799
 66    -0.765 54515.61498211 10.59  83.483722  70.599105  1.799
 66    -0.615 54515.61498276 10.33  83.479052  70.602075  1.799
 66    -0.658 54515.61498340 10.50  83.474372  70.605035  1.799
 66    -0.554 54515.61498405 10.49  83.469702  70.608005  1.799
 67    -1.051 54550.61499944 11.21  83.529244  70.586234  1.911
 67    -0.896 54550.61500009 11.26  83.524584  70.589194  1.911
 67    -0.899 54550.61500073 10.85  83.519914  70.592164  1.911
 67    -0.786 54550.61500138 10.80  83.515244  70.595134  1.911
 67    -0.925 54550.61500202 11.12  83.510584  70.598094  1.911
 67    -0.736 54550.61500267 10.84  83.505914  70.601064  1.911
 67    -0.845 54550.61500331 10.75  83.501244  70.604034  1.911
 67    -0.709 54550.61500396 10.69  83.496564  70.606994  1.911
 67    -0.688 54550.61500460 10.49  83.491894  70.609964  1.911
 67    -0.783 54550.61500524 10.79  83.487224  70.612934  1.911
 67    -0.489 54550.61500589 10.28  83.482544  70.615894  1.911
 67    -0.388 54550.61500653 10.42  83.477864  70.618864  1.911
 67    -0.525 54550.61500718 10.44  83.473194  70.621834  1.911
 67    -0.390 54550.61500782 10.26  83.468514  70.624794  1.911
 67    -0.398 54550.61500847 10.09  83.463824  70.627764  1.883
 67    -0.495 54550.61500911 10.14  83.459144  70.630724  1.883
 68    -0.474 54585.61497492  8.99  83.514700  70.586886  1.823
 68    -0.432 54585.61497557  8.93  83.510040  70.589846  1.823
 68    -0.432 54585.61497621  8.61  83.505370  70.592816  1.823
 68    -0.297 54585.61497686  8.39  83.500700  70.595786  1.823
 68    -0.314 54585.61497750  8.44  83.496030  70.598746  1.823
 68    -0.248 54585.61497815  8.34  83.491360  70.601716  1.823
 68    -0.230 54585.61497879  8.45  83.486680  70.604686  1.823
 68    -0.198 54585.61497944  8.06  83.482010  70.607646  1.823
 68    -0.005 54585.61498008  8.14  83.477330  70.610616  1.823
 68    -0.040 54585.61498072  8.50  83.472660  70.613586  1.823
 68     0.038 54585.61498137  8.19  83.467980  70.616546  1.823
 68     0.035 54585.61498201  8.12  83.463293  70.619515  1.786
 69     1.671 54620.61499390 22.94  83.518294  70.586317 11.212
 69     1.279 54620.61499454 18.83  83.513624  70.589287 11.212
 69     0.867 54620.61499519 17.20  83.508964  70.592247 11.212
 69     0.956 54620.61499583 16.25  83.504294  70.595217 11.212
 69     1.250 54620.61499648 17.10  83.499624  70.598187 11.212
 69     0.949 54620.61499712 18.95  83.494954  70.601147 11.212
 69     0.953 54620.61499776 19.03  83.490274  70.604117 11.212
 69     0.952 54620.61499841 20.02  83.485604  70.607087 11.212
 69     1.321 54620.61499905 21.61  83.480934  70.610047 11.212
 69     1.528 54620.61499970 21.50  83.476254  70.613017 11.212
 69     1.798 54620.61500034 21.54  83.471574  70.615987 11.212
 69     1.956 54620.61500099 23.79  83.466894  70.618947 11.212
 69     1.847 54620.61500163 26.45  83.462218  70.621916 28.635
 70    -0.081 54655.61500414 12.19  83.519663  70.585552  5.401
 70    -0.150 54655.61500478 12.53  83.515003  70.588522  5.401
 70    -0.218 54655.61500543 12.87  83.510333  70.591492  5.401
 70    -0.162 54655.61500607 12.79  83.505673  70.594452  5.401
 70    -0.291 54655.61500672 14.04  83.501003  70.597422  5.401
 70    -0.307 54655.61500736 15.26  83.496333  70.600392  5.401
 70    -0.408 54655.61500801 15.32  83.491653  70.603352  5.401
 70    -0.574 54655.61500865 16.43  83.486983  70.606322  5.401
 70    -1.027 54655.61500930 19.20  83.482313  70.609292  5.401
 70    -0.995 54655.61500994 19.80  83.477633  70.612252  5.401
 70    -1.114 54655.61501058 21.18  83.472953  70.615222  5.401
 70    -1.038 54655.61501123 23.81  83.468283  70.618192  5.401
 70    -0.690 54655.61501187 25.07  83.463603  70.621152  5.401
 71    -0.225 54690.61498942 30.46  83.527844  70.584580 40.759
 71    -2.735 54690.61499007 31.80  83.523174  70.587550 40.759
 71    -2.938 54690.61499071 30.14  83.518514  70.590520 40.759
 71    -1.281 54690.61499135 24.71  83.513844  70.593480 40.759
 71    -0.659 54690.61499200 24.19  83.509175  70.596452  9.082
 71    -0.353 54690.61499264 23.08  83.504505  70.599422  9.082
 71    -0.414 54690.61499329 23.26  83.499835  70.602382  9.082
 71    -0.406 54690.61499393 22.19  83.495165  70.605352  9.082
 71    -0.511 54690.61499458 22.84  83.490495  70.608322  9.082
 71    -0.493 54690.61499522 21.83  83.485815  70.611282  9.082
 71    -0.771 54690.61499587 23.16  83.481145  70.614252  9.082
 71    -0.578 54690.61499651 21.79  83.476465  70.617222  9.082
 71    -0.378 54690.61499716 21.59  83.471785  70.620182  9.082
 71    -0.319 54690.61499780 22.25  83.467105  70.623152  9.082
 71    -0.106 54690.61499845 22.66  83.462425  70.626112  9.082
 72    -0.628 54725.61495373 19.45  83.517008  70.578784  6.613
 72    -2.469 54725.61495437 19.81  83.512348  70.581754  6.613
 72    -3.143 54725.61495502 20.04  83.507678  70.584724  6.613
 72    -2.222 54725.61495566 19.35  83.503018  70.587684  6.613
 72    -2.075 54725.61495631 19.01  83.498348  70.590654  6.613
 72    -1.138 54725.61495695 17.78  83.493678  70.593624  6.613
 72    -1.132 54725.61495760 18.24  83.488998  70.596584  6.613
 72    -0.997 54725.61495824 17.63  83.484328  70.599554  6.613
 72    -0.865 54725.61495889 18.25  83.479658  70.602524  6.613
 72    -0.829 54725.61495953 18.31  83.474978  70.605484  6.613
 72    -0.672 54725.61496018 19.65  83.470308  70.608454  6.613
 72    -0.315 54725.61496082 17.94  83.465628  70.611414  6.613
 73    -0.737 54760.61496612 38.66  83.522693  70.584798 32.394
 73    -0.585 54760.61496676 44.29  83.518033  70.587768 32.394
 73    -0.637 54760.61496741 43.75  83.513363  70.590728 32.394
 73    -0.739 54760.61496805 43.40  83.508693  70.593698 32.394
 73    -0.761 54760.61496870 40.26  83.504023  70.596668 32.394
 73    -0.750 54760.61496934 43.70  83.499353  70.599628 32.394
 73    -0.745 54760.61496999 44.61  83.494683  70.602598 32.394
 73    -0.744 54760.61497063 44.90  83.490013  70.605568 32.394
 73    -0.732 54760.61497127 41.28  83.485343  70.608528 32.394
 73    -0.722 54760.61497192 38.49  83.480663  70.611498 32.394
 73    -0.796 54760.61497256 35.65  83.475993  70.614468 32.394
 73    -0.792 54760.61497321 36.77  83.471313  70.617428 32.394
 73    -0.734 54760.61497385 38.43  83.466633  70.620398 32.394
 73    -0.717 54760.61497450 37.95  83.461953  70.623358 32.394
 74    -1.480 54795.61494667 16.82  83.513728  70.576628  3.007
 74    -1.190 54795.61494731 17.18  83.509068  70.579598  3.007
 74    -1.002 54795.61494796 16.99  83.504398  70.582568  3.007
 74    -0.821 54795.61494860 18.22  83.499738  70.585528  3.007
 74    -0.705 54795.61494925 18.46  83.495068  70.588498  3.007
 74    -0.671 54795.61494989 19.47  83.490398  70.591468  3.007
 74    -0.584 54795.61495054 18.36  83.485728  70.594428  3.007
 74    -0.631 54795.61495118 18.87  83.481058  70.597398  3.007
 74    -0.602 54795.61495183 19.22  83.476378  70.600368  3.007
 74    -0.559 54795.61495247 18.90  83.471708  70.603328  3.007
 74    -0.636 54795.61495312 19.06  83.467028  70.606298  3.007
 75    -1.038 54830.61496626 13.96  83.521783  70.584467  2.774
 75    -0.937 54830.61496690 14.00  83.517123  70.587427  2.774
 75    -1.273 54830.61496755 14.21  83.512453  70.590397  2.774
 75    -0.833 54830.61496819 14.86  83.507783  70.593367  2.774
 75    -0.505 54830.61496884 14.24  83.503123  70.596327  2.774
 75    -0.364 54830.61496948 14.33  83.498453  70.599297  2.774
 75    -0.221 54830.61497013 13.84  83.493773  70.602267  2.774
 75    -0.126 54830.61497077 13.40  83.489103  70.605227  2.774
 75    -0.058 54830.61497141 13.73  83.484433  70.608197  2.774
 75    -0.020 54830.61497206 13.25  83.479753  70.611167  2.774
 75    -0.092 54830.61497270 13.55  83.475073  70.614127  2.774
 75    -0.169 54830.61497335 13.16  83.470403  70.617097  2.774
 75    -0.354 54830.61497399 13.24  83.465723  70.620057  2.774
 75    -0.326 54830.61497464 13.55  83.461043  70.623027  2.774
 76    -2.115 54865.61494208 13.43  83.515761  70.579527  2.252
 76    -1.162 54865.61494273 12.68  83.511091  70.582497  2.252
 76    -1.179 54865.61494337 12.66  83.506431  70.585457  2.252
 76    -1.221 54865.61494402 13.26  83.501761  70.588427  2.252
 76    -0.782 54865.61494466 12.43  83.497091  70.591397  2.252
 76    -0.719 54865.61494531 12.44  83.492421  70.594357  2.252
 76    -0.590 54865.61494595 12.30  83.487751  70.597327  2.252
 76    -0.461 54865.61494660 12.13  83.483081  70.600297  2.252
 76    -0.485 54865.61494724 12.05  83.478401  70.603257  2.252
 76    -0.478 54865.61494788 11.96  83.473731  70.606227  2.252
 76    -0.460 54865.61494853 11.90  83.469051  70.609187  2.252
 77    -0.981 54900.61496538 11.18  83.525586  70.585953  2.022
 77    -1.101 54900.61496603 11.67  83.520926  70.588913  2.022
 77    -1.309 54900.61496667 11.73  83.516256  70.591883  2.022
 77    -1.129 54900.61496732 11.11  83.511586  70.594853  2.022
 77    -0.803 54900.61496796 10.79  83.506916  70.597813  2.022
 77    -0.768 54900.61496861 10.68  83.502256  70.600783  2.022
 77    -0.728 54900.61496925 10.81  83.497586  70.603753  2.022
 77    -0.673 54900.61496990 10.71  83.492906  70.606713  2.022
 77    -0.615 54900.61497054 10.72  83.488236  70.609683  2.022
 77    -0.562 54900.61497119 10.63  83.483566  70.612653  2.022
 77    -0.592 54900.61497183 10.70  83.478886  70.615613  2.022
 77    -0.575 54900.61497247 10.53  83.474206  70.618583  2.022
 77    -0.506 54900.61497312 10.37  83.469526  70.621543  2.022
 77    -0.521 54900.61497376 10.62  83.464846  70.624513  2.022
 77    -0.485 54900.61497441 10.32  83.460172  70.627480  1.929
 78     0.157 54935.61493439 11.96  83.514965  70.583779  1.983
 78     0.205 54935.61493504 11.79  83.510295  70.586749  1.983
 78     0.228 54935.61493568 11.54  83.505625  70.589719  1.983
 78     0.209 54935.61493633 11.75  83.500955  70.592679  1.983
 78     0.277 54935.61493697 11.77  83.496295  70.595649  1.983
 78     0.240 54935.61493762 11.56  83.491615  70.598619  1.983
 78     0.261 54935.61493826 10.97  83.486945  70.601579  1.983
 78     0.263 54935.61493891 11.19  83.482275  70.604549  1.983
 78     0.271 54935.61493955 11.78  83.477595  70.607509  1.983
 78     0.342 54935.61494020 10.94  83.472925  70.610479  1.983
 78     0.299 54935.61494084 10.94  83.468245  70.613449  1.983
 78     0.301 54935.61494148 10.97  83.463565  70.616409  1.983
 79     0.123 54970.61496735 10.16  83.518261  70.585426  2.108
 79     0.160 54970.61496799  9.84  83.513591  70.588386  2.108
 79     0.138 54970.61496864  9.60  83.508921  70.591356  2.108
 79     0.158 54970.61496928  9.38  83.504261  70.594326  2.108
 79     0.164 54970.61496993  9.20  83.499581  70.597286  2.108
 79     0.137 54970.61497057  9.22  83.494911  70.600256  2.108
 79     0.183 54970.61497122  9.27  83.490241  70.603226  2.108
 79     0.248 54970.61497186  9.04  83.485571  70.606186  2.108
 79     0.265 54970.61497251  8.96  83.480891  70.609156  2.108
 79     0.301 54970.61497315  9.03  83.476221  70.612126  2.108
 79     0.308 54970.61497380  8.93  83.471541  70.615086  2.108
 79     0.328 54970.61497444  8.93  83.466861  70.618056  2.108
 79     0.251 54970.61497508  9.52  83.462181  70.621026  2.108
 80     1.000 55005.61498664 11.07  83.520293  70.584612  6.394
 80     0.972 55005.61498729 11.24  83.515623  70.587582  6.394
 80     0.976 55005.61498793 11.53  83.510963  70.590542  6.394
 80     0.940 55005.61498858 11.89  83.506293  70.593512  6.394
 80     0.782 55005.61498922 13.21  83.501623  70.596482  6.394
 80     0.570 55005.61498987 14.08  83.496953  70.599442  6.394
 80     0.279 55005.61499051 15.59  83.492283  70.602412  6.394
 80    -0.509 55005.61499116 18.70  83.487613  70.605382  6.394
 80    -0.064 55005.61499180 17.29  83.482933  70.608342  6.394
 80     0.072 55005.61499244 18.18  83.478263  70.611312  6.394
 80     0.076 55005.61499309 18.76  83.473583  70.614282  6.394
 80     0.185 55005.61499373 19.14  83.468903  70.617242  6.394
 80     0.425 55005.61499438 18.89  83.464223  70.620212  6.394
 81    -0.242 55040.61497484 11.09  83.520099  70.586358  4.138
 81    -0.259 55040.61497548 11.66  83.515429  70.589328  4.138
 81    -0.227 55040.61497613 11.45  83.510759  70.592298  4.138
 81    -0.250 55040.61497677 11.30  83.506099  70.595258  4.138
 81    -0.217 55040.61497742 11.71  83.501429  70.598228  4.138
 81    -0.461 55040.61497806 12.90  83.496759  70.601198  4.138
 81    -0.309 55040.61497871 12.82  83.492079  70.604158  4.138
 81    -0.524 55040.61497935 14.95  83.487409  70.607128  4.138
 81    -0.691 55040.61498000 16.99  83.482739  70.610098  4.138
 81    -1.023 55040.61498064 17.81  83.478059  70.613058  4.138
 81    -0.997 55040.61498129 18.53  83.473379  70.616028  4.138
 81    -0.647 55040.61498193 17.10  83.468699  70.618998  4.138
 81    -0.451 55040.61498258 17.30  83.464019  70.621958  4.138
 81    -0.399 55040.61498322 16.73  83.459340  70.624926 13.572
 82    -1.171 55075.61495659 23.71  83.528367  70.585963  8.673
 82    -1.535 55075.61495723 22.51  83.523707  70.588933  8.673
 82    -1.414 55075.61495787 21.85  83.519037  70.591903  8.673
 82    -0.740 55075.61495852 19.16  83.514367  70.594863  8.673
 82    -0.568 55075.61495916 18.35  83.509697  70.597833  8.673
 82    -0.295 55075.61495981 19.92  83.505037  70.600803  8.673
 82    -0.715 55075.61496045 21.88  83.500357  70.603763  8.673
 82    -0.646 55075.61496110 21.34  83.495687  70.606733  8.673
 82    -0.499 55075.61496174 22.66  83.491017  70.609703  8.673
 82    -0.645 55075.61496239 22.07  83.486337  70.612663  8.673
 82    -0.946 55075.61496303 24.36  83.481667  70.615633  8.673
 82    -0.928 55075.61496368 24.76  83.476987  70.618603  8.673
 82    -0.620 55075.61496432 23.05  83.472307  70.621563  8.673
 82    -0.392 55075.61496497 23.35  83.467627  70.624533  8.673
 82    -0.253 55075.61496561 24.27  83.462947  70.627503  8.673
 82    -0.218 55075.61496626 22.63  83.458267  70.630463  8.673
 83    -1.080 55110.61490656 21.77  83.516119  70.581378 15.026
 83    -1.739 55110.61490720 21.12  83.511459  70.584338 15.026
 83    -3.159 55110.61490785 21.82  83.506789  70.587308 15.026
 83    -2.902 55110.61490849 22.58  83.502119  70.590278 15.026
 83    -2.324 55110.61490914 23.99  83.497449  70.593238 15.026
 83    -1.808 55110.61490978 25.42  83.492789  70.596208 15.026
 83    -1.575 55110.61491043 27.24  83.488109  70.599178 15.026
 83    -1.291 55110.61491107 26.52  83.483439  70.602138 15.026
 83    -1.211 55110.61491172 26.12  83.478769  70.605108 15.026
 83    -1.034 55110.61491236 24.83  83.474089  70.608068 15.026
 83    -0.910 55110.61491301 24.64  83.469409  70.611038 15.026
 83    -1.005 55110.61491365 24.92  83.464729  70.614008 15.026
 84    -0.280 55145.61490986 25.32  83.520604  70.585957  7.908
 84    -0.266 55145.61491051 25.17  83.515944  70.588917  7.908
 84    -0.242 55145.61491115 25.67  83.511274  70.591887  7.908
 84    -0.285 55145.61491179 27.07  83.506614  70.594857  7.908
 84    -0.284 55145.61491244 27.27  83.501944  70.597817  7.908
 84    -0.238 55145.61491308 27.70  83.497274  70.600787  7.908
 84    -0.229 55145.61491373 27.34  83.492594  70.603757  7.908
 84    -0.199 55145.61491437 26.84  83.487924  70.606717  7.908
 84    -0.190 55145.61491502 27.05  83.483254  70.609687  7.908
 84    -0.223 55145.61491566 26.29  83.478574  70.612657  7.908
 84    -0.280 55145.61491631 27.00  83.473904  70.615617  7.908
 84    -0.193 55145.61491695 27.36  83.469224  70.618587  7.908
 84    -0.134 55145.61491760 29.83  83.464544  70.621547  7.908
 84    -0.124 55145.61491824 30.18  83.459864  70.624517  7.908
 85    -0.197 55180.61488297 16.56  83.513439  70.578091  3.298
 85    -0.558 55180.61488362 17.14  83.508769  70.581061  3.298
 85    -1.018 55180.61488426 17.70  83.504109  70.584021  3.298
 85    -1.126 55180.61488491 17.58  83.499439  70.586991  3.298
 85    -1.018 55180.61488555 17.30  83.494769  70.589961  3.298
 85    -0.884 55180.61488620 17.04  83.490099  70.592921  3.298
 85    -0.626 55180.61488684 16.65  83.485429  70.595891  3.298
 85    -0.508 55180.61488749 18.93  83.480749  70.598861  3.298
 85    -0.400 55180.61488813 17.98  83.476079  70.601821  3.298
 85    -0.289 55180.61488878 18.49  83.471399  70.604791  3.298
 86    -0.201 55215.61490417 25.34  83.524727  70.585063  5.893
 86    -0.314 55215.61490482 23.76  83.520057  70.588033  5.893
 86    -0.746 55215.61490546 21.25  83.515397  70.591003  5.893
 86    -1.100 55215.61490611 21.75  83.510727  70.593973  5.893
 86    -0.508 55215.61490675 19.54  83.506057  70.596933  5.893
 86    -0.442 55215.61490740 19.20  83.501387  70.599903  5.893
 86    -0.419 55215.61490804 19.54  83.496717  70.602873  5.893
 86    -0.633 55215.61490869 20.72  83.492047  70.605833  5.893
 86    -0.689 55215.61490933 19.47  83.487367  70.608803  5.893
 86    -1.302 55215.61490998 20.31  83.482697  70.611773  5.893
 86    -1.030 55215.61491062 17.76  83.478017  70.614733  5.893
 86    -0.687 55215.61491126 17.05  83.473337  70.617703  5.893
 86    -0.407 55215.61491191 16.87  83.468657  70.620663  5.893
 86    -0.191 55215.61491255 15.45  83.463987  70.623633  5.893
 86    -0.305 55215.61491320 15.62  83.459297  70.626603  5.893
 87     0.221 55250.61488063 13.91  83.514638  70.582783  2.807
 87    -0.016 55250.61488128 13.44  83.509968  70.585753  2.807
 87    -0.579 55250.61488192 13.39  83.505308  70.588713  2.807
 87    -0.809 55250.61488257 13.64  83.500638  70.591683  2.807
 87    -0.840 55250.61488321 13.28  83.495968  70.594653  2.807
 87    -0.660 55250.61488385 13.21  83.491298  70.597613  2.807
 87    -0.494 55250.61488450 13.55  83.486618  70.600583  2.807
 87    -0.317 55250.61488514 13.86  83.481948  70.603553  2.807
 87     0.002 55250.61488579 13.85  83.477268  70.606513  2.807
 87     0.239 55250.61488643 14.02  83.472598  70.609483  2.807
 87     0.295 55250.61488708 14.18  83.467918  70.612443  2.807
 87     0.279 55250.61488772 14.51  83.463238  70.615413  2.807
 88    -0.534 55285.61489770 12.41  83.530446  70.584378  2.149
 88    -0.616 55285.61489834 12.08  83.525776  70.587348  2.149
 88    -0.670 55285.61489899 11.86  83.521116  70.590318  2.149
 88    -0.760 55285.61489963 11.68  83.516446  70.593278  2.149
 88    -0.742 55285.61490028 11.48  83.511776  70.596248  2.149
 88    -0.751 55285.61490092 11.32  83.507116  70.599218  2.149
 88    -0.660 55285.61490157 11.36  83.502436  70.602178  2.149
 88    -0.565 55285.61490221 11.52  83.497766  70.605148  2.149
 88    -0.547 55285.61490286 11.05  83.493096  70.608118  2.149
 88    -0.509 55285.61490350 10.84  83.488426  70.611078  2.149
 88    -0.445 55285.61490415 10.84  83.483746  70.614048  2.149
 88    -0.381 55285.61490479 11.16  83.479076  70.617018  2.149
 88    -0.382 55285.61490543 11.66  83.474396  70.619978  2.149
 88    -0.312 55285.61490608 11.45  83.469716  70.622948  2.149
 88    -0.241 55285.61490672 11.09  83.465036  70.625918  2.149
 88    -0.133 55285.61490737 11.69  83.460356  70.628878  2.149
 89    -0.311 55320.61487143 10.11  83.520943  70.585054  1.916
 89    -0.316 55320.61487208 10.18  83.516283  70.588024  1.916
 89    -0.429 55320.61487272  9.96  83.511613  70.590994  1.916
 89    -0.375 55320.61487337  9.57  83.506953  70.593954  1.916
 89    -0.355 55320.61487401  9.79  83.502283  70.596924  1.916
 89    -0.355 55320.61487466  9.66  83.497613  70.599894  1.916
 89    -0.356 55320.61487530  9.68  83.492933  70.602854  1.916
 89    -0.269 55320.61487595  9.35  83.488263  70.605824  1.916
 89    -0.216 55320.61487659 10.09  83.483593  70.608794  1.916
 89    -0.092 55320.61487724  9.14  83.478913  70.611754  1.916
 89     0.001 55320.61487788  9.44  83.474243  70.614724  1.916
 89    -0.015 55320.61487852  9.38  83.469563  70.617694  1.916
 89     0.092 55320.61487917  9.41  83.464883  70.620654  1.916
 89     0.043 55320.61487981  9.58  83.460197  70.623624  1.894
 90     1.901 55355.61487188 47.94  83.523548  70.584902 33.905
 90     1.973 55355.61487252 51.24  83.518888  70.587862 33.905
 90     2.023 55355.61487317 47.46  83.514218  70.590832 33.905
 90     1.996 55355.61487381 46.29  83.509548  70.593802 33.905
 90     1.993 55355.61487446 48.35  83.504878  70.596762 33.905
 90     1.853 55355.61487510 48.96  83.500218  70.599732 33.905
 90     1.811 55355.61487575 48.32  83.495538  70.602702 33.905
 90     1.809 55355.61487639 48.19  83.490868  70.605662 33.905
 90     1.818 55355.61487703 43.49  83.486198  70.608632 33.905
 90     1.837 55355.61487768 41.52  83.481518  70.611602 33.905
 90     1.772 55355.61487832 39.71  83.476848  70.614562 33.905
 90     1.709 55355.61487897 39.38  83.472168  70.617532 33.905
 90     1.663 55355.61487961 38.29  83.467488  70.620502 33.905
 90     1.671 55355.61488026 37.36  83.462808  70.623462 33.905
 91    -0.201 55390.61487150 12.90  83.516900  70.580225  5.572
 91    -0.196 55390.61487214 12.44  83.512240  70.583195  5.572
 91    -0.162 55390.61487278 11.89  83.507570  70.586165  5.572
 91    -0.259 55390.61487343 12.60  83.502910  70.589125  5.572
 91    -0.157 55390.61487407 12.42  83.498240  70.592095  5.572
 91    -0.241 55390.61487472 13.07  83.493570  70.595065  5.572
 91    -0.248 55390.61487536 13.46  83.488900  70.598025  5.572
 91    -0.314 55390.61487601 15.54  83.484220  70.600995  5.572
 91    -0.316 55390.61487665 16.35  83.479550  70.603965  5.572
 91    -0.213 55390.61487730 16.80  83.474870  70.606925  5.572
 91    -0.155 55390.61487794 16.65  83.470200  70.609895  5.572
 91    -0.070 55390.61487859 16.78  83.465520  70.612855  5.572
 92    -0.188 55425.61488924 12.98  83.519192  70.586702  5.761
 92    -0.231 55425.61488989 12.96  83.514522  70.589662  5.761
 92    -0.133 55425.61489053 13.65  83.509852  70.592632  5.761
 92    -0.291 55425.61489117 14.79  83.505192  70.595602  5.761
 92    -0.402 55425.61489182 15.40  83.500522  70.598562  5.761
 92    -0.489 55425.61489246 16.27  83.495842  70.601532  5.761
 92    -0.431 55425.61489311 16.17  83.491172  70.604502  5.761
 92    -0.453 55425.61489375 17.01  83.486502  70.607462  5.761
 92    -1.071 55425.61489440 19.04  83.481822  70.610432  5.761
 92    -1.184 55425.61489504 20.01  83.477152  70.613402  5.761
 92    -1.119 55425.61489569 21.45  83.472472  70.616362  5.761
 92    -0.850 55425.61489633 21.61  83.467792  70.619332  5.761
 92    -0.739 55425.61489698 23.65  83.463112  70.622292  5.761
 93    -1.008 55460.61485642 19.56  83.535998  70.583668  7.207
 93    -1.308 55460.61485707 19.41  83.531338  70.586628  7.207
 93    -2.338 55460.61485771 20.11  83.526678  70.589598  7.207
 93    -2.006 55460.61485835 20.17  83.522008  70.592568  7.207
 93    -1.621 55460.61485900 20.00  83.517338  70.595538  7.207
 93    -2.658 55460.61485964 21.64  83.512678  70.598498  7.207
 93    -1.897 55460.61486029 21.91  83.508008  70.601468  7.207
 93    -2.728 55460.61486093 23.88  83.503338  70.604438  7.207
 93    -2.524 55460.61486158 24.63  83.498658  70.607398  7.207
 93    -2.232 55460.61486222 26.15  83.493988  70.610368  7.207
 93    -1.365 55460.61486287 24.73  83.489318  70.613338  7.207
 93    -1.140 55460.61486351 23.30  83.484638  70.616298  7.207
 93    -0.897 55460.61486416 22.71  83.479958  70.619268  7.207
 93    -0.352 55460.61486480 23.34  83.475278  70.622238  7.207
 93    -0.225 55460.61486545 22.02  83.470608  70.625198  7.207
 93    -0.370 55460.61486609 23.33  83.465918  70.628168  7.207
 93    -0.646 55460.61486674 23.23  83.461238  70.631128  7.207
