# NaN NaN NaN ;Mean Elev.(m), Avg Gradient(m/km), RMS Gradient(m/km) - SRTM1     
#    0.260  -1.311   3.326 ;Mean Elev.(m), Avg Gradient(m/km), RMS Gradient(m/km) - ASTER GDEM
#    0.001  -0.711   3.094 ;Mean Elev.(m), Avg Gradient(m/km), RMS Gradient(m/km) - GMTED2010 
  7  83.191017  70.334802     0.192    -0.112 23 52469.61697711 14.750
  8  83.194409  70.335384    -2.534    -2.438 24 52504.61696225 23.218
  9  83.171407  70.335282     2.005     0.530 21 52539.61694606 13.417
 10  83.185261  70.334290    -0.163    -0.180 23 52574.61698951 31.796
 11  83.198176  70.334556    -0.186    -0.190 24 52609.61694911 18.438
 12  83.181731  70.334638     0.072     0.099 23 52644.61694114 15.339
 15  83.195099  70.333573    -0.127    -0.119 23 52749.61698981 10.641
 16  83.167635  70.333995     1.187     1.293 21 52784.61693279 26.588
 17  83.173760  70.332515     0.608     0.439 22 52819.61700821 12.829
 18  83.183411  70.334493    -0.023    -0.169 23 52854.61705690 24.135
 20  83.204393  70.335632    -0.044     0.037 25 52924.61704337 22.452
 21  83.184507  70.333158    -0.016    -0.009 23 52959.61701044 22.571
 22  83.187586  70.333710    -0.496    -0.453 23 52994.61704261 15.239
 23  83.204529  70.337693    -0.226    -0.152 25 53029.61700661 13.611
 24  83.189777  70.335214    -1.170    -1.172 23 53064.61701406 12.313
 25  83.198914  70.336639    -0.824    -0.613 24 53099.61702336 10.722
 26  83.190797  70.334448    -0.858    -0.845 23 53134.61701365 10.611
 29  83.204480  70.336377    -0.047    -0.159 25 53239.61705214 15.329
 31  83.182829  70.333544     0.119     0.109 23 53309.61706783 23.432
 32  83.198243  70.334516    -0.562    -0.580 24 53344.61703376 14.168
 33  83.169528  70.334966    -0.872    -0.907 22 53379.61698306 11.209
 34  83.196214  70.335329    -0.966    -1.123 23 53414.61701087 10.929
 35  83.167270  70.333738    -1.041    -1.188 21 53449.61700358 10.736
 37  83.195300  70.334674     1.849     1.911 24 53519.61708512 27.906
 38  83.185488  70.334793     0.474     0.252 23 53554.61710812 14.218
 39  83.204795  70.336873     0.439     0.089 25 53589.61705298 15.491
 40  83.163753  70.333553     3.798     0.493 22 53624.61703193 11.937
 41  83.181089  70.333312     0.248     0.269 23 53659.61705799 17.166
 42  83.197231  70.335976    -0.501    -0.581 24 53694.61703389 24.416
 43  83.211211  70.336632    -0.675    -0.833 25 53729.61695657 15.371
 44  83.186606  70.333901    -0.350    -0.414 23 53764.61692111 14.461
 45  83.206031  70.336763    -0.561    -0.535 24 53799.61692726 12.654
 46  83.173220  70.333508    -0.886    -0.838 22 53834.61692706 11.917
 47  83.182453  70.334512    -0.297    -0.321 22 53869.61698892  8.738
 48  83.187315  70.333765     3.236     3.289 23 53904.61702299 39.315
 49  83.180152  70.333834    -0.535    -0.462 22 53939.61705659 18.646
 50  83.198473  70.336554    -0.588    -0.480 24 53974.61701583 21.578
 51  83.174910  70.332443    -0.033    -0.082 22 54009.61701059 15.704
 52  83.187831  70.335556    -0.555    -0.573 23 54044.61702958 24.491
 53  83.197912  70.336280     0.041     0.012 24 54079.61702281 16.182
 54  83.210159  70.336601    -0.692    -0.752 25 54114.61695835 14.094
 56  83.207517  70.336855    -0.676    -0.726 24 54184.61694887 12.013
 57  83.181155  70.334116    -1.176    -0.842 22 54219.61697919 14.527
 58  83.184066  70.338291     3.793     3.807 21 54254.61700410 26.698
 59  83.194167  70.335034     0.370     0.188 23 54289.61700601 11.891
 60  83.196005  70.333994     0.106     0.008 23 54324.61700331 15.065
 61  83.209244  70.337208     0.539     0.361 25 54359.61695803 14.599
 62  83.187460  70.335564    -0.436    -0.607 23 54394.61694390 33.898
 63  83.199098  70.337959    -0.303    -0.336 25 54429.61690854 19.701
 64  83.185597  70.333576     0.049    -0.069 23 54464.61692307 14.096
 65  83.199333  70.335685    -0.652    -0.855 24 54499.61691916 11.349
 66  83.193300  70.333765    -0.818    -1.059 23 54534.61693728 10.185
 67  83.205018  70.337509    -0.567    -0.590 25 54569.61692276 10.249
 68  83.186704  70.335307     6.275     7.295 23 54604.61693224 10.191
 69  83.193597  70.335044     2.149     1.536 23 54639.61694211 16.545
 70  83.192080  70.334449     0.095    -0.072 24 54674.61694462 13.895
 71  83.204216  70.336767    -0.429    -0.357 24 54709.61690191 19.836
 72  83.186122  70.335075    -1.083    -0.896 23 54744.61691161 22.643
 73  83.183671  70.344230    -0.149    -0.230 18 54779.61688723 26.067
 74  83.183700  70.334136    -0.094    -0.106 23 54814.61690486 16.590
 76  83.186550  70.334229    -0.178    -0.176 23 54884.61690834 12.910
 77  83.206623  70.336991    -0.546    -0.515 25 54919.61688621 12.429
 78  83.184112  70.334777     0.652     0.146 23 54954.61690367  8.991
 79  83.186850  70.334391     3.531     3.523 23 54989.61692723 42.406
 80  83.196858  70.335816     0.623     0.459 24 55024.61691869 12.204
 81  83.195013  70.334094    -0.380    -0.332 23 55059.61691297 21.008
 82  83.212524  70.333321    -1.215    -1.076 22 55094.61686492 32.254
 83  83.187593  70.335064    -0.446    -0.502 23 55129.61685480 40.805
 84  83.195657  70.336719    -0.334    -0.316 24 55164.61682773 17.779
 85  83.185716  70.333977    -0.356    -0.302 23 55199.61684640 15.816
 86  83.199306  70.337952    -0.342    -0.452 25 55234.61683307 17.189
 87  83.191070  70.334320    -0.557    -0.623 23 55269.61684084 16.434
 88  83.207796  70.337429    -0.272    -0.343 25 55304.61681352 12.094
 89  83.192155  70.334819     1.425     0.546 23 55339.61681303 20.068
 90  83.196919  70.335298     1.040     0.863 24 55374.61680470 15.910
 91  83.189792  70.333499    -1.168    -0.585 23 55409.61682631 18.718
 92  83.196431  70.334188    -0.098    -0.095 24 55444.61682147 17.883
 93  83.212796  70.336745    -0.270    -0.144 24 55479.61675747 32.739
