# NaN NaN NaN ;Mean Elev.(m), Avg Gradient(m/km), RMS Gradient(m/km) - SRTM1     
#   -6.862  -1.166  13.268 ;Mean Elev.(m), Avg Gradient(m/km), RMS Gradient(m/km) - ASTER GDEM
#    1.457  -0.986  11.970 ;Mean Elev.(m), Avg Gradient(m/km), RMS Gradient(m/km) - GMTED2010 
  7  87.785686  66.086502    42.642    42.301  7 52468.22760256 12.575
  8  87.778752  66.084114    52.107    52.635  8 52503.22759220  9.277
  9  87.807861  66.087275    55.308    55.608  7 52538.22757537 15.540
 10  87.787209  66.085959    25.118    26.711  6 52573.22761657 34.259
 11  87.784362  66.086027    38.080    37.400  6 52608.22757489 12.984
 12  87.792287  66.082987    42.192    42.118  8 52643.22757093 10.235
 13  87.782935  66.084674    45.642    45.054  7 52678.22755358  9.090
 15  87.767523  66.084150    57.656    57.724  7 52748.22761789  6.357
 16  87.800796  66.083772    18.986    19.242  8 52783.22755738 46.567
 17  87.797753  66.083067    34.232    31.909  7 52818.22763538 17.279
 18  87.793940  66.082868    40.284    38.975  8 52853.22768522 22.152
 20  87.773769  66.083620    34.542    34.466  8 52923.22767396 17.888
 21  87.804551  66.084857    43.067    41.634  8 52958.22763895 11.778
 22  87.793733  66.084123    46.035    47.311  8 52993.22766542  8.447
 23  87.778574  66.083633    40.043    40.067  8 53028.22763070  9.589
 24  87.797136  66.084843    47.901    51.709  8 53063.22763821  9.970
 25  87.769605  66.084044    41.592    41.648  7 53098.22765637  8.727
 26  87.799169  66.083129     4.509     4.499  7 53133.22763638 13.411
 28  87.786088  66.083767    38.451    36.167  8 53203.22771147 17.636
 29  87.783094  66.083240    38.350    37.151  8 53238.22768035 18.094
 30  87.809708  66.084984    48.001    53.473  8 53273.22763898 13.606
 31  87.787482  66.084953    35.284    37.493  7 53308.22769879 18.085
 33  87.809608  66.083318    20.810    22.921  7 53378.22760567 11.753
 34  87.792288  66.085503    41.195    42.253  8 53413.22764131 11.689
 35  87.808053  66.085072    39.572    37.659  8 53448.22762882  9.681
 37  87.786357  66.085125    18.666    18.707  8 53518.22771424 42.076
 38  87.779291  66.085090    51.360    52.988  6 53553.22773620 11.310
 39  87.784586  66.085031    40.104    41.907  7 53588.22768608 18.755
 40  87.796653  66.083823    37.236    35.659  8 53623.22765735 19.962
 41  87.796640  66.087737    55.773    55.741  5 53658.22768408  9.195
 42  87.780809  66.085942    42.746    41.646  7 53693.22766619 14.597
 43  87.772571  66.083336    36.770    37.742  7 53728.22759010 10.066
 44  87.805531  66.084628    39.532    38.399  8 53763.22754730 12.908
 45  87.778998  66.083450    46.672    44.593  8 53798.22755789  9.993
 47  87.792133  66.084758    11.092     9.235  8 53868.22761697 10.999
 48  87.786418  66.084108    15.808    15.622  7 53903.22764907 32.970
 49  87.779435  66.085617    17.403    19.263  7 53938.22768502 43.813
 50  87.773808  66.083829    52.453    56.502  7 53973.22764801  8.407
 52  87.800242  66.085191    46.287    46.590  8 54043.22765877 10.776
 54  87.768983  66.084145    35.101    35.161  6 54113.22759167  9.786
 56  87.770813  66.083742    46.644    44.647  7 54183.22758074  7.827
 57  87.789679  66.081137    48.086    53.800  6 54218.22760667  9.177
 58  87.786465  66.083205    36.827    36.888  4 54253.22763145 29.916
 59  87.789387  66.087320    52.105    56.147  6 54288.22763483 10.111
 60  87.790034  66.086743    52.365    55.633  7 54323.22763226 10.464
 61  87.773361  66.084863    53.925    56.847  7 54358.22759009 13.223
 62  87.795277  66.089723    49.669    55.604  5 54393.22757195 10.040
 63  87.777274  66.080257     9.601     3.965  6 54428.22754109 27.421
 64  87.795052  66.084331    42.854    42.386  8 54463.22755131 10.122
 65  87.782610  66.084504    42.084    41.507  8 54498.22754941  9.871
 66  87.792157  66.084969    47.338    47.180  8 54533.22756504  8.080
 67  87.773632  66.083832    51.583    51.981  8 54568.22755398  7.710
 68  87.789531  66.084389    14.908    14.999  7 54603.22755999 35.062
 70  87.784684  66.085619    51.360    56.255  6 54673.22757387  9.845
 71  87.778415  66.083405    56.797    57.069  7 54708.22753306  8.285
 72  87.791775  66.085405    55.888    56.244  7 54743.22753949 11.436
 73  87.785307  66.085904    41.539    41.436  7 54778.22751492 10.846
 75  87.780021  66.084273    40.201    40.189  8 54848.22751491  8.509
 76  87.790145  66.084218    39.608    39.605  7 54883.22753667  8.787
 77  87.768921  66.083013    36.999    34.454  8 54918.22751804  9.483
 78  87.789259  66.083718    45.230    41.801  8 54953.22753082  9.999
 79  87.786588  66.084276    18.422    18.411  8 54988.22755505 47.689
 80  87.780151  66.080334    14.983     9.953  5 55023.22754811 39.744
 81  87.787586  66.087279    48.615    53.347  6 55058.22754195 13.800
 82  87.772278  66.083421    52.935    56.467  7 55093.22749800  8.680
 83  87.790409  66.085652    41.598    42.481  6 55128.22748297 16.825
 84  87.782111  66.084443    37.652    37.426  7 55163.22745916 14.525
 85  87.791994  66.083496    44.296    48.122  8 55198.22747445  9.232
 86  87.776237  66.084694    46.850    48.222  7 55233.22746375  7.194
 87  87.789003  66.084331    45.386    46.541  7 55268.22746922  7.112
 88  87.773449  66.082952    42.602    43.326  7 55303.22744361  7.981
 89  87.787741  66.086301    51.204    56.018  6 55338.22744213 10.068
 90  87.787312  66.086878    54.780    57.370  5 55373.22743288 11.785
 91  87.795371  66.087055    62.488    84.909  3 55408.22745321 12.283
 92  87.783128  66.083294    43.695    42.671  8 55443.22745166 16.755
 93  87.771082  66.083217    50.121    47.267  7 55478.22739116 11.657
