# NaN NaN NaN ;Mean Elev.(m), Avg Gradient(m/km), RMS Gradient(m/km) - SRTM1     
#    1.539   0.441   1.987 ;Mean Elev.(m), Avg Gradient(m/km), RMS Gradient(m/km) - ASTER GDEM
#    0.009   0.074   8.938 ;Mean Elev.(m), Avg Gradient(m/km), RMS Gradient(m/km) - GMTED2010 
  6  83.160892  70.847120     2.525     2.162  5 52438.25653780 22.489
  7  83.158778  70.844957     3.370     3.335  6 52473.25653814 16.799
  8  83.160850  70.847102     0.809     0.577  5 52508.25650744 27.192
  9  83.160647  70.827323     1.213     1.316  9 52543.25649673 19.812
 11  83.156845  70.848931    -0.439    -0.426  4 52613.25650760 17.934
 12  83.157995  70.835214    -0.335    -0.337  8 52648.25649238 15.398
 13  83.155399  70.840509    -0.020    -0.012  7 52683.25646731 12.003
 14  83.157368  70.838601    -0.246    -0.211  8 52718.25652385 10.470
 15  83.147669  70.849883    -0.081    -0.099  7 52753.25654711  9.525
 16  83.160164  70.828464     0.761     0.771  8 52788.25649651 23.124
 17  83.160421  70.832485     2.584     2.420  8 52823.25656732 15.092
 18  83.158498  70.831944     2.447     2.173  8 52858.25661406 17.109
 19  83.161204  70.845242     1.793     2.274  6 52893.25664338 21.102
 20  83.149117  70.849782    -0.140    -0.122  7 52928.25659385 50.026
 21  83.160865  70.828006    -0.534    -0.524  8 52963.25657539 19.554
 22  83.159525  70.844533    -0.349    -0.339  6 52998.25661139 13.495
 23  83.150651  70.848588    -0.220    -0.211  7 53033.25656564 11.274
 24  83.158195  70.836763    -0.786    -0.769  9 53068.25658097  9.482
 25  83.148421  70.850270    -0.409    -0.412  7 53103.25656753  7.816
 26  83.158379  70.833322    -0.554    -0.574  8 53138.25658541  8.786
 27  83.156012  70.837371     2.450     2.331  8 53173.25662770 29.312
 28  83.160307  70.845251     2.268     2.294  6 53208.25664200 18.096
 29  83.158397  70.845237    -1.241    -1.271  5 53243.25660971 26.424
 30  83.161891  70.830196    -0.879    -0.927  8 53278.25658843 25.394
 31  83.157769  70.839556    -0.625    -0.657  8 53313.25661649 20.335
 32  83.157673  70.842730    -0.544    -0.562  6 53348.25658169 14.912
 33  83.160093  70.829939    -0.950    -0.973  8 53383.25655248 11.790
 34  83.158706  70.837018    -0.686    -0.655  9 53418.25656203 11.292
 35  83.163321  70.827082    -1.352    -1.277  9 53453.25656686 10.153
 36  83.159942  70.844552    -0.114    -0.104  5 53488.25664913  8.807
 37  83.156204  70.837874     1.405     1.417  8 53523.25663919 42.095
 38  83.159172  70.848312     2.434     2.546  4 53558.25666331 21.578
 39  83.160493  70.846889     0.997     1.177  5 53593.25660085 20.271
 40  83.160089  70.830407     0.127     0.071  8 53628.25659502 22.586
 41  83.156021  70.838776    -1.042    -1.034  9 53663.25661844 37.564
 42  83.160741  70.847726    -0.325    -0.298  5 53698.25657874 15.628
 43  83.156635  70.849941    -0.805    -0.717  4 53733.25650092 12.603
 44  83.159764  70.833927    -0.532    -0.597  8 53768.25648321 12.372
 45  83.160903  70.848852    -0.494    -0.423  5 53803.25647853  9.123
 46  83.161597  70.831688    -0.868    -0.775  8 53838.25649686  8.534
 47  83.158079  70.837377     0.298     0.223  8 53873.25654549  4.987
 48  83.156096  70.838772     2.999     2.980  9 53908.25658774 28.883
 49  83.158696  70.848070     0.255    -0.402  5 53943.25661086 23.770
 50  83.153977  70.849184    -0.342    -0.324  6 53978.25656227 41.282
 51  83.161458  70.827487    -0.544    -0.687  8 54013.25657559 35.653
 52  83.159506  70.835756    -0.446    -0.454  8 54048.25658278 23.033
 54  83.147205  70.849239     0.012    -0.186  7 54118.25650349 13.569
 55  83.153999  70.839003    -0.579    -0.591  8 54153.25652900 12.330
 57  83.158886  70.837711     0.235     0.201  8 54223.25653904  7.740
 58  83.154507  70.838854     2.122     2.143  8 54258.25656060 30.685
 59  83.154902  70.837740     2.415     2.017  8 54293.25656366 17.658
 60  83.158333  70.843923     0.241    -0.694  6 54328.25655765 21.637
 61  83.150842  70.849584    -0.311    -0.687  7 54363.25650494 25.169
 62  83.157705  70.837159     0.309     0.325  9 54398.25649875 30.464
 63  83.159415  70.850030    -0.322    -0.330  4 54433.25645455 15.091
 64  83.159648  70.833696    -0.595    -0.542  9 54468.25648174 12.366
 65  83.158187  70.847715    -0.003     0.006  4 54503.25647091 11.523
 66  83.157106  70.840356    -0.953    -1.024  8 54538.25649621 10.148
 67  83.156753  70.849432    -0.491    -0.422  4 54573.25647157  9.625
 68  83.155060  70.838620     0.747     0.605  9 54608.25648956  5.729
 69  83.158785  70.843929     2.808     2.912  6 54643.25649704 25.847
 70  83.153717  70.839321     1.174     1.456  8 54678.25649966 30.613
 71  83.155334  70.849892     0.922    -0.112  5 54713.25645073 23.965
 72  83.158929  70.838214    -0.629    -0.625  8 54748.25646897 31.450
 73  83.160348  70.846187    -0.491    -0.443  5 54783.25643844 18.079
 74  83.158500  70.836734    -1.321    -1.237  8 54818.25646177 13.795
 75  83.158573  70.845875    -0.171    -0.164  5 54853.25643559 10.930
 76  83.156117  70.840374    -0.155    -0.145  8 54888.25646595 10.226
 77  83.148234  70.849624    -0.278    -0.295  6 54923.25643533  8.865
 78  83.158955  70.837544     0.015     0.035  8 54958.25646303  7.582
 79  83.161172  70.844885     2.535     2.384  6 54993.25648431 25.967
 80  83.160108  70.845190     2.013     2.061  6 55028.25647462 20.602
 81  83.160975  70.844547     1.704     2.134  6 55063.25646671 18.462
 82  83.149654  70.850895    -0.226    -0.471  7 55098.25641243 26.272
 83  83.157376  70.837490    -0.310    -0.271  9 55133.25641205 33.029
 84  83.160922  70.848092    -0.684    -0.684  5 55168.25637519 14.374
 85  83.156491  70.836976    -0.562    -0.564  8 55203.25640463 12.401
 86  83.154781  70.847817    -0.389    -0.467  5 55238.25638312 14.344
 87  83.160499  70.844643    -0.247    -0.224  6 55273.25639703 10.375
 88  83.154947  70.850065     0.202     0.164  5 55308.25636523 10.071
 89  83.155542  70.838706     0.116     0.104  8 55343.25636719  7.904
 90  83.158779  70.846417     3.074     2.968  5 55378.25636019 24.656
 91  83.158663  70.836639     1.947     1.751  9 55413.25638620 24.128
 92  83.159652  70.845523     2.491     2.310  5 55448.25637395 16.238
 93  83.147444  70.849147    -1.250    -1.225  7 55483.25630204 40.543
