# NaN NaN NaN ;Mean Elev.(m), Avg Gradient(m/km), RMS Gradient(m/km) - SRTM1     
#  -28.435  -7.908  18.784 ;Mean Elev.(m), Avg Gradient(m/km), RMS Gradient(m/km) - ASTER GDEM
#    1.212  -3.882  15.291 ;Mean Elev.(m), Avg Gradient(m/km), RMS Gradient(m/km) - GMTED2010 
  7  86.051924  69.423978    50.137    72.119 19 52445.24288151 31.564
  8  86.073346  69.438637    79.890    80.148 14 52480.24287063  4.651
  9  86.051011  69.423857    59.533    72.015 18 52515.24282278 13.234
 10  86.028781  69.393255    40.907    51.041 38 52550.24287492 25.565
 11  86.036684  69.403379    45.290    57.334 33 52585.24285075 19.979
 12  86.038836  69.420744    46.401    65.118 16 52620.24282831 10.703
 15  86.039705  69.406997     5.795     6.100 32 52725.24285755  7.452
 16  85.886999  69.317440     4.845     5.084  7 52760.24289562  7.693
 17  86.038964  69.394017    48.015    42.548 26 52795.24283434 27.648
 18  86.003787  69.367239    33.589    29.716 29 52830.24290680 21.312
 19  85.961991  69.342160    -0.514     0.068 21 52865.24295650 44.642
 20  86.062924  69.431979    80.028    80.217 14 52900.24296683  4.436
 21  85.909701  69.329989    42.384    12.985 15 52935.24293160 24.581
 22  86.038065  69.402245    45.343    58.849 34 52970.24293452 13.592
 23  86.050352  69.422780    47.038    69.337 20 53005.24294708 10.123
 24  86.003938  69.371130    29.699    31.646 31 53040.24290732  9.654
 25  85.918167  69.327935    29.892     5.856 13 53075.24294945  8.791
 26  85.959926  69.343658    10.627     5.093 21 53110.24291544  8.904
 27  85.978560  69.362813    33.771    33.043 18 53145.24295332  9.852
 28  86.073054  69.430699    73.390    78.778 13 53180.24295047  6.234
 29  86.066326  69.429938    61.467    73.565 19 53215.24297297 10.832
 30  86.037518  69.419025    52.755    68.784 15 53250.24294792 13.343
 31  86.041110  69.403176    49.041    62.203 32 53285.24294652 19.380
 32  86.028909  69.393289    33.700    41.029 38 53320.24293157 16.222
 33  86.058394  69.427944    47.552    71.784 19 53355.24289306  8.979
 34  86.002058  69.371335    26.401    31.680 28 53390.24291239  9.927
 35  85.924568  69.326595     4.729     3.419 11 53425.24292009  9.714
 36  85.984622  69.355028     5.824     5.967 28 53460.24291960  9.279
 37  85.924366  69.328532    10.542     9.978 11 53495.24300989  7.043
 38  86.073554  69.431637    72.092    80.804 16 53530.24296314 12.558
 39  86.039037  69.418439    44.867    64.189 19 53565.24299580 19.504
 40  86.040241  69.416033    47.706    64.386 21 53600.24293875 14.916
 41  86.059043  69.415559    56.709    71.922 21 53635.24293501 15.567
 42  86.053656  69.421329    58.900    66.961 24 53670.24295558 24.374
 43  86.052064  69.420201    51.243    69.094 24 53705.24289117 11.526
 44  85.901561  69.325683    34.322     9.347 13 53740.24282348 11.411
 45  86.011544  69.381011    36.884    39.746 30 53775.24283135  9.521
 46  85.991993  69.386400    43.542    42.815 14 53810.24281300  8.603
 47  85.997412  69.372486    22.549    31.702 23 53845.24285946  9.197
 48  85.959040  69.343260     3.744     1.840 21 53880.24289280 15.866
 49  85.921362  69.328658     2.650     1.937 12 53915.24295373 35.187
 50  86.047275  69.424112    49.157    68.201 16 53950.24294256 13.712
 51  86.058054  69.432326    61.465    73.458 16 53985.24287795 11.449
 52  86.042300  69.401319    50.504    62.107 33 54020.24292140 18.976
 53  86.016538  69.383976    36.513    40.605 34 54055.24291651 16.656
 54  86.049252  69.422929    48.210    68.158 20 54090.24289650 10.587
 55  85.991105  69.360597    18.755    10.560 31 54125.24283654 11.441
 57  85.978293  69.354187     5.340     5.283 22 54195.24283978  9.504
 58  86.053992  69.417062    45.213    68.574 25 54230.24287689 15.562
 59  86.060044  69.421473    61.739    77.376 23 54265.24289361 13.641
 61  86.062255  69.430150    75.026    77.888 15 54335.24288556  8.262
 63  86.056515  69.424418    63.782    71.199 22 54405.24283107 38.411
 64  86.000603  69.365020    29.416    25.558 35 54440.24280052  9.871
 65  86.017024  69.389011    37.309    47.204 21 54475.24282544  7.733
 66  85.972204  69.348161     6.081     5.135 25 54510.24281864  8.593
 67  85.928316  69.330762    23.491     9.352 13 54545.24285249  7.877
 68  85.943823  69.336095    10.844    10.660 16 54580.24281799  5.881
 69  86.036246  69.406043    45.769    58.580 18 54615.24282560 18.308
 70  86.066810  69.427518    65.919    75.257 19 54650.24283301 10.510
 71  86.054271  69.425378    56.290    71.761 21 54685.24282778 12.146
 72  86.019156  69.380823     6.822     8.405 45 54720.24278652 20.770
 73  86.051565  69.417012    58.281    65.719 26 54755.24280362 15.424
 74  86.037387  69.395834    44.569    51.269 36 54790.24277712 16.033
 75  86.042835  69.406452    45.894    60.473 31 54825.24280174 11.179
 76  86.012184  69.376761    35.046    36.547 37 54860.24277433 10.032
 77  86.060781  69.428549    50.052    73.441 20 54895.24279874  8.300
 78  85.999263  69.371566    26.988    35.955 25 54930.24277411  8.403
 79  85.938619  69.336061    34.347     9.144 17 54965.24281839 19.965
 80  86.061359  69.426729    57.892    78.907 20 55000.24281939 15.152
 81  86.061654  69.421854    64.694    77.359 19 55035.24280553 10.121
 82  86.047071  69.421645    51.601    67.602 21 55070.24279596 12.037
 83  86.010373  69.377714    42.066    44.200 26 55105.24274663 16.998
 84  86.041852  69.411949    48.658    60.292 29 55140.24274626 20.904
 85  86.016638  69.378277    35.012    37.260 44 55175.24271353 12.734
 86  86.048291  69.413165    46.670    65.294 28 55210.24274096 10.006
 87  86.017852  69.385086    38.844    42.854 33 55245.24271874  8.385
 88  86.056781  69.426043    50.229    71.829 21 55280.24273225  6.694
 89  86.053363  69.417767    47.699    68.856 26 55315.24269930 11.437
 90  86.071563  69.435680    49.888    75.689 14 55350.24270147 36.523
 91  86.038172  69.399270    46.889    59.860 26 55385.24270235 16.108
 92  86.022522  69.394936     0.554     0.399 24 55420.24272845 38.048
 93  86.046843  69.422161    10.208     5.843 20 55455.24269993 20.038
