# NaN NaN NaN ;Mean Elev.(m), Avg Gradient(m/km), RMS Gradient(m/km) - SRTM1     
#  -13.699   2.480  17.260 ;Mean Elev.(m), Avg Gradient(m/km), RMS Gradient(m/km) - ASTER GDEM
#    1.711   0.800  10.403 ;Mean Elev.(m), Avg Gradient(m/km), RMS Gradient(m/km) - GMTED2010 
  8  85.695240  69.680175    70.349    71.233  6 52499.24479223  6.867
 17  85.702835  69.669573     5.002     5.093 10 52814.24483457 44.877
 18  85.701113  69.669433    27.483    31.628 10 52849.24488757 19.123
 19  85.697100  69.678467    23.596    32.541  7 52884.24492169 14.001
 20  85.693023  69.679787    56.237    56.315  6 52919.24487796 17.728
 21  85.703685  69.664736    95.659    95.632 11 52954.24484345  1.789
 28  85.699251  69.675295     1.788     2.039  8 53199.24490967 45.338
 31  85.698271  69.674073    95.961    95.876  7 53304.24490732  1.928
 37  85.699206  69.677158    68.269    67.478  7 53514.24491879  2.961
 38  85.695500  69.681717     3.327     2.801  6 53549.24493691 18.603
 39  85.696972  69.679330    15.871     7.662  6 53584.24490079 12.322
 40  85.686209  69.685249     3.090     2.011  5 53619.24485665 19.352
 41  85.700466  69.672755    35.067    37.511  8 53654.24488350 19.624
 42  85.696659  69.679327    96.285    96.259  6 53689.24487865  0.996
 48  85.698800  69.674374    10.405    10.452  8 53899.24484490 42.967
 49  85.693028  69.680162     1.447     1.465  6 53934.24488818 42.760
 50  85.693058  69.681447    18.059     6.415  6 53969.24485869 13.356
 51  85.703131  69.663346    20.499     9.546 12 54004.24483440 18.118
 52  85.709312  69.676164    98.729    98.835  4 54039.24486505  2.224
 57  85.699173  69.672537    55.639    55.582  8 54214.24480574  8.221
 58  85.699107  69.674773    55.519    55.945  8 54249.24483306 10.150
 59  85.697694  69.676785     3.355     3.612  7 54284.24484067 44.439
 60  85.696059  69.675525    22.139    28.139  7 54319.24483847 15.867
 61  85.692194  69.681325    39.009    42.000  5 54354.24480102 12.687
 62  85.694455  69.671633    69.608    74.499  5 54389.24477942 13.012
 68  85.703894  69.679146    62.712    61.152  5 54599.24476139  2.441
 69  85.697209  69.676365    22.331    29.154  7 54634.24477483 17.139
 70  85.689661  69.673379     7.955     8.058  3 54669.24478034 16.677
 71  85.692018  69.679073    16.681     7.172  6 54704.24474305 13.506
 72  85.699378  69.670629    17.346     8.128  9 54739.24474290 18.010
 73  85.695898  69.679246    93.727    95.010  6 54774.24472424  5.805
 77  85.698878  69.687611    85.129    85.129  2 54914.24472486  0.532
 79  85.697914  69.676222     7.500     7.566  6 54984.24475612 18.954
 80  85.699417  69.677650    32.243    36.564  7 55019.24475209 13.422
 81  85.696720  69.677869    26.930    33.281  7 55054.24474816 14.597
 82  85.692883  69.683094    21.383    22.811  6 55089.24470802 17.207
 83  85.701320  69.673886    58.054    57.912  8 55124.24468595 14.185
 84  85.698955  69.683472    96.837    97.031  4 55159.24466885  1.630
 90  85.697868  69.678248    22.700    29.992  7 55369.24463935 15.715
 91  85.701451  69.672119    25.007    15.223  9 55404.24465706 15.963
 92  85.694305  69.677089    30.930     8.336  4 55439.24465785 14.890
