# NaN NaN NaN ;Mean Elev.(m), Avg Gradient(m/km), RMS Gradient(m/km) - SRTM1     
#  -12.992   0.068   9.020 ;Mean Elev.(m), Avg Gradient(m/km), RMS Gradient(m/km) - ASTER GDEM
#    1.016  -0.027   7.125 ;Mean Elev.(m), Avg Gradient(m/km), RMS Gradient(m/km) - GMTED2010 
  7  86.551970  67.245223    10.496    10.749 14 52453.61831723 36.164
  8  86.556848  67.251253    19.111    22.759 14 52488.61829684 14.705
  9  86.565172  67.247473     8.005     8.389 10 52523.61827038 18.732
 10  86.550182  67.241527     1.079     1.000 13 52558.61831978 25.970
 11  86.552899  67.244889     0.000    -0.017 13 52593.61832102 24.536
 12  86.551806  67.242336     8.237     8.434 13 52628.61824551 14.349
 13  86.554236  67.247358     7.886     8.006 14 52663.61828346 12.707
 14  86.549120  67.241197     8.173     8.524 13 52698.61825774 11.438
 15  86.559569  67.253227     7.954     8.034 14 52733.61828261 10.818
 16  86.561883  67.252243     2.459     0.692 13 52768.61828524 22.665
 17  86.548161  67.237976    11.853    11.866 13 52803.61830546 47.907
 18  86.551588  67.242540     1.522     1.547 13 52838.61836945 41.543
 19  86.553332  67.244377     5.376     6.031 14 52873.61840949 16.179
 20  86.567111  67.245675     8.506     8.233  9 52908.61839037 18.462
 21  86.550883  67.242288    -0.010    -0.022 13 52943.61831964 35.738
 23  86.556583  67.248474     8.042     8.285 14 53013.61837671 14.472
 24  86.550400  67.240774     7.008     7.017 13 53048.61834601 15.353
 25  86.554290  67.246420     8.340     8.410 14 53083.61838229 12.248
 26  86.549724  67.239810     5.686     5.903 13 53118.61835161 14.499
 27  86.551338  67.241620    13.119    13.134 13 53153.61840276 29.862
 28  86.557694  67.248317    20.234    23.834 14 53188.61839235 16.087
 29  86.560277  67.248938     6.986     7.188 12 53223.61840878 17.159
 30  86.558836  67.250986    10.648     8.895 14 53258.61838457 16.143
 31  86.546398  67.237921    15.292    11.132 13 53293.61840528 16.978
 32  86.555000  67.249791     5.588     6.283 14 53328.61838069 17.211
 33  86.562307  67.253059     6.757     7.599 14 53363.61833373 11.657
 34  86.552091  67.241755     8.446     8.624 13 53398.61835497 11.047
 35  86.561704  67.252024     8.668     8.713 14 53433.61834725 10.169
 36  86.548560  67.241046    12.511     9.246 13 53468.61838581  9.393
 37  86.553663  67.244475     0.983     1.046 14 53503.61843294 18.439
 38  86.554571  67.248163    21.116    23.700 13 53538.61842991 13.920
 39  86.554639  67.248925    14.204    12.978 14 53573.61842955 14.450
 40  86.560124  67.255538    18.288    22.857 14 53608.61838025 16.707
 41  86.551308  67.237317     4.800     5.919 12 53643.61837914 18.515
 42  86.553847  67.245281     1.118     1.160 13 53678.61839862 34.601
 43  86.561376  67.254843     7.342     7.855 15 53713.61832859 13.784
 44  86.549939  67.239744     8.653     8.884 13 53748.61824036 11.955
 45  86.559059  67.249609     8.502     8.702 14 53783.61827257 10.875
 46  86.565136  67.258458    10.733     9.007 15 53818.61823648  9.117
 47  86.548514  67.240759     8.164     8.492 14 53853.61831174  9.066
 48  86.556726  67.250077    17.082    17.093 13 53888.61832099 28.619
 49  86.550259  67.239872     2.373     1.653 13 53923.61838776 26.699
 50  86.554060  67.246488     5.338     6.241 13 53958.61838072 16.159
 51  86.546816  67.236861     1.725     1.754 13 53993.61830831 44.169
 52  86.549364  67.243058     0.574     0.545 13 54028.61836951 47.786
 53  86.556619  67.252000     4.108     6.036 14 54063.61836448 15.506
 54  86.559915  67.253247     7.305     7.741 15 54098.61833237 14.090
 55  86.549418  67.241031    22.568    22.428 14 54133.61828655  7.639
 56  86.558256  67.250989    11.581    10.075 14 54168.61830622  9.529
 57  86.550483  67.240245     0.842     0.880 13 54203.61829023 32.914
 58  86.553909  67.246888    12.985    12.990 14 54238.61832634 24.525
 59  86.555562  67.248055    25.598    26.350 14 54273.61834432 16.590
 60  86.554716  67.245992     9.380     7.222 13 54308.61834576 15.747
 61  86.561448  67.252749    18.843    23.315 14 54343.61832481 16.987
 62  86.551028  67.243932    20.784    22.040 13 54378.61828109 17.523
 63  86.555465  67.249770     2.099     1.394 14 54413.61827216 31.430
 64  86.552367  67.238780     8.643     9.176 11 54448.61824656 15.553
 65  86.554790  67.248037    12.802     9.196 14 54483.61826557 10.902
 66  86.551621  67.242644    19.744    19.540 13 54518.61826096  9.727
 67  86.559023  67.251756    19.296    22.123 14 54553.61827815  7.321
 68  86.553861  67.244093    26.335    26.518 13 54588.61825710  2.764
 69  86.555067  67.248758    14.363    14.362 14 54623.61827543 50.312
 70  86.554569  67.245493    19.997    22.180 14 54658.61828378 14.729
 71  86.558130  67.249541     2.759     2.744 14 54693.61826558 49.287
 72  86.550590  67.243883    11.123     7.982 13 54728.61823752 16.917
 73  86.554123  67.247564    -0.348    -0.086 13 54763.61824292 24.816
 74  86.547186  67.241493    -0.208    -0.242 13 54798.61823043 26.380
 75  86.556349  67.247195     7.768     7.773 14 54833.61823332 13.572
 76  86.549956  67.241320     8.102     8.258 14 54868.61822676 12.788
 77  86.557720  67.251775     7.946     8.088 14 54903.61824357 11.722
 78  86.551103  67.244695     9.755     7.708 13 54938.61821823 10.827
 79  86.554091  67.244838     5.807     5.818 14 54973.61824958 22.826
 80  86.556583  67.247536    19.803    22.633 14 55008.61826465 16.938
 81  86.555213  67.246190    12.945     9.363 13 55043.61825413 14.862
 82  86.562030  67.249055     5.036     5.669 13 55078.61823201 22.184
 83  86.552035  67.244393    15.603    12.696 14 55113.61818618 14.704
 84  86.554347  67.247230    -0.105    -0.109 14 55148.61818714 29.808
 85  86.549740  67.240755     8.090     8.310 13 55183.61816773 14.892
 86  86.556616  67.248528     2.957     1.584 14 55218.61818507 26.011
 87  86.550438  67.244351     7.544     7.543 13 55253.61816429 12.428
 88  86.557982  67.253246     7.155     7.310 14 55288.61817596 11.707
 89  86.553955  67.246601     4.714     5.574 14 55323.61815238 17.440
 90  86.555662  67.247958    24.413    24.105 13 55358.61815097 15.983
 91  86.551435  67.244050    18.001    21.943 14 55393.61815390 14.384
 92  86.555187  67.246605    16.203    13.925 13 55428.61816673 15.083
 93  86.561746  67.253549    21.464    23.181 14 55463.61813112 21.409
