# NaN NaN NaN ;Mean Elev.(m), Avg Gradient(m/km), RMS Gradient(m/km) - SRTM1     
#  -19.000  -5.774  10.269 ;Mean Elev.(m), Avg Gradient(m/km), RMS Gradient(m/km) - ASTER GDEM
#   13.000  -3.504   5.832 ;Mean Elev.(m), Avg Gradient(m/km), RMS Gradient(m/km) - GMTED2010 
  7    26.182 52475.62366135 16.71  87.549089  64.135192  9.023
  7    23.210 52475.62366200 17.41  87.546279  64.138312  9.023
  7    22.629 52475.62366264 17.29  87.543469  64.141432  9.023
  7    22.021 52475.62366328 16.70  87.540669  64.144552  9.023
  7    12.424 52475.62366393 16.83  87.537859  64.147672  9.023
  7    20.901 52475.62366457 14.92  87.535049  64.150792  9.023
  7    20.088 52475.62366522 14.97  87.532239  64.153912  9.023
  7    16.527 52475.62366586 15.08  87.529419  64.157032  9.023
  7    13.490 52475.62366651 16.40  87.526609  64.160152  9.023
  7    14.756 52475.62366715 17.75  87.523799  64.163272  9.023
  7    13.647 52475.62366780 18.73  87.520989  64.166392  9.023
  7    13.568 52475.62366844 19.27  87.518169  64.169512  9.023
  8    12.056 52510.62361948 47.33  87.553560  64.149912 25.627
  8    11.589 52510.62362012 47.08  87.550750  64.153032 25.627
  8    11.911 52510.62362076 41.75  87.547940  64.156152 25.627
  8    11.949 52510.62362141 47.17  87.545130  64.159272 25.627
  8    11.831 52510.62362205 43.76  87.542320  64.162392 25.627
  8    11.791 52510.62362270 34.94  87.539510  64.165512 25.627
  8    11.494 52510.62362334 40.10  87.536700  64.168632 25.627
  8    11.664 52510.62362399 48.75  87.533880  64.171752 25.627
  8    11.662 52510.62362463 50.47  87.531070  64.174862 25.627
  8    11.715 52510.62362528 52.16  87.528260  64.177992 25.627
  8    11.723 52510.62362592 49.75  87.525440  64.181102 25.627
  8    11.553 52510.62362657 48.32  87.522629  64.184224 21.840
  9    19.893 52545.62363059 22.07  87.549974  64.131061 16.379
  9    12.048 52545.62363123 23.19  87.547164  64.134171 16.379
  9    11.817 52545.62363188 22.85  87.544354  64.137291 16.379
  9    11.629 52545.62363252 26.14  87.541544  64.140411 16.379
  9    11.806 52545.62363317 25.71  87.538734  64.143531 16.379
  9    11.732 52545.62363381 25.41  87.535924  64.146651 16.379
  9    12.006 52545.62363446 24.81  87.533114  64.149771 16.379
  9    12.372 52545.62363510 24.39  87.530294  64.152891 16.379
  9    12.481 52545.62363575 24.97  87.527484  64.156011 16.379
  9    12.762 52545.62363639 27.27  87.524674  64.159131 16.379
  9    13.440 52545.62363768 48.31  87.519044  64.165371 16.379
  9    12.553 52545.62363832 51.16  87.516234  64.168491 16.379
 10    11.256 52580.62365862 48.61  87.549237  64.136156 21.789
 10    11.591 52580.62365926 44.22  87.546427  64.139276 21.789
 10    11.331 52580.62365991 47.02  87.543627  64.142396 21.789
 10    11.354 52580.62366055 47.25  87.540817  64.145516 21.789
 10    11.283 52580.62366120 48.56  87.538007  64.148636 21.789
 10    11.259 52580.62366184 49.85  87.535187  64.151756 21.789
 10    11.486 52580.62366249 46.29  87.532377  64.154876 21.789
 10    11.186 52580.62366313 40.42  87.529567  64.157986 21.789
 10    11.206 52580.62366378 40.16  87.526757  64.161106 21.789
 10    11.023 52580.62366442 48.05  87.523947  64.164226 21.789
 10    11.044 52580.62366507 47.42  87.521127  64.167346 21.789
 10    11.181 52580.62366571 46.13  87.518319  64.170466 11.299
 11    20.713 52615.62362922 16.55  87.551755  64.145568  3.554
 11    21.853 52615.62362987 16.16  87.548945  64.148688  3.554
 11    21.001 52615.62363051 16.39  87.546135  64.151808  3.554
 11    20.421 52615.62363116 16.91  87.543325  64.154928  3.554
 11    12.271 52615.62363180 18.51  87.540515  64.158048  3.554
 11    12.343 52615.62363245 19.06  87.537705  64.161168  3.554
 11    12.446 52615.62363309 19.84  87.534898  64.164285  5.383
 11    12.572 52615.62363373 20.21  87.532088  64.167405  5.383
 11    12.463 52615.62363438 19.65  87.529268  64.170525  5.383
 11    12.657 52615.62363502 20.17  87.526458  64.173645  5.383
 11    14.051 52615.62363567 18.41  87.523638  64.176765  5.383
 11    14.033 52615.62363631 18.33  87.520828  64.179875  5.383
 12    18.177 52650.62360620 12.97  87.550031  64.140313  2.793
 12    22.034 52650.62360685 13.03  87.547221  64.143433  2.793
 12    21.275 52650.62360749 13.19  87.544411  64.146553  2.793
 12    21.246 52650.62360814 13.09  87.541601  64.149673  2.793
 12    20.476 52650.62360878 13.59  87.538781  64.152793  2.793
 12    19.694 52650.62360943 13.56  87.535971  64.155913  2.793
 12    18.719 52650.62361007 13.85  87.533161  64.159023  2.793
 12    18.201 52650.62361072 14.11  87.530351  64.162143  2.793
 12    17.996 52650.62361136 14.22  87.527531  64.165263  2.793
 12    16.799 52650.62361201 14.49  87.524721  64.168383  2.793
 12    18.816 52650.62361265 14.61  87.521905  64.171502  3.678
 12    19.031 52650.62361330 15.65  87.519085  64.174622  3.678
 13    22.314 52685.62359554 12.38  87.553325  64.150021  3.535
 13    22.139 52685.62359619 11.92  87.550511  64.153142  3.058
 13    21.582 52685.62359683 12.04  87.547701  64.156262  3.058
 13    21.477 52685.62359748 12.35  87.544891  64.159382  3.058
 13    19.156 52685.62359812 12.74  87.542081  64.162502  3.058
 13    19.761 52685.62359877 12.08  87.539271  64.165612  3.058
 13    18.909 52685.62359941 12.61  87.536451  64.168732  3.058
 13    17.904 52685.62360006 12.73  87.533641  64.171852  3.058
 13    16.394 52685.62360070 13.19  87.530831  64.174972  3.058
 13    14.357 52685.62360135 13.59  87.528011  64.178092  3.058
 13    18.729 52685.62360199 13.19  87.525201  64.181212  3.058
 13    19.440 52685.62360264 12.97  87.522381  64.184332  3.058
 14    13.941 52720.62364379 13.28  87.551082  64.136114  4.518
 14    14.155 52720.62364444 13.40  87.548282  64.139234  4.518
 14    13.164 52720.62364508 14.96  87.545472  64.142354  4.518
 14    13.340 52720.62364573 13.89  87.542662  64.145474  4.518
 14    13.243 52720.62364637 14.93  87.539852  64.148594  4.518
 14    13.905 52720.62364702 14.29  87.537042  64.151714  4.518
 14    19.191 52720.62364766 13.78  87.534232  64.154834  4.518
 14    13.006 52720.62364831 14.59  87.531415  64.157950  2.951
 14    15.276 52720.62364895 13.91  87.528605  64.161070  2.951
 14    13.754 52720.62364960 13.83  87.525795  64.164190  2.951
 14    12.721 52720.62365024 15.14  87.522975  64.167310  2.951
 14    14.799 52720.62365088 14.28  87.520165  64.170430  2.951
 14    14.957 52720.62365153 14.68  87.517345  64.173540  2.951
 15    22.307 52755.62366729 10.63  87.551519  64.134649  3.501
 15    12.841 52755.62366793 11.49  87.548709  64.137769  3.501
 15    13.150 52755.62366857 10.78  87.545899  64.140889  3.501
 15    13.370 52755.62366922 10.84  87.543089  64.144009  3.501
 15    21.627 52755.62366986 10.59  87.540289  64.147129  3.501
 15    20.994 52755.62367051 10.90  87.537479  64.150249  3.501
 15    20.304 52755.62367115 11.08  87.534669  64.153369  3.501
 15    14.704 52755.62367180 11.16  87.531859  64.156489  3.501
 15    13.084 52755.62367244 11.13  87.529044  64.159607  3.310
 15    18.451 52755.62367309 10.35  87.526234  64.162727  3.310
 15    17.635 52755.62367373 10.81  87.523424  64.165847  3.310
 15    15.979 52755.62367438 11.06  87.520604  64.168967  3.310
 15    15.337 52755.62367502 11.40  87.517794  64.172087  3.310
 16    23.009 52790.62361479 30.50  87.549069  64.125736  9.535
 16    22.645 52790.62361544 29.89  87.546259  64.128856  9.535
 16    22.744 52790.62361608 28.67  87.543449  64.131976  9.535
 16    22.807 52790.62361672 29.29  87.540639  64.135096  9.535
 16    22.541 52790.62361737 31.21  87.537829  64.138216  9.535
 16    22.485 52790.62361801 32.31  87.535019  64.141336  9.535
 16    22.283 52790.62361866 32.81  87.532209  64.144456  9.535
 16    22.265 52790.62361930 32.81  87.529399  64.147576  9.535
 16    22.318 52790.62361995 33.31  87.526589  64.150686  9.535
 16    22.483 52790.62362059 32.74  87.523772  64.153809 33.442
 16    22.552 52790.62362124 32.07  87.520962  64.156929 33.442
 16    22.582 52790.62362188 33.49  87.518142  64.160049 33.442
 16    22.832 52790.62362253 34.09  87.515332  64.163169 33.442
 17    11.671 52825.62368752 19.34  87.540883  64.142289  7.177
 17    10.961 52825.62368816 22.98  87.538073  64.145409  7.177
 17    10.831 52825.62368880 24.63  87.535263  64.148529  7.177
 17    11.729 52825.62368945 22.69  87.532453  64.151639  7.177
 17    11.368 52825.62369009 22.85  87.529633  64.154759  7.177
 17    11.607 52825.62369074 24.37  87.526823  64.157882 32.564
 17    11.638 52825.62369138 28.74  87.524013  64.161002 32.564
 17    11.687 52825.62369203 39.23  87.521193  64.164122 32.564
 17    12.330 52825.62369267 44.41  87.518383  64.167242 32.564
 17    11.704 52825.62369332 50.08  87.515573  64.170362 32.564
 18    25.807 52860.62373160 15.50  87.550708  64.134567  9.427
 18    23.160 52860.62373224 14.22  87.547898  64.137687  9.427
 18    23.209 52860.62373289 15.26  87.545088  64.140807  9.427
 18    22.570 52860.62373353 14.91  87.542278  64.143927  9.427
 18    21.984 52860.62373418 14.18  87.539468  64.147047  9.427
 18    21.566 52860.62373482 13.39  87.536658  64.150167  9.427
 18    20.555 52860.62373547 13.38  87.533848  64.153277  9.427
 18    13.224 52860.62373611 15.90  87.531028  64.156397  9.427
 18    14.193 52860.62373676 15.60  87.528215  64.159520 27.756
 18    13.247 52860.62373740 18.82  87.525405  64.162640 27.756
 18    12.751 52860.62373805 20.07  87.522595  64.165760 27.756
 18    11.348 52860.62373869 22.54  87.519775  64.168880 27.756
 18    11.403 52860.62373934 27.02  87.516965  64.172000 27.756
 19    11.817 52895.62376293 44.67  87.551313  64.139138 20.717
 19    10.980 52895.62376357 43.80  87.548503  64.142258 20.717
 19    11.538 52895.62376422 36.15  87.545693  64.145378 20.717
 19    11.865 52895.62376486 39.71  87.542883  64.148498 20.717
 19    11.581 52895.62376744 39.14  87.531643  64.160978 20.717
 19    11.661 52895.62376809 38.99  87.528833  64.164098 20.717
 19    11.491 52895.62376873 48.80  87.526013  64.167218 20.717
 19    11.314 52895.62376937 48.34  87.523203  64.170338 20.717
 19    11.867 52895.62377002 42.96  87.520393  64.173458 20.717
 19    11.133 52895.62377066 45.88  87.517573  64.176578 20.717
 20    22.435 52930.62371286 21.38  87.554334  64.147493 12.943
 20    22.327 52930.62371351 19.85  87.551524  64.150613 12.943
 20    22.141 52930.62371415 20.60  87.548714  64.153733 12.943
 20    21.688 52930.62371480 21.08  87.545904  64.156853 12.943
 20    21.103 52930.62371544 18.93  87.543094  64.159973 12.943
 20    20.090 52930.62371609 22.96  87.540284  64.163093 12.943
 20    10.594 52930.62371673 29.05  87.537474  64.166213 12.943
 20    11.466 52930.62371737 30.56  87.534664  64.169333 12.943
 20    10.209 52930.62371802 29.24  87.531855  64.172451 19.015
 20    10.399 52930.62371866 24.27  87.529035  64.175571 19.015
 20    10.328 52930.62371931 25.20  87.526225  64.178691 19.015
 20    14.301 52930.62371995 24.76  87.523415  64.181811 19.015
 21    11.958 52965.62370340 17.36  87.550567  64.130231  3.804
 21    11.888 52965.62370404 19.15  87.547757  64.133351  3.804
 21    12.047 52965.62370469 20.79  87.544947  64.136471  3.804
 21    12.171 52965.62370533 18.46  87.542137  64.139581  3.804
 21    11.980 52965.62370598 18.86  87.539330  64.142705  5.043
 21    14.214 52965.62370662 18.52  87.536520  64.145825  5.043
 21    11.996 52965.62370727 17.95  87.533710  64.148945  5.043
 21    11.864 52965.62370791 17.82  87.530890  64.152065  5.043
 21    11.829 52965.62370856 18.24  87.528080  64.155185  5.043
 21    12.053 52965.62370920 17.17  87.525270  64.158295  5.043
 21    12.094 52965.62370985 17.20  87.522450  64.161415  5.043
 21    13.738 52965.62371049 17.55  87.519640  64.164535  5.043
 21    11.915 52965.62371113 17.91  87.516820  64.167655  5.043
 23    22.182 53035.62368859 14.38  87.551638  64.148654  4.830
 23    21.928 53035.62368924 13.14  87.548828  64.151774  4.830
 23    21.630 53035.62368988 12.65  87.546018  64.154894  4.830
 23    21.283 53035.62369053 11.92  87.543208  64.158014  4.830
 23    20.340 53035.62369117 12.26  87.540396  64.161135  6.531
 23    19.695 53035.62369182 11.78  87.537586  64.164255  6.531
 23    18.580 53035.62369246 12.00  87.534776  64.167365  6.531
 23    17.925 53035.62369311 12.68  87.531956  64.170495  6.531
 23    13.051 53035.62369375 13.31  87.529146  64.173605  6.531
 23    14.095 53035.62369439 13.82  87.526336  64.176725  6.531
 23    18.090 53035.62369504 13.96  87.523516  64.179845  6.531
 23    17.892 53035.62369568 13.99  87.520706  64.182965  6.531
 24    19.302 53070.62370716 11.33  87.549438  64.139931  4.265
 24    21.996 53070.62370780 11.80  87.546628  64.143051  4.265
 24    21.425 53070.62370845 11.93  87.543818  64.146169  3.877
 24    21.192 53070.62370909 11.77  87.541008  64.149289  3.877
 24    20.501 53070.62370973 11.79  87.538198  64.152409  3.877
 24    20.232 53070.62371038 11.43  87.535388  64.155529  3.877
 24    19.820 53070.62371102 11.32  87.532578  64.158639  3.877
 24    19.278 53070.62371167 11.45  87.529758  64.161759  3.877
 24    18.486 53070.62371231 11.35  87.526948  64.164879  3.877
 24    18.530 53070.62371296 12.41  87.524138  64.167999  3.877
 24    19.363 53070.62371360 12.20  87.521318  64.171119  3.877
 24    19.674 53070.62371425 11.97  87.518508  64.174239  3.877
 25    22.315 53105.62369023 11.32  87.553490  64.150638  4.023
 25    21.887 53105.62369087 11.48  87.550680  64.153758  4.023
 25    21.598 53105.62369152 11.70  87.547870  64.156878  4.023
 25    21.326 53105.62369216 11.20  87.545060  64.159998  4.023
 25    20.450 53105.62369281 11.00  87.542252  64.163119  2.793
 25    19.719 53105.62369345 10.74  87.539442  64.166239  2.793
 25    18.970 53105.62369410 10.50  87.536632  64.169359  2.793
 25    19.008 53105.62369474 10.80  87.533812  64.172479  2.793
 25    18.064 53105.62369539 10.59  87.531002  64.175589  2.793
 25    18.198 53105.62369603 10.18  87.528192  64.178709  2.793
 25    18.614 53105.62369668 10.65  87.525372  64.181829  2.793
 25    19.479 53105.62369732 10.51  87.522562  64.184949  2.793
 26    14.686 53140.62371285 38.96  87.550444  64.133808 11.346
 26    14.929 53140.62371350 38.42  87.547634  64.136928 11.346
 26    14.294 53140.62371414 39.90  87.544829  64.140048 31.073
 26    14.255 53140.62371479 35.69  87.542019  64.143168 31.073
 26    14.103 53140.62371543 33.13  87.539209  64.146288 31.073
 26    13.978 53140.62371608 31.31  87.536399  64.149408 31.073
 26    14.034 53140.62371672 33.67  87.533579  64.152528 31.073
 26    14.237 53140.62371737 38.18  87.530769  64.155638 31.073
 26    14.434 53140.62371801 39.81  87.527959  64.158758 31.073
 26    14.203 53140.62371866 41.43  87.525149  64.161878 31.073
 26    14.222 53140.62371930 42.06  87.522329  64.164998 31.073
 26    14.111 53140.62371995 41.85  87.519519  64.168118 31.073
 26    14.094 53140.62372059 35.71  87.516699  64.171238 31.073
 27    19.125 53175.62374566 49.07  87.550736  64.137402 18.829
 27    19.286 53175.62374630 48.14  87.547926  64.140522 18.829
 27    19.333 53175.62374695 47.95  87.545116  64.143642 18.829
 27    19.084 53175.62374759 48.99  87.542306  64.146762 18.829
 27    19.202 53175.62374824 49.72  87.539496  64.149882 18.829
 27    19.157 53175.62374888 49.98  87.536686  64.153002 18.829
 27    18.942 53175.62374953 50.30  87.533876  64.156122 18.829
 27    18.787 53175.62375017 50.24  87.531066  64.159232 18.829
 27    18.778 53175.62375082 50.46  87.528251  64.162357 27.271
 27    18.786 53175.62375146 50.65  87.525441  64.165477 27.271
 27    18.792 53175.62375211 50.58  87.522621  64.168597 27.271
 27    18.815 53175.62375275 50.22  87.519811  64.171717 27.271
 27    18.830 53175.62375340 50.17  87.516991  64.174837 27.271
 28    22.983 53210.62376430 23.23  87.551203  64.139035 11.960
 28    22.653 53210.62376494 22.55  87.548393  64.142155 11.960
 28    12.453 53210.62376559 21.56  87.545583  64.145275 11.960
 28    11.821 53210.62376623 21.05  87.542773  64.148395 11.960
 28    10.693 53210.62376688 21.61  87.539963  64.151515 11.960
 28    10.830 53210.62376752 20.70  87.537153  64.154635 11.960
 28    12.127 53210.62376817 20.19  87.534347  64.157753 20.649
 28     6.430 53210.62376881 24.15  87.531527  64.160873 20.649
 28    12.960 53210.62376946 18.99  87.528717  64.163993 20.649
 28    13.392 53210.62377010 18.02  87.525907  64.167113 20.649
 28    19.590 53210.62377074 16.33  87.523087  64.170223 20.649
 28    19.897 53210.62377139 20.53  87.520277  64.173343 20.649
 29    11.876 53245.62373345 24.83  87.553005  64.145550 11.585
 29    11.058 53245.62373410 22.37  87.550195  64.148670 11.585
 29    10.234 53245.62373474 20.46  87.547385  64.151790 11.585
 29    21.695 53245.62373539 17.38  87.544575  64.154910 11.585
 29    12.493 53245.62373732 24.37  87.536140  64.164269 23.545
 29    12.647 53245.62373797 31.74  87.533320  64.167389 23.545
 29    14.360 53245.62373861 29.79  87.530510  64.170499 23.545
 29    12.225 53245.62373926 23.46  87.527700  64.173619 23.545
 29    12.281 53245.62373990 22.04  87.524880  64.176739 23.545
 29    12.299 53245.62374054 22.75  87.522070  64.179859 23.545
 30    13.135 53280.62371375 42.83  87.548129  64.126466 11.298
 30    13.205 53280.62371439 42.82  87.545319  64.129586 11.298
 30    12.937 53280.62371504 42.80  87.542519  64.132706 11.298
 30    12.998 53280.62371568 42.02  87.539709  64.135826 11.298
 30    13.012 53280.62371633 43.09  87.536894  64.138943 22.767
 30    12.948 53280.62371697 45.40  87.534084  64.142063 22.767
 30    12.806 53280.62371762 46.99  87.531274  64.145183 22.767
 30    12.754 53280.62371826 46.34  87.528464  64.148303 22.767
 30    12.977 53280.62372149 48.63  87.514394  64.163893 22.767
 31    11.971 53315.62373157 49.94  87.545760  64.142023 19.683
 31    11.989 53315.62373222 49.81  87.542950  64.145143 19.683
 31    12.307 53315.62373286 46.90  87.540140  64.148263 19.683
 31    12.243 53315.62373351 46.96  87.537330  64.151383 19.683
 31    11.749 53315.62373415 46.62  87.534520  64.154503 19.683
 31    12.083 53315.62373480 40.48  87.531710  64.157623 19.683
 31    11.518 53315.62373544 35.86  87.528890  64.160733 19.683
 31    11.533 53315.62373609 47.48  87.526077  64.163856 17.809
 31    11.557 53315.62373673 48.87  87.523267  64.166976 17.809
 31    11.515 53315.62373738 44.53  87.520457  64.170096 17.809
 31    11.582 53315.62373802 42.66  87.517637  64.173216 17.809
 32    13.675 53350.62369793 23.02  87.553243  64.146866  5.958
 32    13.623 53350.62369858 23.14  87.550443  64.149986  5.958
 32    13.595 53350.62369922 26.27  87.547633  64.153106  5.958
 32    13.466 53350.62369987 24.05  87.544813  64.156226  5.958
 32    13.342 53350.62370051 23.40  87.542003  64.159346  5.958
 32    13.128 53350.62370116 26.13  87.539193  64.162456  5.958
 32    12.235 53350.62370180 33.00  87.536386  64.165581  8.863
 32    13.053 53350.62370245 26.39  87.533566  64.168701  8.863
 32    13.115 53350.62370309 26.01  87.530756  64.171821  8.863
 32    13.474 53350.62370373 27.28  87.527946  64.174941  8.863
 32    13.511 53350.62370438 23.57  87.525126  64.178061  8.863
 32    13.463 53350.62370502 23.17  87.522316  64.181171  8.863
 33    14.834 53385.62367672 15.08  87.548226  64.129055  4.136
 33    14.740 53385.62367736 17.17  87.545416  64.132175  4.136
 33    14.510 53385.62367801 17.93  87.542606  64.135295  4.136
 33    14.635 53385.62367865 17.47  87.539796  64.138415  4.136
 33    14.617 53385.62367930 17.81  87.536986  64.141535  4.136
 33    14.569 53385.62367994 18.20  87.534176  64.144655  4.136
 33    14.538 53385.62368059 18.06  87.531366  64.147765  4.136
 33    14.467 53385.62368123 19.04  87.528549  64.150888  4.453
 33    14.494 53385.62368188 18.06  87.525739  64.154008  4.453
 33    14.626 53385.62368252 16.90  87.522929  64.157128  4.453
 33    14.438 53385.62368317 17.26  87.520109  64.160248  4.453
 33    14.379 53385.62368381 17.90  87.517299  64.163368  4.453
 33    14.509 53385.62368445 17.67  87.514479  64.166488  4.453
 34    22.351 53420.62368396 15.90  87.553409  64.146360  3.703
 34    20.954 53420.62368461 16.64  87.550599  64.149480  3.703
 34    20.387 53420.62368525 17.42  87.547789  64.152600  3.703
 34    13.782 53420.62368590 18.23  87.544979  64.155720  3.703
 34    19.288 53420.62368654 17.75  87.542166  64.158836  3.919
 34    13.602 53420.62368719 17.85  87.539356  64.161956  3.919
 34    13.521 53420.62368783 17.73  87.536536  64.165076  3.919
 34    13.711 53420.62368848 16.57  87.533726  64.168196  3.919
 34    13.510 53420.62368912 17.12  87.530916  64.171316  3.919
 34    13.610 53420.62368977 17.16  87.528096  64.174436  3.919
 34    13.794 53420.62369041 16.85  87.525286  64.177546  3.919
 34    14.279 53420.62369105 16.17  87.522466  64.180666  3.919
 35    14.045 53455.62368673 13.01  87.548263  64.129793  3.733
 35    13.814 53455.62368738 13.66  87.545453  64.132913  3.733
 35    13.735 53455.62368802 13.69  87.542643  64.136033  3.733
 35    14.014 53455.62368867 14.30  87.539833  64.139153  3.733
 35    14.142 53455.62368931 14.86  87.537023  64.142273  3.733
 35    14.434 53455.62368996 14.27  87.534213  64.145383  3.733
 35    14.486 53455.62369060 14.62  87.531403  64.148503  3.733
 35    14.833 53455.62369125 14.31  87.528593  64.151623  3.733
 35    15.214 53455.62369189 14.44  87.525774  64.154744  3.611
 35    14.989 53455.62369254 14.54  87.522964  64.157864  3.611
 35    16.325 53455.62369318 14.35  87.520144  64.160984  3.611
 35    15.264 53455.62369382 14.76  87.517334  64.164104  3.611
 35    15.423 53455.62369447 15.35  87.514514  64.167224  3.611
 36    14.236 53490.62377219 15.92  87.548871  64.130762  6.347
 36    13.871 53490.62377283 19.22  87.546061  64.133882  6.347
 36    13.876 53490.62377348 14.20  87.543251  64.137002  6.347
 36    13.459 53490.62377412 14.43  87.540441  64.140122  6.347
 36    13.653 53490.62377477 13.76  87.537631  64.143242  6.347
 36    13.639 53490.62377541 12.58  87.534821  64.146362  6.347
 36    13.682 53490.62377606 11.08  87.532021  64.149482  6.347
 36    13.740 53490.62377670 10.24  87.529202  64.152599  7.439
 36    13.858 53490.62377735 10.79  87.526392  64.155719  7.439
 36    13.743 53490.62377799 10.94  87.523582  64.158839  7.439
 36    13.732 53490.62377864 10.80  87.520772  64.161959  7.439
 36    13.872 53490.62377928 12.05  87.517952  64.165079  7.439
 36    14.089 53490.62377992 12.88  87.515142  64.168189  7.439
 37    24.042 53525.62375826 21.05  87.550929  64.143349 10.496
 37    21.013 53525.62375890 23.60  87.548119  64.146469 10.496
 37    22.651 53525.62375955 23.28  87.545309  64.149589 10.496
 37    20.130 53525.62376019 24.72  87.542499  64.152709 10.496
 37    20.122 53525.62376084 24.44  87.539679  64.155829 10.496
 37    20.182 53525.62376148 26.43  87.536870  64.158947 23.918
 37    20.491 53525.62376213 27.21  87.534060  64.162067 23.918
 37    20.825 53525.62376277 27.64  87.531250  64.165187 23.918
 37    21.106 53525.62376342 27.02  87.528430  64.168307 23.918
 37    21.255 53525.62376406 28.23  87.525620  64.171417 23.918
 37    21.196 53525.62376471 30.03  87.522800  64.174547 23.918
 37    21.142 53525.62376535 31.62  87.519990  64.177657 23.918
 38    12.816 53560.62378468 23.57  87.551338  64.136078 11.249
 38    22.967 53560.62378533 21.10  87.548528  64.139198 11.249
 38    21.933 53560.62378597 21.50  87.545718  64.142318 11.249
 38    12.665 53560.62378662 19.06  87.542908  64.145438 11.249
 38    12.661 53560.62378726 16.72  87.540098  64.148558 11.249
 38    12.821 53560.62378790 16.17  87.537288  64.151678 11.249
 38    20.593 53560.62378855 14.83  87.534478  64.154798 11.249
 38    19.394 53560.62378919 14.12  87.531676  64.157916 19.733
 38    13.552 53560.62378984 15.98  87.528856  64.161036 19.733
 38    13.625 53560.62379048 17.78  87.526046  64.164156 19.733
 38    18.861 53560.62379113 16.40  87.523236  64.167276 19.733
 38    19.847 53560.62379177 18.86  87.520416  64.170386 19.733
 38    20.159 53560.62379242 22.32  87.517606  64.173506 19.733
 39     7.687 53595.62372546 23.18  87.556633  64.149968 10.493
 39     8.867 53595.62372611 21.56  87.553823  64.153088 10.493
 39    10.476 53595.62372675 21.03  87.551013  64.156208 10.493
 39    10.493 53595.62372740 21.06  87.548201  64.159328 22.139
 39    11.127 53595.62372804 20.88  87.545391  64.162448 22.139
 39    11.470 53595.62372869 21.86  87.542581  64.165568 22.139
 39    11.617 53595.62372933 24.52  87.539771  64.168688 22.139
 39    11.564 53595.62372997 28.78  87.536951  64.171798 22.139
 39    11.556 53595.62373062 27.39  87.534141  64.174918 22.139
 39    11.580 53595.62373126 26.31  87.531321  64.178038 22.139
 39    11.511 53595.62373191 27.50  87.528511  64.181158 22.139
 39    11.447 53595.62373255 28.99  87.525691  64.184278 22.139
 39    11.797 53595.62373320 33.01  87.522881  64.187398 22.139
 40    21.873 53630.62371433 16.85  87.546025  64.121305  9.533
 40    21.756 53630.62371497 13.92  87.543215  64.124425  9.533
 40    21.012 53630.62371562 14.68  87.540405  64.127545  9.533
 40    19.024 53630.62371626 15.44  87.537595  64.130665  9.533
 40    11.579 53630.62371691 17.14  87.534785  64.133785  9.533
 40    11.792 53630.62371755 17.09  87.531975  64.136905  9.533
 40    12.105 53630.62371820 16.45  87.529165  64.140025  9.533
 40    15.624 53630.62371884 16.41  87.526355  64.143145  9.533
 40    16.477 53630.62371949 16.22  87.523545  64.146255  9.533
 40    17.539 53630.62372013 15.43  87.520735  64.149375  9.533
 40    18.325 53630.62372078 15.30  87.517920  64.152496 29.847
 40    13.858 53630.62372142 19.40  87.515110  64.155616 29.847
 40    13.671 53630.62372207 27.09  87.512290  64.158736 29.847
 41    12.263 53665.62373987 46.24  87.549767  64.134692 18.177
 41    12.269 53665.62374051 45.79  87.546957  64.137812 18.177
 41    12.192 53665.62374116 48.58  87.544147  64.140932 18.177
 41    12.171 53665.62374180 47.04  87.541337  64.144052 18.177
 41    12.237 53665.62374245 46.88  87.538527  64.147172 18.177
 41    11.981 53665.62374309 50.39  87.535717  64.150292 18.177
 41    12.099 53665.62374374 49.39  87.532907  64.153402 18.177
 41    12.016 53665.62374438 50.79  87.530096  64.156528 17.728
 41    11.911 53665.62374502 50.63  87.527286  64.159648 17.728
 41    11.923 53665.62374567 51.04  87.524466  64.162768 17.728
 41    11.948 53665.62374631 51.42  87.521656  64.165888 17.728
 41    11.941 53665.62374696 50.80  87.518846  64.169008 17.728
 41    11.984 53665.62374760 50.19  87.516026  64.172118 17.728
 42    22.138 53700.62369514 15.30  87.551650  64.147926  3.612
 42    21.932 53700.62369578 15.52  87.548840  64.151046  3.612
 42    21.609 53700.62369643 15.09  87.546030  64.154166  3.612
 42    20.598 53700.62369707 16.41  87.543220  64.157286  3.612
 42    20.186 53700.62369772 17.74  87.540410  64.160406  3.612
 42    14.952 53700.62369836 19.97  87.537600  64.163526  3.612
 42    14.992 53700.62369900 21.76  87.534780  64.166636  3.612
 42    14.884 53700.62369965 23.16  87.531969  64.169760 10.964
 42    14.846 53700.62370029 26.29  87.529159  64.172880 10.964
 42    14.797 53700.62370094 27.42  87.526339  64.176000 10.964
 42    14.831 53700.62370158 28.42  87.523529  64.179120 10.964
 42    14.668 53700.62370223 31.43  87.520719  64.182240 10.964
 43    22.800 53735.62361843 11.97  87.557607  64.155933  5.145
 43    22.463 53735.62361907 11.84  87.554797  64.159053  5.145
 43    21.599 53735.62361972 12.15  87.551987  64.162173  5.145
 43    20.918 53735.62362036 12.17  87.549177  64.165293  5.145
 43    19.986 53735.62362101 12.22  87.546370  64.168412  4.094
 43    18.884 53735.62362165 12.35  87.543560  64.171532  4.094
 43    17.631 53735.62362230 13.03  87.540740  64.174652  4.094
 43    17.114 53735.62362294 13.97  87.537930  64.177772  4.094
 43    15.930 53735.62362359 14.41  87.535120  64.180882  4.094
 43    16.527 53735.62362423 15.31  87.532300  64.184002  4.094
 43    17.263 53735.62362488 15.49  87.529490  64.187122  4.094
 43    18.439 53735.62362552 15.26  87.526670  64.190242  4.094
 44    22.507 53770.62360632 11.75  87.549831  64.142825  2.893
 44    21.771 53770.62360696 12.51  87.547021  64.145945  2.893
 44    21.655 53770.62360760 12.51  87.544211  64.149065  2.893
 44    20.911 53770.62360825 12.68  87.541391  64.152185  2.893
 44    20.581 53770.62360889 13.48  87.538581  64.155305  2.893
 44    20.132 53770.62360954 13.29  87.535771  64.158415  2.893
 44    19.653 53770.62361018 13.40  87.532961  64.161535  2.893
 44    18.733 53770.62361083 13.80  87.530141  64.164655  2.893
 44    18.245 53770.62361147 14.01  87.527331  64.167775  2.893
 44    18.578 53770.62361212 14.75  87.524519  64.170895  4.698
 44    18.733 53770.62361276 15.25  87.521699  64.174015  4.698
 44    18.708 53770.62361341 15.77  87.518889  64.177135  4.698
 45    22.566 53805.62360011  9.19  87.555824  64.150025  3.694
 45    22.125 53805.62360075  9.62  87.553014  64.153145  3.694
 45    22.127 53805.62360140  9.49  87.550204  64.156265  3.694
 45    21.381 53805.62360204  9.64  87.547394  64.159385  3.694
 45    20.719 53805.62360269  9.91  87.544583  64.162504  4.031
 45    19.915 53805.62360333 10.09  87.541773  64.165624  4.031
 45    18.887 53805.62360398 10.21  87.538963  64.168744  4.031
 45    17.944 53805.62360462 10.62  87.536153  64.171864  4.031
 45    17.624 53805.62360527 10.65  87.533333  64.174974  4.031
 45    17.283 53805.62360591 11.42  87.530523  64.178094  4.031
 45    18.693 53805.62360656 11.83  87.527713  64.181214  4.031
 45    19.003 53805.62360720 11.89  87.524893  64.184334  4.031
 47    19.172 53875.62366539 21.70  87.549861  64.138597 10.433
 47    19.281 53875.62366603 21.00  87.547051  64.141717 10.433
 47    22.457 53875.62366668 16.91  87.544241  64.144837 10.433
 47    18.865 53875.62366732 17.45  87.541431  64.147957 10.433
 47    18.700 53875.62366797 17.49  87.538621  64.151077 10.433
 47    18.600 53875.62366861 19.25  87.535801  64.154187 10.433
 47    18.334 53875.62366926 20.29  87.532990  64.157312 22.624
 47    18.332 53875.62366990 21.32  87.530180  64.160432 22.624
 47    18.580 53875.62367054 21.34  87.527370  64.163552 22.624
 47    18.841 53875.62367119 21.15  87.524550  64.166672 22.624
 47    19.079 53875.62367183 23.39  87.521740  64.169792 22.624
 47    19.938 53875.62367248 23.80  87.518920  64.172902 22.624
 48    14.359 53910.62371181 24.30  87.548372  64.131619  9.167
 48    14.196 53910.62371246 24.66  87.545572  64.134739  9.167
 48    14.168 53910.62371310 23.68  87.542762  64.137859  9.167
 48    13.849 53910.62371375 25.14  87.539952  64.140979  9.167
 48    13.227 53910.62371439 22.42  87.537142  64.144099  9.167
 48    14.267 53910.62371504 20.15  87.534332  64.147219  9.167
 48    14.978 53910.62371568 18.37  87.531522  64.150339  9.167
 48    18.857 53910.62371633 17.12  87.528712  64.153459  9.167
 48    20.892 53910.62371697 15.38  87.525892  64.156579  9.167
 48    18.816 53910.62371761 16.74  87.523082  64.159699  9.167
 48    17.683 53910.62371826 18.89  87.520272  64.162809  9.167
 48    14.785 53910.62371890 22.44  87.517458  64.165933 25.553
 48    14.587 53910.62371955 26.81  87.514638  64.169053 25.553
 49    14.499 53945.62373139 48.26  87.550741  64.132738 29.856
 49    14.489 53945.62373204 49.36  87.547931  64.135858 29.856
 49    14.921 53945.62373268 47.65  87.545131  64.138978 29.856
 49    14.484 53945.62373332 49.84  87.542321  64.142098 29.856
 49    14.465 53945.62373397 50.33  87.539511  64.145218 29.856
 49    14.283 53945.62373461 50.41  87.536701  64.148338 29.856
 49    14.321 53945.62373526 50.46  87.533891  64.151458 29.856
 49    14.290 53945.62373590 50.48  87.531081  64.154578 29.856
 49    14.369 53945.62373655 51.66  87.528271  64.157698 29.856
 49    14.216 53945.62373719 52.43  87.525451  64.160818 29.856
 49    14.297 53945.62373784 52.14  87.522641  64.163938 29.856
 49    14.205 53945.62373848 52.95  87.519831  64.167048 29.856
 49    14.080 53945.62373913 53.42  87.517019  64.170173 30.664
 50    23.288 53980.62368015 15.68  87.552688  64.146803 12.593
 50    23.447 53980.62368080 12.55  87.549878  64.149923 12.593
 50    22.423 53980.62368144 13.23  87.547068  64.153043 12.593
 50    21.610 53980.62368209 13.84  87.544258  64.156163 12.593
 50    20.546 53980.62368273 16.23  87.541448  64.159283 12.593
 50    12.583 53980.62368338 17.66  87.538638  64.162403 12.593
 50    12.695 53980.62368402 21.83  87.535828  64.165523 12.593
 50    12.887 53980.62368466 26.01  87.533008  64.168643 12.593
 50    12.529 53980.62368531 23.22  87.530198  64.171763 12.593
 50    12.075 53980.62368595 21.08  87.527388  64.174873 12.593
 50    12.136 53980.62368660 19.21  87.524568  64.177998 19.392
 50    19.154 53980.62368724 18.10  87.521758  64.181118 19.392
 51    11.535 54015.62369689 44.95  87.548158  64.129692 11.101
 51    11.467 54015.62369754 28.71  87.545348  64.132812 11.101
 51    11.429 54015.62369818 23.71  87.542538  64.135932 11.101
 51    11.243 54015.62369883 24.15  87.539728  64.139052 11.101
 51    10.979 54015.62369947 24.14  87.536928  64.142172 11.101
 51    15.238 54015.62370012 23.79  87.534108  64.145292 11.101
 51    15.896 54015.62370076 23.44  87.531298  64.148412 11.101
 51    10.371 54015.62370141 25.40  87.528488  64.151532 11.101
 51    12.893 54015.62370205 26.06  87.525678  64.154642 11.101
 51    13.271 54015.62370270 26.22  87.522858  64.157762 11.101
 51     9.354 54015.62370334 26.67  87.520048  64.160882 11.101
 51    21.004 54015.62370399 23.23  87.517228  64.164002 11.101
 51    20.020 54015.62370463 22.54  87.514414  64.167121 22.210
 52    22.335 54050.62370103 15.50  87.550831  64.146940  4.019
 52    21.741 54050.62370167 15.81  87.548021  64.150060  4.019
 52    21.675 54050.62370232 15.77  87.545211  64.153180  4.019
 52    21.269 54050.62370296 15.54  87.542401  64.156300  4.019
 52    20.577 54050.62370360 15.39  87.539591  64.159420  4.019
 52    19.905 54050.62370425 14.86  87.536781  64.162540  4.019
 52    18.443 54050.62370489 15.78  87.533961  64.165650  4.019
 52    18.023 54050.62370554 17.45  87.531151  64.168770  4.019
 52    14.251 54050.62370618 18.59  87.528341  64.171890  4.019
 52    14.267 54050.62370683 21.47  87.525521  64.175010  4.019
 52    14.050 54050.62370747 24.97  87.522710  64.178129  5.675
 52    14.997 54050.62370812 19.79  87.519890  64.181249  5.675
 53    22.515 54085.62369295 11.00  87.551837  64.145617  2.856
 53    22.103 54085.62369360 11.45  87.549027  64.148737  2.856
 53    21.691 54085.62369424 11.71  87.546217  64.151857  2.856
 53    21.290 54085.62369489 12.05  87.543407  64.154977  2.856
 53    20.931 54085.62369553 12.45  87.540597  64.158097  2.856
 53    20.241 54085.62369617 12.06  87.537777  64.161217  2.856
 53    19.401 54085.62369682 12.54  87.534967  64.164337  2.856
 53    18.432 54085.62369746 13.04  87.532157  64.167447  2.856
 53    14.252 54085.62369811 13.48  87.529347  64.170567  2.856
 53    13.990 54085.62369875 14.23  87.526527  64.173687  2.856
 53    14.414 54085.62369940 14.74  87.523710  64.176808  4.378
 53    14.590 54085.62370004 14.91  87.520900  64.179928  4.378
 54    22.769 54120.62362109 10.37  87.557335  64.154855  5.710
 54    22.416 54120.62362174 10.17  87.554525  64.157975  5.710
 54    21.539 54120.62362238 10.07  87.551715  64.161095  5.710
 54    21.182 54120.62362303  9.75  87.548905  64.164215  5.710
 54    20.278 54120.62362367  9.87  87.546095  64.167335  5.710
 54    19.119 54120.62362432  9.89  87.543285  64.170455  5.710
 54    18.143 54120.62362496 10.25  87.540475  64.173575  5.710
 54    17.281 54120.62362561 10.60  87.537665  64.176695  5.710
 54    17.255 54120.62362625 10.95  87.534844  64.179814  5.090
 54    17.582 54120.62362690 11.27  87.532034  64.182934  5.090
 54    19.136 54120.62362754 11.33  87.529214  64.186054  5.090
 54    19.312 54120.62362819 11.35  87.526404  64.189174  5.090
 55    22.481 54155.62365029 10.37  87.550224  64.140011  2.792
 55    22.124 54155.62365094 10.81  87.547414  64.143131  2.792
 55    21.863 54155.62365158 10.43  87.544604  64.146251  2.792
 55    21.499 54155.62365223 10.12  87.541794  64.149371  2.792
 55    21.035 54155.62365287  9.62  87.538984  64.152491  2.792
 55    20.745 54155.62365352  9.94  87.536174  64.155611  2.792
 55    19.996 54155.62365416 10.29  87.533354  64.158731  2.792
 55    19.180 54155.62365481 10.84  87.530544  64.161841  2.792
 55    18.326 54155.62365545 11.51  87.527734  64.164961  2.792
 55    18.231 54155.62365610 11.27  87.524924  64.168081  2.792
 55    15.713 54155.62365674 11.57  87.522102  64.171203  3.118
 55    19.372 54155.62365739 11.54  87.519292  64.174323  3.118
 56    22.651 54190.62361734  9.32  87.556113  64.150192  2.952
 56    22.563 54190.62361798  9.30  87.553313  64.153312  2.952
 56    22.097 54190.62361862  8.45  87.550503  64.156432  2.952
 56    21.665 54190.62361927  8.09  87.547693  64.159552  2.952
 56    20.984 54190.62361991  8.04  87.544883  64.162672  2.952
 56    20.332 54190.62362056  8.10  87.542073  64.165792  2.952
 56    19.260 54190.62362120  7.70  87.539253  64.168912  2.952
 56    18.711 54190.62362185  8.02  87.536443  64.172032  2.952
 56    17.153 54190.62362249  8.46  87.533633  64.175152  2.952
 56    15.664 54190.62362314  9.03  87.530813  64.178272  2.952
 56    17.782 54190.62362378  8.56  87.528003  64.181392  2.952
 56    18.610 54190.62362443  8.74  87.525193  64.184502  2.952
 57    23.101 54225.62366076 28.80  87.550337  64.135958 16.163
 57    23.051 54225.62366141 31.40  87.547537  64.139078 16.163
 57    23.024 54225.62366205 31.86  87.544727  64.142198 16.163
 57    22.911 54225.62366269 25.26  87.541917  64.145318 16.163
 57    22.506 54225.62366334 23.40  87.539107  64.148438 16.163
 57    22.170 54225.62366398 24.31  87.536297  64.151558 16.163
 57    21.792 54225.62366463 25.96  87.533477  64.154678 16.163
 57    21.719 54225.62366527 26.99  87.530667  64.157798 16.163
 57    22.071 54225.62366592 27.14  87.527857  64.160918 16.163
 57    22.295 54225.62366656 28.18  87.525047  64.164038 16.163
 57    22.403 54225.62366721 28.27  87.522227  64.167158 16.163
 57    22.364 54225.62366785 31.68  87.519417  64.170278 16.163
 57    22.573 54225.62366850 33.03  87.516597  64.173398 16.163
 58    22.932 54260.62368169 24.51  87.550492  64.139813 14.469
 58    19.371 54260.62368234 24.82  87.547682  64.142933 14.469
 58    19.451 54260.62368298 24.39  87.544872  64.146053 14.469
 58    19.664 54260.62368363 23.32  87.542062  64.149173 14.469
 58    19.613 54260.62368427 23.26  87.539252  64.152293 14.469
 58    19.546 54260.62368492 22.96  87.536442  64.155413 14.469
 58    19.336 54260.62368556 23.50  87.533632  64.158533 14.469
 58    19.128 54260.62368621 23.45  87.530812  64.161653 14.469
 58    19.129 54260.62368685 24.04  87.528002  64.164773 14.469
 58    19.247 54260.62368750 24.31  87.525192  64.167893 14.469
 58    19.491 54260.62368814 25.27  87.522372  64.171013 14.469
 58    20.296 54260.62368878 24.55  87.519562  64.174133 14.469
 59    23.179 54295.62368565 20.01  87.551738  64.140599  9.012
 59    23.009 54295.62368630 18.53  87.548928  64.143719  9.012
 59    23.268 54295.62368694 12.30  87.546118  64.146839  9.012
 59    22.496 54295.62368759 11.40  87.543308  64.149959  9.012
 59    21.811 54295.62368823 11.52  87.540498  64.153079  9.012
 59    21.023 54295.62368888 12.41  87.537688  64.156199  9.012
 59    20.115 54295.62368952 12.49  87.534868  64.159319  9.012
 59    17.000 54295.62369017 14.16  87.532058  64.162439  9.012
 59    13.331 54295.62369081 15.80  87.529248  64.165559  9.012
 59    19.178 54295.62369146 14.50  87.526438  64.168679  9.012
 59    20.039 54295.62369210 14.23  87.523618  64.171799  9.012
 59    20.358 54295.62369275 15.46  87.520808  64.174919  9.012
 60    11.841 54330.62367979 21.12  87.549722  64.150058 10.659
 60    11.856 54330.62368044 20.43  87.546912  64.153178 10.659
 60    11.847 54330.62368108 19.66  87.544102  64.156298 10.659
 60    11.820 54330.62368173 18.88  87.541292  64.159418 10.659
 60    11.963 54330.62368237 22.29  87.538472  64.162538 10.659
 60    12.167 54330.62368302 27.01  87.535662  64.165658 10.659
 60    11.995 54330.62368366 31.89  87.532852  64.168778 10.659
 60    12.875 54330.62368431 25.87  87.530042  64.171898 10.659
 60    11.900 54330.62368495 23.27  87.527222  64.175018 10.659
 60    11.973 54330.62368560 23.10  87.524412  64.178138 10.659
 60    11.894 54330.62368624 28.58  87.521592  64.181248 10.659
 61    12.467 54365.62362416 31.64  87.554444  64.151805 14.361
 61    12.380 54365.62362480 32.54  87.551634  64.154925 14.361
 61    12.200 54365.62362545 32.71  87.548824  64.158045 14.361
 61    12.165 54365.62362609 35.09  87.546014  64.161165 14.361
 61    12.087 54365.62362674 36.67  87.543204  64.164285 14.361
 61    12.452 54365.62362738 36.45  87.540384  64.167405 14.361
 61    12.412 54365.62362803 40.34  87.537574  64.170525 14.361
 61    12.495 54365.62362867 43.24  87.534764  64.173645 14.361
 61    12.146 54365.62362932 42.07  87.531954  64.176765 14.361
 61    12.288 54365.62362996 40.35  87.529134  64.179885 14.361
 61    12.218 54365.62363061 39.62  87.526324  64.183005 14.361
 61    12.213 54365.62363125 41.59  87.523504  64.186125 14.361
 62    11.220 54400.62361978 42.41  87.551803  64.141138 28.072
 62    11.773 54400.62362042 28.54  87.549003  64.144258 28.072
 62    11.640 54400.62362107 25.70  87.546193  64.147378 28.072
 62    11.975 54400.62362171 28.39  87.543383  64.150488 28.072
 62    11.893 54400.62362236 37.08  87.540573  64.153608 28.072
 62    11.854 54400.62362300 41.22  87.537753  64.156728 28.072
 62    12.019 54400.62362365 41.53  87.534943  64.159848 28.072
 62    12.136 54400.62362429 35.88  87.532133  64.162968 28.072
 62    11.664 54400.62362494 46.54  87.529323  64.166088 28.072
 62    11.644 54400.62362558 51.16  87.526503  64.169208 28.072
 62    11.547 54400.62362623 50.93  87.523693  64.172328 28.072
 62    11.524 54400.62362687 51.49  87.520873  64.175448 28.072
 63    12.033 54435.62357849 24.96  87.553692  64.148839  9.563
 63    12.031 54435.62357914 25.73  87.550882  64.151959  9.563
 63    12.033 54435.62357978 26.80  87.548072  64.155079  9.563
 63    11.890 54435.62358043 27.29  87.545262  64.158199  9.563
 63    11.713 54435.62358107 28.77  87.542452  64.161319  9.563
 63    11.664 54435.62358172 29.49  87.539642  64.164439  9.563
 63    12.203 54435.62358236 29.81  87.536832  64.167559  9.563
 63    12.154 54435.62358301 30.49  87.534012  64.170679  9.563
 63    11.622 54435.62358365 29.90  87.531202  64.173799  9.563
 63    11.659 54435.62358429 29.78  87.528392  64.176919  9.563
 63    11.645 54435.62358494 29.85  87.525572  64.180039  9.563
 63    11.737 54435.62358558 28.94  87.522762  64.183159  9.563
 64    12.547 54470.62360315 17.67  87.548932  64.137622  5.451
 64    12.556 54470.62360379 17.51  87.546122  64.140742  5.451
 64    21.563 54470.62360444 16.77  87.543312  64.143862  5.451
 64    12.946 54470.62360508 16.58  87.540502  64.146982  5.451
 64    20.470 54470.62360573 15.94  87.537692  64.150102  5.451
 64    20.241 54470.62360637 15.99  87.534882  64.153212  5.451
 64    19.679 54470.62360701 16.43  87.532072  64.156332  5.451
 64    12.838 54470.62360766 15.72  87.529252  64.159452  5.451
 64    18.087 54470.62360830 16.49  87.526442  64.162572  5.451
 64    13.455 54470.62360895 16.54  87.523632  64.165692  5.451
 64    12.526 54470.62360959 17.44  87.520812  64.168812  5.451
 64    19.607 54470.62361024 17.24  87.518002  64.171932  5.451
 65    22.171 54505.62359206 14.02  87.553930  64.149770  4.256
 65    21.632 54505.62359270 14.87  87.551120  64.152890  4.256
 65    21.581 54505.62359335 14.49  87.548310  64.156000  4.256
 65    20.888 54505.62359399 14.17  87.545500  64.159130  4.256
 65    18.377 54505.62359464 14.29  87.542690  64.162240  4.256
 65    13.124 54505.62359528 14.04  87.539880  64.165360  4.256
 65    17.571 54505.62359593 14.22  87.537070  64.168480  4.256
 65    18.066 54505.62359657 15.53  87.534250  64.171600  4.256
 65    12.637 54505.62359721 16.56  87.531440  64.174720  4.256
 65    13.022 54505.62359786 16.20  87.528630  64.177840  4.256
 65    13.912 54505.62359850 15.90  87.525810  64.180960  4.256
 65    14.417 54505.62359915 14.62  87.523000  64.184080  4.256
 66    23.092 54540.62361890 10.37  87.551451  64.142654  3.757
 66    22.625 54540.62361954 11.04  87.548641  64.145774  3.757
 66    22.142 54540.62362019 11.08  87.545826  64.148892  3.544
 66    21.537 54540.62362083 11.22  87.543016  64.152012  3.544
 66    21.157 54540.62362148 11.92  87.540206  64.155132  3.544
 66    20.516 54540.62362212 12.06  87.537396  64.158252  3.544
 66    19.884 54540.62362277 12.36  87.534586  64.161362  3.544
 66    19.155 54540.62362341 11.99  87.531766  64.164482  3.544
 66    18.399 54540.62362406 12.37  87.528956  64.167602  3.544
 66    19.142 54540.62362470 11.55  87.526146  64.170722  3.544
 66    19.148 54540.62362535 12.20  87.523326  64.173842  3.544
 66    17.979 54540.62362599 11.99  87.520516  64.176962  3.544
 67    22.214 54575.62359361  8.03  87.554470  64.150725  2.557
 67    21.930 54575.62359426  7.70  87.551660  64.153845  2.557
 67    20.764 54575.62359490  7.94  87.548844  64.156967  2.200
 67    21.209 54575.62359555  7.95  87.546034  64.160087  2.200
 67    20.741 54575.62359619  7.72  87.543224  64.163207  2.200
 67    19.633 54575.62359684  7.74  87.540414  64.166327  2.200
 67    19.036 54575.62359748  7.62  87.537604  64.169437  2.200
 67    17.329 54575.62359813  8.22  87.534784  64.172557  2.200
 67    16.975 54575.62359877  7.73  87.531974  64.175677  2.200
 67    17.108 54575.62359942  8.00  87.529164  64.178797  2.200
 67    18.894 54575.62360006  7.46  87.526344  64.181917  2.200
 67    19.900 54575.62360071  7.41  87.523534  64.185037  2.200
 68    23.240 54610.62361108 24.68  87.549983  64.142767 11.992
 68    22.964 54610.62361173 24.55  87.547173  64.145887 11.992
 68    22.454 54610.62361237 24.92  87.544363  64.149007 11.992
 68    21.893 54610.62361302 25.64  87.541554  64.152126 20.593
 68    21.770 54610.62361366 26.67  87.538744  64.155246 20.593
 68    22.036 54610.62361430 26.23  87.535934  64.158366 20.593
 68    22.510 54610.62361495 28.11  87.533114  64.161486 20.593
 68    22.655 54610.62361559 28.21  87.530304  64.164596 20.593
 68    22.662 54610.62361624 32.59  87.527494  64.167716 20.593
 68    22.934 54610.62361688 31.56  87.524674  64.170836 20.593
 68    23.054 54610.62361753 31.04  87.521864  64.173956 20.593
 68    23.216 54610.62361817 30.52  87.519044  64.177076 20.593
 69    22.952 54645.62361797 22.74  87.551573  64.140280 12.338
 69    22.555 54645.62361862 21.72  87.548763  64.143400 12.338
 69    11.900 54645.62361926 23.26  87.545953  64.146520 12.338
 69    11.978 54645.62361991 19.91  87.543143  64.149640 12.338
 69    11.954 54645.62362055 19.99  87.540333  64.152758 17.253
 69     9.577 54645.62362120 20.90  87.537523  64.155878 17.253
 69    18.098 54645.62362184 17.72  87.534713  64.158998 17.253
 69    16.557 54645.62362249 17.17  87.531893  64.162118 17.253
 69    22.650 54645.62362313 15.28  87.529083  64.165228 17.253
 69    19.585 54645.62362377 15.86  87.526273  64.168348 17.253
 69    19.664 54645.62362442 19.12  87.523453  64.171468 17.253
 69    20.269 54645.62362506 20.05  87.520643  64.174588 17.253
 70    23.033 54680.62361962 20.84  87.551247  64.142023  6.923
 70    12.116 54680.62362026 19.78  87.548437  64.145143  6.923
 70    11.884 54680.62362091 18.99  87.545627  64.148263  6.923
 70    12.042 54680.62362155 19.56  87.542817  64.151383  6.923
 70    11.757 54680.62362220 20.52  87.540003  64.154501 21.243
 70    11.781 54680.62362284 20.57  87.537193  64.157621 21.243
 70    12.052 54680.62362349 20.94  87.534383  64.160741 21.243
 70    12.166 54680.62362413 23.67  87.531563  64.163861 21.243
 70    12.279 54680.62362478 24.18  87.528753  64.166971 21.243
 70    12.214 54680.62362542 24.88  87.525943  64.170101 21.243
 70    12.301 54680.62362607 24.60  87.523123  64.173211 21.243
 70    12.328 54680.62362671 30.59  87.520313  64.176331 21.243
 71    22.870 54715.62357160 16.40  87.554734  64.152771 11.617
 71    23.993 54715.62357224 14.67  87.551924  64.155891 11.617
 71    21.702 54715.62357288 14.98  87.549114  64.159011 11.617
 71    24.377 54715.62357353 15.14  87.546303  64.162133 22.276
 71    12.098 54715.62357417 18.90  87.543493  64.165253 22.276
 71    12.336 54715.62357482 22.98  87.540683  64.168373 22.276
 71    13.728 54715.62357546 24.48  87.537863  64.171493 22.276
 71    12.760 54715.62357611 27.19  87.535053  64.174603 22.276
 71    12.295 54715.62357675 24.66  87.532243  64.177723 22.276
 71    11.920 54715.62357740 20.35  87.529423  64.180843 22.276
 71    12.046 54715.62357804 22.23  87.526613  64.183963 22.276
 71    12.112 54715.62357869 28.46  87.523793  64.187083 22.276
 72    25.667 54750.62358897 21.66  87.551192  64.134215  9.426
 72    22.753 54750.62358961 22.45  87.548392  64.137335  9.426
 72    22.304 54750.62359026 23.42  87.545582  64.140455  9.426
 72    22.043 54750.62359090 21.63  87.542772  64.143575  9.426
 72    11.892 54750.62359155 19.39  87.539962  64.146695  9.426
 72    21.578 54750.62359219 16.68  87.537148  64.149811 19.439
 72    21.038 54750.62359284 15.27  87.534338  64.152931 19.439
 72    20.204 54750.62359348 15.92  87.531528  64.156051 19.439
 72    21.084 54750.62359413 15.30  87.528708  64.159171 19.439
 72    21.684 54750.62359477 16.35  87.525898  64.162291 19.439
 72    14.148 54750.62359542 18.99  87.523088  64.165401 19.439
 72    19.618 54750.62359606 18.15  87.520268  64.168521 19.439
 72    20.174 54750.62359670 19.72  87.517458  64.171641 19.439
 73    12.483 54785.62355943 31.93  87.553320  64.147085  6.826
 73    12.424 54785.62356007 33.97  87.550510  64.150205  6.826
 73    12.311 54785.62356072 34.36  87.547700  64.153325  6.826
 73    12.438 54785.62356136 32.48  87.544887  64.156443 18.224
 73    12.247 54785.62356201 35.61  87.542077  64.159563 18.224
 73    12.137 54785.62356265 32.01  87.539267  64.162683 18.224
 73    12.235 54785.62356330 33.14  87.536457  64.165803 18.224
 73    12.261 54785.62356394 37.61  87.533647  64.168913 18.224
 73    12.068 54785.62356459 39.81  87.530827  64.172033 18.224
 73    12.145 54785.62356523 46.41  87.528017  64.175153 18.224
 73    12.242 54785.62356587 47.81  87.525207  64.178273 18.224
 73    12.305 54785.62356652 40.08  87.522387  64.181393 18.224
 74    18.147 54820.62358228 13.77  87.551564  64.134606  3.185
 74    12.668 54820.62358293 14.52  87.548754  64.137726  3.185
 74    12.682 54820.62358357 14.75  87.545944  64.140846  3.185
 74    16.407 54820.62358422 14.71  87.543134  64.143966  3.185
 74    13.441 54820.62358486 14.90  87.540329  64.147083  4.767
 74    13.444 54820.62358551 15.46  87.537519  64.150203  4.767
 74    13.864 54820.62358615 15.14  87.534699  64.153323  4.767
 74    13.382 54820.62358680 15.68  87.531889  64.156443  4.767
 74    13.029 54820.62358744 16.74  87.529079  64.159563  4.767
 74    12.927 54820.62358808 16.64  87.526269  64.162683  4.767
 74    12.709 54820.62358873 17.52  87.523449  64.165793  4.767
 74    18.956 54820.62358937 16.82  87.520639  64.168913  4.767
 74    19.269 54820.62359002 16.75  87.517819  64.172033  4.767
 75    22.500 54855.62355574 11.08  87.554004  64.146223  3.476
 75    22.026 54855.62355638 12.20  87.551194  64.149343  3.476
 75    21.832 54855.62355703 11.20  87.548384  64.152463  3.476
 75    21.775 54855.62355767 11.47  87.545574  64.155583  3.476
 75    21.063 54855.62355832 11.34  87.542760  64.158702  3.043
 75    20.289 54855.62355896 11.73  87.539950  64.161822  3.043
 75    19.464 54855.62355961 11.84  87.537140  64.164942  3.043
 75    18.683 54855.62356025 12.42  87.534320  64.168062  3.043
 75    18.271 54855.62356090 12.75  87.531510  64.171172  3.043
 75    18.804 54855.62356154 12.11  87.528700  64.174292  3.043
 75    18.372 54855.62356219 12.46  87.525880  64.177412  3.043
 75    18.368 54855.62356283 12.77  87.523070  64.180532  3.043
 76    13.155 54890.62358742 13.22  87.550563  64.141769  3.651
 76    21.632 54890.62358807 12.61  87.547753  64.144889  3.651
 76    21.218 54890.62358871 11.78  87.544943  64.148009  3.651
 76    20.645 54890.62358936 11.75  87.542135  64.151127  3.205
 76    20.383 54890.62359000 11.74  87.539325  64.154247  3.205
 76    19.265 54890.62359065 11.67  87.536515  64.157367  3.205
 76    18.313 54890.62359129 12.18  87.533705  64.160487  3.205
 76    17.774 54890.62359194 12.02  87.530895  64.163597  3.205
 76    18.392 54890.62359258 12.30  87.528085  64.166717  3.205
 76    14.034 54890.62359323 12.81  87.525265  64.169837  3.205
 76    18.961 54890.62359387 12.28  87.522455  64.172957  3.205
 76    19.058 54890.62359452 12.92  87.519635  64.176077  3.205
 77    15.917 54925.62355554  3.12  87.554417  64.151237  3.807
 77    21.919 54925.62355619  2.86  87.551607  64.154357  3.807
 77    14.049 54925.62355683  2.59  87.548797  64.157477  3.807
 77    13.959 54925.62355748  2.55  87.545986  64.160598  2.838
 77    14.064 54925.62355812  2.75  87.543176  64.163718  2.838
 77    13.967 54925.62355877  2.98  87.540366  64.166838  2.838
 77    13.993 54925.62355941  3.12  87.537556  64.169958  2.838
 77    14.114 54925.62356005  3.39  87.534746  64.173078  2.838
 77    13.978 54925.62356070  3.04  87.531936  64.176188  2.838
 77    15.237 54925.62356134  3.09  87.529116  64.179308  2.838
 77    17.645 54925.62356199  3.04  87.526306  64.182428  2.838
 77    16.674 54925.62356263  3.15  87.523486  64.185548  2.838
 78    18.183 54960.62358488 21.42  87.549996  64.135931 12.379
 78    18.219 54960.62358553 22.69  87.547186  64.139051 12.379
 78    18.097 54960.62358617 19.06  87.544376  64.142171 12.379
 78    17.969 54960.62358682 21.61  87.541566  64.145291 12.379
 78    17.883 54960.62358746 18.18  87.538758  64.148410 20.370
 78    17.520 54960.62358810 19.28  87.535948  64.151530 20.370
 78    17.369 54960.62358875 19.55  87.533128  64.154650 20.370
 78    17.551 54960.62358939 20.61  87.530318  64.157770 20.370
 78    17.903 54960.62359004 21.60  87.527508  64.160880 20.370
 78    17.978 54960.62359068 22.29  87.524698  64.164000 20.370
 78    18.083 54960.62359133 22.69  87.521878  64.167120 20.370
 78    18.002 54960.62359197 29.80  87.519068  64.170240 20.370
 79    21.035 54995.62360719 26.71  87.549531  64.140578 11.356
 79    20.680 54995.62360784 26.56  87.546721  64.143698 11.356
 79    20.197 54995.62360848 26.38  87.543921  64.146818 11.356
 79    20.130 54995.62360913 25.52  87.541102  64.149938 21.470
 79    20.341 54995.62360977 24.29  87.538292  64.153058 21.470
 79    20.618 54995.62361042 24.64  87.535482  64.156178 21.470
 79    20.864 54995.62361106 27.80  87.532672  64.159288 21.470
 79    21.035 54995.62361170 29.16  87.529862  64.162408 21.470
 79    21.209 54995.62361235 29.23  87.527042  64.165528 21.470
 79    21.340 54995.62361299 28.97  87.524232  64.168648 21.470
 79    21.576 54995.62361364 27.59  87.521422  64.171768 21.470
 79    21.566 54995.62361428 31.38  87.518602  64.174888 21.470
 80    12.864 55030.62359702 41.68  87.551619  64.141435 10.742
 80    12.845 55030.62359766 41.13  87.548809  64.144555 10.742
 80    12.536 55030.62359831 41.69  87.545999  64.147675 10.742
 80    12.824 55030.62360024 43.15  87.537569  64.157034 23.183
 80    12.790 55030.62360089 43.11  87.534759  64.160154 23.183
 80    12.917 55030.62360153 44.32  87.531949  64.163264 23.183
 80    12.626 55030.62360218 43.44  87.529129  64.166384 23.183
 80    12.555 55030.62360282 45.54  87.526319  64.169504 23.183
 80    12.485 55030.62360347 46.12  87.523509  64.172624 23.183
 80    12.453 55030.62360411 48.64  87.520689  64.175744 23.183
 81    12.645 55065.62358849 48.05  87.550799  64.147046 13.086
 81    11.990 55065.62358913 48.53  87.547989  64.150166 13.086
 81    11.986 55065.62358978 48.28  87.545179  64.153286 13.086
 81    11.934 55065.62359042 49.66  87.542366  64.156406 32.148
 81    11.872 55065.62359107 50.86  87.539556  64.159526 32.148
 81    11.788 55065.62359171 49.77  87.536746  64.162646 32.148
 81    11.850 55065.62359236 47.91  87.533926  64.165766 32.148
 81    11.841 55065.62359300 52.07  87.531116  64.168876 32.148
 81    11.785 55065.62359365 51.30  87.528306  64.171996 32.148
 81    11.710 55065.62359429 51.96  87.525486  64.175116 32.148
 81    11.811 55065.62359494 51.31  87.522676  64.178236 32.148
 81    11.747 55065.62359558 52.02  87.519856  64.181356 32.148
 82    12.158 55100.62353177 28.30  87.554350  64.152758 12.076
 82    12.139 55100.62353241 24.67  87.551540  64.155878 12.076
 82    11.926 55100.62353306 24.30  87.548730  64.158998 12.076
 82    11.707 55100.62353370 26.46  87.545920  64.162118 12.076
 82    11.827 55100.62353435 25.21  87.543104  64.165239 18.826
 82    11.818 55100.62353499 27.03  87.540294  64.168359 18.826
 82    12.178 55100.62353564 26.08  87.537484  64.171479 18.826
 82    12.105 55100.62353628 27.79  87.534664  64.174599 18.826
 82    11.508 55100.62353693 26.16  87.531854  64.177709 18.826
 82    11.060 55100.62353757 27.21  87.529044  64.180829 18.826
 82    11.836 55100.62353822 26.26  87.526224  64.183949 18.826
 82    12.068 55100.62353886 27.44  87.523414  64.187069 18.826
 83    11.447 55135.62353201 49.26  87.549526  64.138041 15.392
 83    11.355 55135.62353266 45.42  87.546716  64.141161 15.392
 83    11.543 55135.62353330 45.35  87.543906  64.144281 15.392
 83    11.428 55135.62353395 42.81  87.541096  64.147391 15.392
 83    11.324 55135.62353459 45.74  87.538284  64.150516 20.695
 83    11.294 55135.62353524 41.96  87.535474  64.153636 20.695
 83    11.205 55135.62353588 38.41  87.532664  64.156756 20.695
 83    11.102 55135.62353653 41.65  87.529844  64.159876 20.695
 83    11.064 55135.62353717 40.00  87.527034  64.162996 20.695
 83    11.322 55135.62353782 38.34  87.524224  64.166116 20.695
 83    11.307 55135.62353846 43.57  87.521404  64.169226 20.695
 83    11.163 55135.62353911 35.25  87.518594  64.172346 20.695
 84    21.878 55170.62349734 18.17  87.552546  64.150252  2.707
 84    21.536 55170.62349799 18.38  87.549736  64.153372  2.707
 84    19.817 55170.62349863 18.39  87.546926  64.156492  4.704
 84    18.658 55170.62349927 18.28  87.544116  64.159612  4.704
 84    17.625 55170.62349992 18.70  87.541306  64.162732  4.704
 84    16.709 55170.62350056 19.81  87.538496  64.165852  4.704
 84    17.902 55170.62350121 19.46  87.535686  64.168962  4.704
 84    17.737 55170.62350185 20.65  87.532866  64.172082  4.704
 84    13.320 55170.62350250 20.70  87.530056  64.175202  4.704
 84    13.568 55170.62350314 20.93  87.527246  64.178322  4.704
 84    13.456 55170.62350379 21.15  87.524426  64.181442  4.704
 84    13.733 55170.62350443 21.04  87.521616  64.184562  4.704
 85    18.300 55205.62352539 15.56  87.549349  64.137410  2.778
 85    13.647 55205.62352603 16.82  87.546539  64.140530  2.778
 85    14.150 55205.62352668 16.34  87.543729  64.143650  2.778
 85    15.037 55205.62352732 16.21  87.540919  64.146770  2.778
 85    14.422 55205.62352797 16.44  87.538106  64.149887  3.714
 85    14.038 55205.62352861 16.78  87.535296  64.153007  3.714
 85    13.845 55205.62352926 16.61  87.532486  64.156127  3.714
 85    15.807 55205.62352990 16.74  87.529666  64.159247  3.714
 85    17.515 55205.62353055 16.82  87.526856  64.162357  3.714
 85    19.076 55205.62353119 16.47  87.524046  64.165477  3.714
 85    18.747 55205.62353184 17.18  87.521226  64.168597  3.714
 85    19.345 55205.62353248 17.49  87.518416  64.171717  3.714
 86    21.837 55240.62350281 12.75  87.555025  64.147897  2.831
 86    21.399 55240.62350346 13.66  87.552215  64.151017  2.831
 86    20.920 55240.62350410 13.32  87.549405  64.154137  2.831
 86    19.913 55240.62350475 13.79  87.546595  64.157257  2.831
 86    19.468 55240.62350539 13.42  87.543787  64.160376  2.795
 86    18.728 55240.62350604 13.37  87.540977  64.163496  2.795
 86    18.180 55240.62350668 13.57  87.538167  64.166616  2.795
 86    18.069 55240.62350732 13.89  87.535347  64.169736  2.795
 86    17.964 55240.62350797 13.92  87.532537  64.172846  2.795
 86    14.504 55240.62350861 14.31  87.529727  64.175966  2.795
 86    14.169 55240.62350926 14.68  87.526907  64.179086  2.795
 86    14.525 55240.62350990 14.45  87.524097  64.182206  2.795
 87    20.746 55275.62352035 12.22  87.551832  64.143580  3.451
 87    20.981 55275.62352100 11.70  87.549022  64.146700  3.451
 87    21.148 55275.62352164 11.96  87.546213  64.149819  3.313
 87    20.797 55275.62352229 12.00  87.543403  64.152939  3.313
 87    19.687 55275.62352293 11.66  87.540593  64.156059  3.313
 87    19.975 55275.62352358 11.70  87.537783  64.159179  3.313
 87    18.431 55275.62352422 12.26  87.534963  64.162299  3.313
 87    17.617 55275.62352486 13.34  87.532153  64.165409  3.313
 87    17.338 55275.62352551 12.61  87.529343  64.168529  3.313
 87    12.979 55275.62352615 13.41  87.526533  64.171649  3.313
 87    14.303 55275.62352680 13.54  87.523713  64.174769  3.313
 87    13.783 55275.62352744 13.49  87.520903  64.177889  3.313
 88    22.245 55310.62348734  7.52  87.555789  64.148920  5.746
 88    21.964 55310.62348798  7.67  87.552979  64.152040  5.746
 88    20.835 55310.62348863  8.32  87.550169  64.155160  5.746
 88    21.144 55310.62348927  7.26  87.547358  64.158283  6.935
 88    18.583 55310.62348992  7.86  87.544548  64.161393  6.935
 88    12.547 55310.62349056  9.11  87.541738  64.164513  6.935
 88    13.031 55310.62349121  7.89  87.538928  64.167633  6.935
 88    13.237 55310.62349185  7.70  87.536118  64.170753  6.935
 88    11.688 55310.62349250 12.81  87.533298  64.173873  6.935
 88    11.941 55310.62349314 13.29  87.530488  64.176993  6.935
 88    13.556 55310.62349379  9.78  87.527678  64.180113  6.935
 88    14.689 55310.62349443  7.84  87.524858  64.183233  6.935
 88    15.648 55310.62349508  8.34  87.522048  64.186353  6.935
 89    23.531 55345.62348964 27.85  87.550178  64.144505 14.702
 89    23.856 55345.62349028 24.61  87.547378  64.147625 14.702
 89    22.990 55345.62349093 25.11  87.544568  64.150745 14.702
 89    22.262 55345.62349157 25.76  87.541758  64.153865 14.702
 89    22.487 55345.62349221 25.09  87.538938  64.156985 14.702
 89    22.624 55345.62349286 25.64  87.536128  64.160105 14.702
 89    22.884 55345.62349350 26.35  87.533318  64.163225 14.702
 89    23.064 55345.62349415 29.77  87.530508  64.166345 14.702
 89    23.132 55345.62349479 33.18  87.527688  64.169465 14.702
 89    23.348 55345.62349544 36.68  87.524878  64.172585 14.702
 89    23.602 55345.62349608 35.40  87.522068  64.175695 14.702
 89    23.422 55345.62349673 34.95  87.519248  64.178815 14.702
 90    23.189 55380.62348303 20.01  87.551560  64.146789  9.155
 90    23.439 55380.62348367 16.21  87.548750  64.149909  9.155
 90    22.692 55380.62348432 16.17  87.545934  64.153028 18.843
 90    23.413 55380.62348496 14.75  87.543124  64.156148 18.843
 90    23.792 55380.62348561 15.34  87.540314  64.159268 18.843
 90    24.209 55380.62348625 13.21  87.537504  64.162388 18.843
 90    23.788 55380.62348690 13.94  87.534694  64.165498 18.843
 90    23.393 55380.62348754 14.69  87.531874  64.168618 18.843
 90    22.499 55380.62348819 16.63  87.529064  64.171738 18.843
 90    21.687 55380.62348883 17.40  87.526254  64.174858 18.843
 90    14.693 55380.62348948 20.34  87.523434  64.177978 18.843
 90    14.863 55380.62349012 26.38  87.520624  64.181098 18.843
 91    25.057 55415.62350753 15.98  87.550243  64.135430  9.085
 91    23.093 55415.62350817 14.85  87.547433  64.138550  9.085
 91    22.808 55415.62350882 14.48  87.544623  64.141670  9.085
 91    22.164 55415.62350946 15.71  87.541813  64.144790  9.085
 91    21.474 55415.62351011 14.84  87.539003  64.147908 18.681
 91    13.092 55415.62351075 15.43  87.536193  64.151028 18.681
 91    13.566 55415.62351139 15.49  87.533383  64.154148 18.681
 91    13.256 55415.62351204 16.02  87.530563  64.157268 18.681
 91    13.143 55415.62351268 17.17  87.527753  64.160378 18.681
 91    13.386 55415.62351333 16.20  87.524943  64.163498 18.681
 91    13.427 55415.62351397 17.23  87.522123  64.166618 18.681
 91    19.887 55415.62351462 17.70  87.519313  64.169738 18.681
 91    20.374 55415.62351526 20.69  87.516493  64.172858 18.681
 92    23.162 55450.62349453 23.08  87.554089  64.146486 10.593
 92    22.972 55450.62349518 20.54  87.551289  64.149606 10.593
 92    23.604 55450.62349647 15.67  87.545669  64.155846 10.593
 92    24.577 55450.62349711 14.99  87.542853  64.158966 16.949
 92    24.044 55450.62349776 16.06  87.540043  64.162086 16.949
 92    23.617 55450.62349840 18.86  87.537233  64.165206 16.949
 92    14.809 55450.62349905 20.53  87.534423  64.168316 16.949
 92    14.517 55450.62349969 21.32  87.531603  64.171436 16.949
 92    22.137 55450.62350033 18.82  87.528793  64.174556 16.949
 92    21.645 55450.62350098 17.92  87.525973  64.177676 16.949
 92    20.821 55450.62350162 19.75  87.523163  64.180796 16.949
 93    23.007 55485.62341995 20.59  87.557616  64.152801 10.376
 93    22.642 55485.62342059 19.85  87.554806  64.155921 10.376
 93    24.444 55485.62342124 19.00  87.551996  64.159041 10.376
 93    24.217 55485.62342188 18.90  87.549186  64.162161 10.376
 93    24.662 55485.62342253 20.47  87.546372  64.165281 17.879
 93    24.399 55485.62342317 20.00  87.543562  64.168401 17.879
 93    23.693 55485.62342382 21.14  87.540752  64.171521 17.879
 93    12.726 55485.62342446 25.03  87.537942  64.174641 17.879
 93    22.666 55485.62342511 21.78  87.535122  64.177761 17.879
 93    13.677 55485.62342575 20.12  87.532312  64.180871 17.879
 93    18.431 55485.62342640 19.36  87.529492  64.183991 17.879
 93    19.079 55485.62342704 19.70  87.526682  64.187111 17.879
 93    19.785 55485.62342769 20.45  87.523862  64.190231 17.879
