# NaN NaN NaN ;Mean Elev.(m), Avg Gradient(m/km), RMS Gradient(m/km) - SRTM1     
#  -17.793   0.000   1.522 ;Mean Elev.(m), Avg Gradient(m/km), RMS Gradient(m/km) - ASTER GDEM
#    1.059   0.000   1.273 ;Mean Elev.(m), Avg Gradient(m/km), RMS Gradient(m/km) - GMTED2010 
  7  86.436405  68.065983     1.962     1.956 35 52458.23715693 51.045
  8  86.441090  68.066261    24.293    26.046 31 52493.23713541 15.088
 10  86.441281  68.059136     3.451     2.966 35 52563.23715570 39.192
 12  86.439086  68.060394    30.890    36.497 35 52633.23712403 11.684
 13  86.435675  68.067087    30.917    36.105 34 52668.23713859 10.666
 14  86.452575  68.064023    32.610    35.601 31 52703.23711630  9.615
 16  86.432420  68.071757     0.577     0.588 34 52773.23711292 36.008
 17  86.440210  68.060048    23.244    20.657 35 52808.23717959 16.190
 18  86.441415  68.060562    21.226    13.923 35 52843.23723717 15.593
 19  86.435805  68.062958     1.799     0.083 35 52878.23727519 23.200
 20  86.434747  68.069354    28.113    36.662 30 52913.23723227 13.037
 21  86.427501  68.038558     3.903     2.688 27 52948.23719584 30.264
 23  86.431928  68.069483    28.283    34.082 34 53018.23721634 11.828
 24  86.445461  68.060297    23.823    26.342 35 53053.23719950 13.961
 25  86.427921  68.074960    32.689    38.012 34 53088.23723452  9.892
 26  86.440378  68.061046    24.226    26.769 36 53123.23720666 11.438
 27  86.436739  68.067193    13.578    13.623 34 53158.23726326 29.681
 28  86.439804  68.066117    23.189    21.096 34 53193.23725731 13.384
 30  86.432919  68.078553    35.179    38.733 31 53263.23722432 12.726
 31  86.433969  68.065237    23.405    23.005 33 53298.23726680 18.751
 35  86.433260  68.072098    30.943    36.053 33 53438.23719843  8.540
 36  86.437502  68.063737    33.349    38.503 36 53473.23725624  7.339
 37  86.433189  68.064400     2.288     1.555 34 53508.23728108 30.879
 38  86.434337  68.069073    27.933    32.503 31 53543.23729073 14.526
 39  86.432098  68.070948    26.228    36.416 31 53578.23727400 14.894
 40  86.431504  68.076681     0.612     0.554 33 53613.23722602 43.247
 41  86.440766  68.059782    23.857    22.995 36 53648.23723430 15.315
 42  86.434307  68.071714     0.479     0.471 33 53683.23724737 32.593
 43  86.432073  68.069843    30.241    35.180 34 53718.23717485  9.965
 44  86.432360  68.045943    33.955    40.080 31 53753.23710006  9.079
 45  86.436342  68.065781    30.895    36.556 34 53788.23712652  9.305
 46  86.422496  68.033542    33.688    39.445 24 53823.23708744  7.609
 47  86.435433  68.062896    29.950    37.244 35 53858.23717428  7.839
 48  86.441902  68.063532    13.521    13.605 34 53893.23718887 24.222
 49  86.431350  68.069406    29.209    36.116 26 53928.23724605 15.150
 50  86.431120  68.073644    21.764    21.704 33 53963.23722747 11.216
 51  86.411532  68.023533    25.817    28.343 13 53998.23718538 16.979
 52  86.440206  68.060652     0.501     0.485 35 54033.23722676 33.753
 54  86.430871  68.073689    23.218    26.168 33 54103.23717711  9.261
 55  86.440211  68.062241    36.222    38.926 35 54138.23714976  7.480
 56  86.433708  68.071905    28.295    34.247 34 54173.23715534  7.421
 57  86.439278  68.061794     0.489     0.460 35 54208.23715576 31.343
 59  86.437190  68.065524    29.422    28.762 34 54278.23719998 13.559
 60  86.438865  68.068164    28.868    32.177 27 54313.23719980 16.036
 61  86.432221  68.072418     2.539     2.246 33 54348.23717036 35.802
 62  86.438632  68.060965    18.857    19.129 35 54383.23713869 21.097
 63  86.436350  68.073002     1.290     0.774 33 54418.23711966 19.014
 64  86.444077  68.060414    32.055    37.292 35 54453.23710882 11.493
 65  86.435975  68.066594    31.281    37.272 35 54488.23711905  7.321
 66  86.439382  68.061830    33.605    37.888 35 54523.23712185  6.759
 67  86.433190  68.070764    34.136    38.232 33 54558.23712809  5.954
 68  86.436342  68.064857    29.477    36.283 36 54593.23711729  5.866
 69  86.435319  68.066980    10.838    10.849 35 54628.23713203 52.187
 70  86.435799  68.065874     1.815     1.835 35 54663.23713952 46.966
 71  86.436084  68.073471    18.387    22.117 33 54698.23711180 17.682
 72  86.440684  68.061329    19.696    19.163 36 54733.23709742 14.424
 73  86.435023  68.066095     3.317     1.180 30 54768.23709292 25.258
 74  86.440761  68.062290     6.135     5.694 35 54803.23709126 19.489
 75  86.436010  68.065641    28.788    34.066 34 54838.23708612  9.231
 76  86.438472  68.061702    29.317    35.436 36 54873.23709079  9.962
 77  86.430545  68.072833    27.073    33.920 33 54908.23709217  9.641
 78  86.440168  68.063051    37.505    39.036 34 54943.23708316  7.419
 79  86.436774  68.067338     5.617     5.623 35 54978.23710984 34.711
 80  86.436027  68.067645     3.144     3.134 35 55013.23711613 45.249
 81  86.445599  68.072236    22.093    20.896 30 55048.23710777 16.668
 82  86.428046  68.071076    26.892    36.157 33 55083.23707852 13.922
 83  86.435876  68.057378    29.266    34.881 32 55118.23704257 13.109
 84  86.431179  68.066271    22.203    25.237 32 55153.23703801 18.429
 85  86.439618  68.061199    29.636    32.935 35 55188.23702990 12.473
 86  86.435297  68.068399    28.390    34.522 35 55223.23703655 10.231
 87  86.439731  68.065129    29.898    34.776 34 55258.23702530 10.070
 88  86.431675  68.071977    27.702    33.857 33 55293.23702332  9.674
 89  86.435911  68.066453     0.988     0.914 35 55328.23700818 25.009
 90  86.434441  68.069631    24.813    22.994 34 55363.23700312 15.202
 91  86.438399  68.060368    20.383    17.136 35 55398.23701346 18.493
 92  86.437718  68.066327    28.302    33.826 29 55433.23701924 17.341
 93  86.430684  68.074278     1.266     0.192 33 55468.23697545 21.010
