# NaN NaN NaN ;Mean Elev.(m), Avg Gradient(m/km), RMS Gradient(m/km) - SRTM1     
#   -6.991   1.438   9.691 ;Mean Elev.(m), Avg Gradient(m/km), RMS Gradient(m/km) - ASTER GDEM
#    1.779   0.414   8.152 ;Mean Elev.(m), Avg Gradient(m/km), RMS Gradient(m/km) - GMTED2010 
  7    32.298 52452.22953841 20.63  87.413512  66.417466 16.745
  7    31.946 52452.22953906 15.51  87.410222  66.414386 16.745
  7    29.767 52452.22953970 14.21  87.406932  66.411306 16.745
  7    28.921 52452.22954035 12.91  87.403642  66.408226 16.745
  7    27.829 52452.22954099 12.79  87.400352  66.405146 16.745
  7    14.455 52452.22954163 17.18  87.397058  66.402064 26.115
  8    30.842 52487.22952023 19.39  87.414516  66.415225 25.601
  8    30.332 52487.22952087 15.35  87.411227  66.412144 18.609
  8    29.395 52487.22952152 11.82  87.407937  66.409064 18.609
  8    27.938 52487.22952216 15.40  87.404637  66.405984 18.609
  8     3.570 52487.22952280 16.77  87.401347  66.402904 18.609
  8     3.441 52487.22952345 22.83  87.398067  66.399824 18.609
  9     3.601 52522.22949106 29.01  87.407394  66.415258 12.040
  9     3.538 52522.22949170 30.00  87.404101  66.412176 22.948
  9     3.560 52522.22949235 30.08  87.400811  66.409096 22.948
  9     3.570 52522.22949299 30.69  87.397521  66.406016 22.948
  9     3.560 52522.22949364 29.66  87.394231  66.402936 22.948
 11     2.265 52592.22953692 24.87  87.412481  66.416396  9.634
 11     2.448 52592.22953756 28.45  87.409191  66.413326  9.634
 11     2.508 52592.22953821 32.92  87.405901  66.410236  9.634
 11     2.706 52592.22953885 31.89  87.402611  66.407156  9.634
 11     2.794 52592.22953950 28.97  87.399321  66.404076  9.634
 11     2.594 52592.22954014 27.43  87.396031  66.400996  9.634
 12     7.298 52627.22945514 12.86  87.433346  66.407228  4.371
 12     8.192 52627.22945578 13.20  87.430056  66.404148  4.371
 12    10.165 52627.22945643 13.65  87.426766  66.401068  4.371
 12    11.660 52627.22945707 13.97  87.423466  66.397988  4.371
 12    12.876 52627.22945772 14.26  87.420176  66.394908  4.371
 13    30.451 52662.22950049 10.27  87.414224  66.413920  3.939
 13    29.941 52662.22950114 11.36  87.410934  66.410840  3.939
 13    11.373 52662.22950178 11.89  87.407634  66.407760  3.939
 13    12.725 52662.22950243 13.06  87.404344  66.404670  3.939
 13    12.919 52662.22950307 13.30  87.401054  66.401590  3.939
 14    30.155 52697.22947781  8.75  87.432098  66.409127  3.833
 14    28.483 52697.22947845 10.13  87.428807  66.406045  4.100
 14    11.354 52697.22947910 10.41  87.425517  66.402965  4.100
 14    12.112 52697.22947974 11.33  87.422227  66.399885  4.100
 14    12.843 52697.22948039 11.84  87.418937  66.396805  4.100
 15    31.318 52732.22950092  7.50  87.420385  66.412535  3.114
 15    30.383 52732.22950157  7.48  87.417095  66.409455  3.114
 15    18.918 52732.22950221  8.32  87.413805  66.406365  3.114
 15    19.407 52732.22950286  8.75  87.410515  66.403285  3.114
 15    17.718 52732.22950350  9.09  87.407225  66.400205  3.114
 16    32.246 52767.22950959  3.45  87.399894  66.416886  3.254
 16    31.284 52767.22951023  3.88  87.396604  66.413806  3.254
 16    30.189 52767.22951088  3.66  87.393314  66.410726  3.254
 16    28.644 52767.22951152  4.45  87.390027  66.407639  3.450
 16    27.130 52767.22951217  4.40  87.386737  66.404559  3.450
 16    25.742 52767.22951281  3.82  87.383447  66.401479  3.450
 17    30.596 52802.22951945 24.43  87.427918  66.408313 27.959
 17    30.024 52802.22952010 18.64  87.424628  66.405233 27.959
 17    28.001 52802.22952074 21.69  87.421338  66.402153 27.959
 17    14.891 52802.22952139 23.11  87.418048  66.399073 27.959
 17    15.095 52802.22952203 33.69  87.414758  66.395993 27.959
 18    32.618 52837.22958420 13.83  87.426538  66.411308 20.597
 18    30.568 52837.22958485 12.87  87.423248  66.408228 20.597
 18    28.856 52837.22958549 13.60  87.419958  66.405148 20.597
 18     4.270 52837.22958614 14.81  87.416658  66.402068 20.597
 18    11.132 52837.22958678 15.94  87.413368  66.398988 20.597
 19     1.889 52872.22962425 44.72  87.423174  66.413667 30.363
 19     2.040 52872.22962489 51.37  87.419874  66.410587 30.363
 19     2.091 52872.22962554 51.29  87.416584  66.407507 30.363
 19     2.136 52872.22962618 48.95  87.413294  66.404427 30.363
 19     1.959 52872.22962682 47.36  87.410004  66.401347 30.363
 19     2.028 52872.22962747 41.96  87.406714  66.398267 30.363
 20     2.181 52907.22961387 32.09  87.417018  66.416176 23.074
 20     2.407 52907.22961452 47.61  87.413728  66.413096 23.074
 20     2.213 52907.22961516 48.90  87.410438  66.410016 23.074
 20     2.176 52907.22961581 43.30  87.407148  66.406936 23.074
 20     2.040 52907.22961645 33.20  87.403860  66.403853 23.974
 20     2.194 52907.22961710 38.91  87.400570  66.400773 23.974
 21     1.875 52942.22954334 35.72  87.432431  66.408208  8.264
 21     1.953 52942.22954399 36.48  87.429141  66.405128  8.264
 21     1.824 52942.22954463 36.53  87.425843  66.402043 14.406
 21     2.057 52942.22954528 43.06  87.422553  66.398963 14.406
 21     1.685 52942.22954592 44.57  87.419263  66.395893 14.406
 23    10.790 53012.22959911 12.75  87.406948  66.411888  4.390
 23    11.519 53012.22959975 13.89  87.403655  66.408808  3.782
 23    12.234 53012.22960040 15.22  87.400365  66.405728  3.782
 23    13.374 53012.22960104 14.11  87.397075  66.402648  3.782
 24    31.560 53047.22956562  9.39  87.424435  66.411675  8.623
 24     1.784 53047.22956820 20.81  87.411275  66.399355  8.623
 25    31.421 53082.22959986  9.46  87.409878  66.417583  3.879
 25    10.290 53082.22960051 11.74  87.406588  66.414503  3.879
 25    11.282 53082.22960115 12.23  87.403288  66.411423  3.879
 25    11.888 53082.22960180 13.84  87.399998  66.408343  3.879
 25    13.058 53082.22960244 13.48  87.396708  66.405253  3.879
 25    13.443 53082.22960309 12.94  87.393418  66.402173  3.879
 26    27.300 53117.22957103 15.29  87.419730  66.411113  5.904
 26     2.024 53117.22957168 15.68  87.416440  66.408033  5.904
 26     2.035 53117.22957232 16.14  87.413140  66.404953  5.904
 26    10.879 53117.22957297 15.98  87.409850  66.401873  5.904
 26    12.564 53117.22957361 14.45  87.406560  66.398793  5.904
 27    14.823 53152.22961928 38.76  87.416716  66.415896 23.166
 27    14.797 53152.22961993 42.13  87.413416  66.412816 23.166
 27    14.685 53152.22962057 45.33  87.410126  66.409736 23.166
 27    14.710 53152.22962122 39.29  87.406836  66.406656 23.166
 27    14.591 53152.22962186 32.88  87.403546  66.403576 23.166
 27    14.617 53152.22962250 28.81  87.400256  66.400496 23.166
 28    31.261 53187.22960685 17.36  87.425193  66.411624 23.386
 28    30.075 53187.22960750 12.86  87.421903  66.408544 23.386
 28    29.306 53187.22960814 11.23  87.418613  66.405464 23.386
 28    28.437 53187.22960879 12.17  87.415323  66.402384 23.386
 28    16.800 53187.22960943 13.87  87.412033  66.399304 23.386
 29    30.882 53222.22962916 16.11  87.414836  66.415459 19.070
 29    30.580 53222.22962980 11.44  87.411546  66.412379 19.070
 29    29.393 53222.22963045 11.06  87.408252  66.409299 20.476
 29    27.818 53222.22963109 11.61  87.404962  66.406219 20.476
 29    25.839 53222.22963174 12.77  87.401672  66.403139 20.476
 29    14.009 53222.22963238 15.35  87.398382  66.400059 20.476
 30    30.481 53257.22960543 17.05  87.402036  66.416209 22.302
 30    29.701 53257.22960608 14.50  87.398736  66.413129 22.302
 30    28.783 53257.22960672 13.62  87.395451  66.410045 23.254
 30    27.610 53257.22960737 14.21  87.392161  66.406965 23.254
 30    24.816 53257.22960801 13.87  87.388871  66.403885 23.254
 31    31.385 53292.22962264 17.20  87.420979  66.413763 11.407
 31    30.576 53292.22962329 15.94  87.417689  66.410683 11.407
 31    29.622 53292.22962393 11.85  87.414399  66.407603 11.407
 31    28.838 53292.22962458 10.52  87.411099  66.404523 11.407
 31    26.939 53292.22962522 12.04  87.407809  66.401443 11.407
 31    25.745 53292.22962587 13.56  87.404519  66.398363 11.407
 32     3.748 53327.22959698 18.98  87.416931  66.413590 11.403
 32     3.915 53327.22959762 20.51  87.413631  66.410510 11.403
 32     3.861 53327.22959827 24.28  87.410341  66.407430 11.403
 32     3.876 53327.22959891 38.60  87.407051  66.404350 11.403
 32     3.622 53327.22959955 45.65  87.403761  66.401270 11.403
 35    31.750 53432.22956521  6.42  87.410399  66.414524  3.263
 35    29.937 53432.22956585  8.48  87.407109  66.411444  3.263
 35    26.054 53432.22956650  9.12  87.403819  66.408364  3.263
 35    16.289 53432.22956714  9.88  87.400529  66.405284  3.263
 35    15.208 53432.22956779 10.07  87.397239  66.402204  3.263
 36    30.911 53467.22960065  6.55  87.424393  66.409652  3.051
 36    29.864 53467.22960129  8.25  87.421103  66.406572  3.051
 36    27.857 53467.22960194  8.28  87.417803  66.403492  3.051
 36    24.384 53467.22960258  9.74  87.414513  66.400412  3.051
 36    19.171 53467.22960323 10.17  87.411223  66.397332  3.051
 37     3.460 53502.22965392 13.38  87.405545  66.409219 12.597
 37     3.367 53502.22965456 14.26  87.402255  66.406139 12.597
 37     3.910 53502.22965521 14.51  87.398965  66.403059 12.597
 38     9.358 53537.22964516 49.02  87.415530  66.415174 22.088
 38     9.297 53537.22964580 51.14  87.412230  66.412094 22.088
 38     9.467 53537.22964645 48.36  87.408940  66.409014 22.088
 38     9.549 53537.22964709 48.51  87.405650  66.405934 22.088
 38     9.653 53537.22964774 47.99  87.402360  66.402854 22.088
 38     9.561 53537.22964838 49.80  87.399070  66.399774 22.088
 39    31.073 53572.22964927 18.09  87.411862  66.417822 16.115
 39    30.454 53572.22964991 15.88  87.408572  66.414742 16.115
 39    29.891 53572.22965056 12.66  87.405282  66.411662 16.115
 39    28.598 53572.22965120 14.72  87.401982  66.408582 16.115
 39     3.200 53572.22965185 19.21  87.398692  66.405502 16.115
 39     3.627 53572.22965249 19.65  87.395402  66.402422 16.115
 40    30.435 53607.22959862 14.99  87.403025  66.415963 17.568
 40    29.418 53607.22959926 13.12  87.399735  66.412883 17.568
 40    28.425 53607.22959991 14.88  87.396445  66.409803 17.568
 40    26.856 53607.22960055 14.27  87.393155  66.406723 17.568
 40    14.303 53607.22960120 13.95  87.389875  66.403643 17.568
 41    31.225 53642.22959932 16.61  87.426261  66.412240 23.413
 41    39.971 53642.22959997 13.32  87.422971  66.409160 23.413
 41    29.464 53642.22960061  9.12  87.419671  66.406080 23.413
 41    28.458 53642.22960126  9.52  87.416381  66.403000 23.413
 41    25.588 53642.22960190 11.48  87.413091  66.399920 23.413
 42     2.806 53677.22961840 46.83  87.411522  66.414366 15.051
 42     2.667 53677.22961904 43.67  87.408222  66.411286 15.051
 42     2.854 53677.22961969 41.73  87.404932  66.408206 15.051
 42     3.249 53677.22962033 42.22  87.401642  66.405126 15.051
 42     2.813 53677.22962097 46.48  87.398352  66.402046 15.051
 43    29.608 53712.22954681 14.63  87.412405  66.417766  5.959
 43     1.157 53712.22954746 15.27  87.409115  66.414686  5.959
 43     1.163 53712.22954810 15.48  87.405825  66.411606  5.959
 43     1.218 53712.22954875 15.54  87.402535  66.408526  5.959
 43     1.383 53712.22954939 15.04  87.399245  66.405446  5.959
 43     9.139 53712.22955004 15.60  87.395955  66.402366  5.959
 44    30.277 53747.22945964  6.77  87.434858  66.409919  3.622
 44    27.705 53747.22946028  7.64  87.431568  66.406839  3.622
 44    27.140 53747.22946093  9.20  87.428268  66.403759  3.622
 44    11.597 53747.22946157 11.25  87.424978  66.400679  3.622
 44    12.569 53747.22946222 11.47  87.421688  66.397599  3.622
 45    31.086 53782.22949051  8.17  87.418540  66.413336  3.912
 45    10.581 53782.22949116 10.04  87.415250  66.410256  3.912
 45     9.522 53782.22949180 11.92  87.411960  66.407176  3.912
 45    11.205 53782.22949245 12.73  87.408670  66.404096  3.912
 45    12.939 53782.22949309 12.79  87.405380  66.401016  3.912
 46    30.788 53817.22945570  9.09  87.404735  66.417922  4.107
 46     5.227 53817.22945634 11.33  87.401445  66.414842  4.107
 46     8.022 53817.22945699 11.95  87.398155  66.411762  4.107
 46    11.495 53817.22945763 12.05  87.394865  66.408682  4.107
 46    13.144 53817.22945828 12.25  87.391575  66.405602  4.107
 46    13.399 53817.22945892 12.65  87.388285  66.402522  4.107
 47    29.911 53852.22952894  7.85  87.419561  66.410948  3.647
 47    26.176 53852.22952959  8.49  87.416271  66.407868  3.647
 47    10.147 53852.22953023 10.30  87.412981  66.404788  3.647
 47    12.129 53852.22953088 10.11  87.409691  66.401708  3.647
 47    13.505 53852.22953152  9.52  87.406401  66.398628  3.647
 48    18.356 53887.22953480 49.44  87.423910  66.410305 28.401
 48    18.407 53887.22953544 52.12  87.420620  66.407225 28.401
 48    18.395 53887.22953609 50.39  87.417330  66.404145 28.401
 48    18.407 53887.22953673 50.00  87.414040  66.401065 28.401
 48    18.410 53887.22953738 47.88  87.410750  66.397985 28.401
 49    31.113 53922.22960528 22.00  87.412929  66.417299 18.845
 49    30.583 53922.22960592 18.86  87.409639  66.414219 18.845
 49    29.892 53922.22960657 14.59  87.406339  66.411139 18.845
 49    28.837 53922.22960721 14.73  87.403049  66.408059 18.845
 49    27.153 53922.22960786 17.93  87.399759  66.404979 18.845
 49     4.651 53922.22960850 25.13  87.396469  66.401899 18.845
 50    30.481 53957.22960060 16.37  87.407127  66.416086 18.136
 50    29.938 53957.22960124 14.54  87.403837  66.413006 18.136
 50    28.917 53957.22960188 12.87  87.400547  66.409926 18.136
 50    27.606 53957.22960253 14.64  87.397257  66.406846 18.136
 50    13.539 53957.22960317 18.24  87.393967  66.403766 18.136
 50    14.445 53957.22960382 20.20  87.390677  66.400686 18.136
 51     3.595 53992.22952436 33.04  87.436140  66.408840  7.050
 51     3.384 53992.22952501 33.25  87.432850  66.405760  7.050
 51     3.219 53992.22952565 35.16  87.429550  66.402680  7.050
 51     3.328 53992.22952630 33.73  87.426258  66.399606 21.942
 51     3.487 53992.22952694 32.08  87.422968  66.396516 21.942
 52     1.801 54027.22958803 34.63  87.425838  66.409717 12.653
 52     1.740 54027.22958868 39.02  87.422538  66.406637 12.653
 52     1.851 54027.22958932 38.05  87.419248  66.403557 12.653
 52     2.121 54027.22958997 42.19  87.415958  66.400477 12.653
 52     1.828 54027.22959061 43.33  87.412668  66.397397 12.653
 53    30.304 54062.22958122 11.48  87.419776  66.413532  4.854
 53    29.884 54062.22958187 11.45  87.416486  66.410452  4.854
 53    11.099 54062.22958251 12.33  87.413196  66.407372  4.854
 53    12.295 54062.22958316 11.78  87.409906  66.404292  4.854
 53    14.679 54062.22958380 12.34  87.406616  66.401212  4.854
 55    30.769 54132.22950352  6.39  87.427656  66.410217  3.920
 55    29.562 54132.22950417  8.83  87.424366  66.407137  3.920
 55    27.808 54132.22950481  9.87  87.421076  66.404057  3.920
 55    15.406 54132.22950546  9.99  87.417776  66.400977  3.920
 55    13.069 54132.22950610 11.01  87.414486  66.397897  3.920
 56    32.018 54167.22952500  4.72  87.409294  66.415428  3.029
 56    31.061 54167.22952564  6.35  87.406004  66.412348  3.029
 56    29.620 54167.22952629  8.00  87.402714  66.409268  3.029
 56    26.547 54167.22952693  7.70  87.399424  66.406188  3.029
 56    21.669 54167.22952758  7.96  87.396134  66.403108  3.029
 57    30.448 54202.22950723 11.68  87.423111  66.409951 19.428
 57     8.335 54202.22950787 12.58  87.419821  66.406871 19.428
 57    29.104 54202.22950852  8.34  87.416531  66.403791 19.428
 57     2.477 54202.22950981 22.36  87.409941  66.397631 19.428
 58    17.082 54237.22954203 33.27  87.421334  66.414031 20.671
 58    16.869 54237.22954268 25.49  87.418044  66.410951 20.671
 58    16.354 54237.22954332 23.24  87.414754  66.407871 20.671
 58    16.441 54237.22954397 24.23  87.411454  66.404791 20.671
 58    16.793 54237.22954461 25.37  87.408164  66.401711 20.671
 58    16.941 54237.22954526 30.42  87.404874  66.398631 20.671
 59    31.602 54272.22956152 25.96  87.417363  66.414957 21.208
 59    32.314 54272.22956216 19.45  87.414073  66.411877 21.208
 59    30.008 54272.22956281 16.19  87.410773  66.408797 21.208
 59    29.108 54272.22956345 14.96  87.407483  66.405717 21.208
 59    27.721 54272.22956410 16.79  87.404193  66.402637 21.208
 59    12.896 54272.22956474 25.76  87.400903  66.399557 21.208
 60     2.876 54307.22956421 42.76  87.418216  66.412900 25.384
 60     2.819 54307.22956485 42.63  87.414926  66.409820 25.384
 60     2.585 54307.22956550 38.83  87.411636  66.406740 25.384
 60     2.314 54307.22956614 34.50  87.408336  66.403660 25.384
 60     2.000 54307.22956679 27.44  87.405046  66.400580 25.384
 61    31.026 54342.22954366 22.19  87.412302  66.417263 15.786
 61    30.525 54342.22954430 18.49  87.409002  66.414183 15.786
 61    30.022 54342.22954495 15.46  87.405712  66.411103 15.786
 61    29.003 54342.22954559 13.51  87.402422  66.408023 15.786
 61    27.879 54342.22954624 11.80  87.399132  66.404943 15.786
 61    26.371 54342.22954688 13.56  87.395842  66.401863 15.786
 62    31.038 54377.22949924 20.69  87.422163  66.412404 17.438
 62    30.146 54377.22949988 16.48  87.418873  66.409324 17.438
 62    29.577 54377.22950053 13.35  87.415583  66.406244 17.438
 62    28.386 54377.22950117 12.81  87.412283  66.403164 17.438
 62    26.813 54377.22950182 14.09  87.408993  66.400084 17.438
 63     2.838 54412.22949133 31.74  87.414978  66.414470 16.392
 63     2.738 54412.22949198 46.30  87.411688  66.411390 16.392
 63     2.897 54412.22949262 39.90  87.408398  66.408310 16.392
 63     3.096 54412.22949327 39.79  87.405108  66.405230 16.392
 63     3.353 54412.22949391 46.99  87.401818  66.402150 16.392
 64     1.452 54447.22946693 20.31  87.414638  66.399778  6.476
 64    12.980 54447.22946757 18.89  87.411348  66.396698  6.476
 66    30.524 54517.22947880  7.53  87.425214  66.410031  4.497
 66    10.297 54517.22947944 10.08  87.421924  66.406951  4.497
 66    11.167 54517.22948009 11.42  87.418634  66.403871  4.497
 66    12.078 54517.22948073 11.98  87.415344  66.400791  4.497
 66    13.309 54517.22948138 11.49  87.412044  66.397711  4.497
 67    32.514 54552.22949593  4.26  87.411565  66.417211  4.046
 67    31.485 54552.22949657  6.85  87.408265  66.414131  4.046
 67    30.517 54552.22949722  8.02  87.404975  66.411051  4.046
 67    12.388 54552.22949786  9.77  87.401685  66.407971  4.046
 67    15.524 54552.22949851  9.23  87.398395  66.404881  4.046
 67    14.315 54552.22949915 10.10  87.395105  66.401801  4.046
 68    30.918 54587.22947416  8.24  87.419184  66.411753  3.027
 68    26.679 54587.22947481  9.16  87.415894  66.408673  3.027
 68    16.418 54587.22947545 10.13  87.412594  66.405593  3.027
 68    20.942 54587.22947610  8.99  87.409304  66.402513  3.027
 68    20.647 54587.22947674  8.47  87.406014  66.399433  3.027
 69    31.167 54622.22949219 26.99  87.416922  66.414909 24.824
 69    30.316 54622.22949283 28.20  87.413632  66.411819 24.824
 69    15.613 54622.22949348 29.14  87.410342  66.408739 24.824
 69    16.416 54622.22949412 29.03  87.407052  66.405659 24.824
 69    17.001 54622.22949477 30.45  87.403762  66.402579 24.824
 69    17.176 54622.22949541 31.24  87.400472  66.399499 24.824
 70     5.613 54657.22950186 47.14  87.415605  66.414556 24.319
 70     7.291 54657.22950250 45.13  87.412305  66.411476 24.319
 70     6.887 54657.22950315 41.35  87.409015  66.408396 24.319
 70     6.878 54657.22950379 39.34  87.405725  66.405316 24.319
 70     7.355 54657.22950444 41.59  87.402435  66.402236 24.319
 71    30.914 54692.22948485 18.78  87.413941  66.415823 20.395
 71    30.500 54692.22948549 17.43  87.410651  66.412743 20.395
 71    29.672 54692.22948613 13.28  87.407361  66.409663 20.395
 71    28.608 54692.22948678 12.05  87.404071  66.406583 20.395
 71    27.292 54692.22948742 11.73  87.400781  66.403503 20.395
 71    14.442 54692.22948807 15.16  87.397491  66.400413 20.395
 72    36.483 54727.22945453 17.12  87.425068  66.411686 23.123
 72    37.968 54727.22945518 13.87  87.421778  66.408596 23.123
 72    38.378 54727.22945582  9.80  87.418488  66.405516 23.123
 72    27.709 54727.22945647 12.00  87.415198  66.402436 23.123
 72    14.987 54727.22945711 12.64  87.411908  66.399356 23.123
 73    30.974 54762.22946220 15.55  87.417185  66.415700 11.362
 73    30.322 54762.22946285 15.81  87.413895  66.412620 11.362
 73    29.460 54762.22946349 15.22  87.410605  66.409540 11.362
 73    12.105 54762.22946414 15.45  87.407315  66.406460 11.362
 73    12.879 54762.22946478 15.83  87.404025  66.403380 11.362
 73    13.820 54762.22946542 16.55  87.400735  66.400300 11.362
 74     1.308 54797.22944801 20.99  87.427346  66.410990  6.914
 74     1.232 54797.22944865 22.14  87.424046  66.407910  6.914
 74     1.324 54797.22944930 21.19  87.420756  66.404830  6.914
 74     1.457 54797.22944994 21.37  87.417466  66.401750  6.914
 74     1.292 54797.22945059 21.37  87.414176  66.398670  6.914
 75    30.432 54832.22945208  8.75  87.414904  66.413355  5.601
 75     7.097 54832.22945273 11.74  87.411604  66.410275  5.601
 75     8.530 54832.22945337 14.29  87.408314  66.407195  5.601
 75     9.239 54832.22945402 15.89  87.405024  66.404115  5.601
 75    11.481 54832.22945466 14.81  87.401734  66.401035  5.601
 76     3.649 54867.22944363 11.60  87.427124  66.411182  3.553
 76     8.743 54867.22944427 11.44  87.423834  66.408102  3.553
 76     9.759 54867.22944492 11.48  87.420544  66.405022  3.553
 76    11.169 54867.22944556 11.73  87.417254  66.401942  3.553
 76    12.231 54867.22944621 12.09  87.413964  66.398862  3.553
 77    31.317 54902.22946219  9.96  87.408726  66.415505  3.142
 77    26.916 54902.22946284 11.20  87.405436  66.412415  3.142
 77    26.703 54902.22946348 11.62  87.402146  66.409335  3.142
 77    17.111 54902.22946413 10.88  87.398856  66.406255  3.142
 77    14.175 54902.22946477 11.57  87.395566  66.403175  3.142
 78    30.655 54937.22943367  8.89  87.421077  66.410929  2.728
 78    29.385 54937.22943431  9.98  87.417787  66.407849  2.728
 78    28.365 54937.22943495 10.19  87.414497  66.404769  2.728
 78    27.195 54937.22943560  9.09  87.411197  66.401689  2.728
 78    25.031 54937.22943624  9.86  87.407907  66.398609  2.728
 79     9.621 54972.22946625 48.09  87.418638  66.412469 12.311
 79     9.464 54972.22946689 31.89  87.415348  66.409389 12.311
 79     9.308 54972.22946754 26.61  87.412048  66.406309 12.311
 79     9.382 54972.22946818 23.10  87.408758  66.403229 12.311
 79     9.427 54972.22946882 27.29  87.405468  66.400149 12.311
 80    31.100 55007.22948323 21.92  87.415401  66.416294 19.410
 80    30.637 55007.22948387 19.80  87.412111  66.413224 19.410
 80    29.800 55007.22948452 18.08  87.408821  66.410134 19.410
 80    10.139 55007.22948516 19.13  87.405531  66.407054 19.410
 80    13.526 55007.22948581 18.04  87.402241  66.403974 19.410
 80    13.799 55007.22948645 20.87  87.398951  66.400894 19.410
 81    30.696 55042.22947235 16.81  87.417274  66.413193 22.158
 81    30.342 55042.22947300 13.39  87.413984  66.410113 22.158
 81    28.838 55042.22947364 18.92  87.410694  66.407023 22.158
 81     2.217 55042.22947429 22.37  87.407404  66.403943 22.158
 81     2.560 55042.22947493 20.22  87.404114  66.400863 22.158
 82    30.739 55077.22945166 17.75  87.411312  66.415954 16.785
 82     2.371 55077.22945231 20.33  87.408022  66.412874 16.785
 82     2.262 55077.22945295 19.95  87.404732  66.409794 16.785
 82     2.308 55077.22945360 20.64  87.401442  66.406714 16.785
 82     2.429 55077.22945424 19.81  87.398152  66.403634 16.785
 82    13.680 55077.22945489 18.46  87.394862  66.400544 16.785
 83    38.780 55112.22940486 17.70  87.423039  66.412955 22.811
 83    40.175 55112.22940551 13.36  87.419749  66.409875 22.811
 83    39.883 55112.22940615 11.35  87.416449  66.406795 22.811
 83    27.951 55112.22940679 11.82  87.413159  66.403715 22.811
 83    24.709 55112.22940744 12.05  87.409869  66.400635 22.811
 84     1.119 55147.22940643 25.26  87.414480  66.414183  4.099
 84     1.175 55147.22940707 27.29  87.411180  66.411103  4.099
 84     1.089 55147.22940772 27.17  87.407893  66.408025  8.245
 84     1.200 55147.22940836 27.44  87.404603  66.404945  8.245
 84     1.073 55147.22940901 27.40  87.401313  66.401865  8.245
 85     4.243 55182.22938478 14.76  87.427114  66.410909  3.221
 85     8.226 55182.22938542 14.44  87.423824  66.407829  3.221
 85     9.140 55182.22938607 15.10  87.420534  66.404749  3.221
 85    10.988 55182.22938671 15.35  87.417234  66.401669  3.221
 85    12.112 55182.22938736 15.23  87.413944  66.398589  3.221
 86    30.643 55217.22940184  7.40  87.414749  66.416046  4.215
 86     9.464 55217.22940248 10.81  87.411449  66.412966  4.215
 86     9.927 55217.22940313 13.69  87.408159  66.409886  4.215
 86     7.563 55217.22940377 15.09  87.404869  66.406806  4.215
 86     9.737 55217.22940442 14.84  87.401579  66.403726  4.215
 86    12.323 55217.22940506 14.29  87.398289  66.400646  4.215
 87     7.644 55252.22938118 10.28  87.425832  66.411765  3.953
 87     6.959 55252.22938182 12.46  87.422542  66.408685  3.953
 87     9.656 55252.22938247 12.31  87.419252  66.405605  3.953
 87    10.721 55252.22938311 13.02  87.415962  66.402525  3.953
 87    11.958 55252.22938376 13.40  87.412672  66.399445  3.953
 88    30.035 55287.22939415 12.46  87.408866  66.416183  3.675
 88     2.233 55287.22939480 14.28  87.405576  66.413103  3.675
 88     5.860 55287.22939544 14.52  87.402286  66.410023  3.675
 88     8.013 55287.22939609 14.21  87.398996  66.406933  3.675
 88    10.654 55287.22939673 14.13  87.395706  66.403853  3.675
 88    12.432 55287.22939738 14.26  87.392416  66.400773  3.675
 89    27.175 55322.22937178  1.04  87.404262  66.404166  4.113
 89    15.899 55322.22937242  2.34  87.400972  66.401086  4.113
 90    30.615 55357.22936947 24.54  87.413780  66.413548 23.632
 90    30.098 55357.22937012 20.98  87.410490  66.410468 23.632
 90    29.022 55357.22937076 19.71  87.407200  66.407388 23.632
 90    14.637 55357.22937141 23.46  87.403910  66.404308 23.632
 90    14.963 55357.22937205 27.29  87.400620  66.401228 23.632
 91    33.652 55392.22937141 17.76  87.421981  66.412641 22.372
 91    34.251 55392.22937205 14.38  87.418691  66.409561 22.372
 91    30.726 55392.22937270 12.37  87.415401  66.406481 22.372
 91    28.339 55392.22937334 13.60  87.412101  66.403401 22.372
 91    15.048 55392.22937399 14.79  87.408811  66.400321 22.372
 92    35.038 55427.22938579 17.28  87.416994  66.412592 25.276
 92    35.900 55427.22938643 14.36  87.413704  66.409502 25.276
 92    29.436 55427.22938708 11.31  87.410414  66.406422 25.276
 92    10.835 55427.22938772 14.89  87.407114  66.403342 25.276
 92     4.766 55427.22938837 20.44  87.403834  66.400262 25.276
 93    31.100 55462.22935070 22.60  87.411861  66.417234 20.230
 93    30.578 55462.22935134 18.59  87.408569  66.414153 17.648
 93    29.867 55462.22935199 17.37  87.405279  66.411073 17.648
 93    28.842 55462.22935263 17.01  87.401989  66.407993 17.648
 93    23.810 55462.22935328 16.99  87.398699  66.404913 17.648
 93    26.748 55462.22935392 15.60  87.395409  66.401823 17.648
