# NaN NaN NaN ;Mean Elev.(m), Avg Gradient(m/km), RMS Gradient(m/km) - SRTM1     
#   13.355   2.561  10.559 ;Mean Elev.(m), Avg Gradient(m/km), RMS Gradient(m/km) - ASTER GDEM
#    1.539   2.693  10.062 ;Mean Elev.(m), Avg Gradient(m/km), RMS Gradient(m/km) - GMTED2010 
  7    51.309 52452.22957193 11.88  87.243257  66.257206  6.841
  7    27.568 52452.22957258 13.94  87.240007  66.254126  6.841
  8    54.452 52487.22955181 11.08  87.254085  66.264211  6.959
  8    52.768 52487.22955246 10.70  87.250835  66.261121  6.959
  8    50.533 52487.22955310 13.51  87.247575  66.258041  6.959
  8    49.842 52487.22955375 15.53  87.244325  66.254951  6.959
  8    50.719 52487.22955439 14.26  87.241075  66.251871  6.959
  8    52.424 52487.22955504 11.17  87.237815  66.248791  6.959
  8    53.396 52487.22955568 10.34  87.234565  66.245701  6.959
 11     3.846 52592.22956980 28.47  87.245516  66.259225  8.055
 11     3.840 52592.22957044 29.21  87.242266  66.256145  8.055
 11     3.599 52592.22957109 28.96  87.239006  66.253055  8.055
 12     5.180 52627.22948286 15.50  87.292436  66.274725  4.301
 12     5.471 52627.22948350 16.29  87.289176  66.271645  4.301
 12     5.593 52627.22948415 16.39  87.285916  66.268565  4.301
 12     3.096 52627.22948479 17.39  87.282656  66.265485  4.301
 12     3.272 52627.22948544 16.95  87.279396  66.262395  4.301
 12     3.328 52627.22948608 16.74  87.276146  66.259315  4.301
 12     3.370 52627.22948673 17.91  87.272886  66.256235  4.301
 12     3.393 52627.22948737 18.14  87.269626  66.253145  4.301
 12     4.027 52627.22948802 17.86  87.266376  66.250065  4.301
 12     5.588 52627.22948866 17.19  87.263116  66.246985  4.301
 12     9.575 52627.22948931 15.85  87.259866  66.243895  4.301
 12     8.555 52627.22948995 16.47  87.256606  66.240815  4.301
 12     8.387 52627.22949060 15.81  87.253356  66.237727  3.211
 12     8.337 52627.22949124 15.81  87.250106  66.234647  3.211
 12    12.153 52627.22949189 15.10  87.246856  66.231567  3.211
 12    15.951 52627.22949253 14.50  87.243606  66.228477  3.211
 12    15.740 52627.22949317 15.11  87.240356  66.225397  3.211
 12    22.444 52627.22949382 13.81  87.237106  66.222317  3.211
 12    31.352 52627.22949446 13.03  87.233856  66.219227  3.211
 12    32.448 52627.22949511 12.16  87.230616  66.216147  3.211
 12    36.808 52627.22949575 12.46  87.227366  66.213067  3.211
 12    39.632 52627.22949640 12.94  87.224116  66.209977  3.211
 13    41.357 52662.22953208  6.14  87.253789  66.262907  5.093
 13    40.914 52662.22953273  5.95  87.250539  66.259817  5.093
 13    39.751 52662.22953337  5.29  87.247279  66.256737  5.093
 13    39.607 52662.22953402  4.70  87.244029  66.253657  5.093
 13    32.654 52662.22953466  6.84  87.240769  66.250567  5.093
 13    37.992 52662.22953530  6.33  87.237519  66.247487  5.093
 13    37.342 52662.22953595  6.08  87.234269  66.244407  5.093
 14     3.240 52697.22950488 12.59  87.294412  66.279717  3.478
 14     3.182 52697.22950553 12.56  87.291152  66.276627  3.478
 14     3.632 52697.22950617 12.44  87.287892  66.273547  3.478
 14     3.303 52697.22950682 13.21  87.284632  66.270467  3.478
 14     5.517 52697.22950746 12.70  87.281372  66.267377  3.478
 14     5.020 52697.22950811 13.96  87.278112  66.264297  3.478
 14     3.361 52697.22950875 13.90  87.274852  66.261217  3.478
 14     3.858 52697.22950940 14.26  87.271602  66.258137  3.478
 14     3.498 52697.22951004 14.27  87.268342  66.255047  3.478
 14     7.286 52697.22951069 13.81  87.265082  66.251967  3.478
 14     7.642 52697.22951133 13.87  87.261832  66.248877  3.478
 14     9.256 52697.22951197 13.13  87.258572  66.245797  3.478
 14     9.367 52697.22951262 13.55  87.255322  66.242717  3.478
 14    10.105 52697.22951326 13.15  87.252062  66.239637  3.478
 14    15.212 52697.22951391 12.81  87.248812  66.236547  3.478
 14    15.118 52697.22951455 12.80  87.245562  66.233467  3.478
 14    15.088 52697.22951520 13.22  87.242312  66.230377  3.478
 14    16.636 52697.22951584 12.75  87.239062  66.227297  3.478
 14    22.582 52697.22951649 12.53  87.235812  66.224217  3.478
 14    28.845 52697.22951713 11.67  87.232564  66.221132  3.717
 14    35.976 52697.22951778 10.90  87.229314  66.218052  3.717
 14    33.938 52697.22951842 10.96  87.226064  66.214962  3.717
 15    43.058 52732.22952993  5.82  87.273010  66.273850  3.773
 15    45.003 52732.22953058  4.02  87.269750  66.270770  3.773
 15     4.761 52732.22953122  7.84  87.266500  66.267690  3.773
 15     9.648 52732.22953187 10.54  87.263240  66.264600  3.773
 15     7.989 52732.22953251 10.67  87.259980  66.261520  3.773
 15     5.435 52732.22953316 11.33  87.256730  66.258430  3.773
 15     7.752 52732.22953380 10.62  87.253470  66.255350  3.773
 15     9.303 52732.22953445 10.21  87.250220  66.252270  3.773
 15    26.406 52732.22953509 10.67  87.246970  66.249180  3.773
 15    45.646 52732.22953573  4.69  87.243720  66.246100  3.773
 15    31.762 52732.22953638  7.28  87.240460  66.243020  3.773
 15    40.568 52732.22953702  5.33  87.237210  66.239930  3.773
 15    41.457 52732.22953767  5.82  87.233960  66.236850  3.773
 15    42.135 52732.22953831  5.56  87.230710  66.233770  3.773
 15    38.534 52732.22953896  7.00  87.227462  66.230682  4.125
 17    15.406 52802.22954653 26.56  87.290247  66.278899  4.687
 17    15.382 52802.22954717 26.60  87.286987  66.275809  4.687
 17    15.394 52802.22954782 26.86  87.283727  66.272729  4.687
 17    15.435 52802.22954846 27.09  87.280467  66.269649  4.687
 17    15.370 52802.22954911 27.07  87.277207  66.266569  4.687
 17    15.202 52802.22954975 27.70  87.273947  66.263479  4.687
 17    15.401 52802.22955040 26.53  87.270687  66.260399  4.687
 17    15.331 52802.22955104 26.53  87.267437  66.257319  4.687
 17    15.329 52802.22955169 26.31  87.264177  66.254229  4.687
 17    15.198 52802.22955233 25.95  87.260917  66.251149  4.687
 17    15.228 52802.22955298 24.95  87.257667  66.248069  4.687
 17    15.322 52802.22955362 23.50  87.254407  66.244979  4.687
 17    15.357 52802.22955427 22.81  87.251157  66.241899  4.687
 17    15.377 52802.22955491 22.21  87.247907  66.238820  9.914
 17    15.459 52802.22955556 21.73  87.244647  66.235730  9.914
 17    15.456 52802.22955620 20.95  87.241397  66.232650  9.914
 17    15.456 52802.22955684 20.47  87.238147  66.229560  9.914
 17    15.385 52802.22955749 20.23  87.234897  66.226480  9.914
 17    15.354 52802.22955813 20.14  87.231647  66.223400  9.914
 17    15.556 52802.22955878 20.14  87.228397  66.220310  9.914
 18     3.023 52837.22961257 30.71  87.282352  66.275725 15.644
 18     3.104 52837.22961321 32.00  87.279092  66.272645 15.644
 18     3.283 52837.22961386 32.93  87.275832  66.269555 15.644
 18     3.462 52837.22961450 33.86  87.272572  66.266475 15.644
 18     3.508 52837.22961515 35.63  87.269312  66.263395 15.644
 18     3.589 52837.22961579 36.66  87.266052  66.260305 15.644
 18     3.660 52837.22961644 40.74  87.262802  66.257225 15.644
 18     3.771 52837.22961708 41.60  87.259542  66.254145 15.644
 18     3.694 52837.22961773 41.33  87.256292  66.251055 15.644
 18     3.791 52837.22961837 40.58  87.253032  66.247975 15.644
 18     3.825 52837.22961902 41.71  87.249782  66.244895 15.644
 18     3.785 52837.22961966 39.85  87.246532  66.241805 15.644
 18     3.793 52837.22962030 38.51  87.243272  66.238725 15.644
 18     3.791 52837.22962095 35.92  87.240024  66.235643  5.812
 18     3.696 52837.22962159 32.90  87.236774  66.232553  5.812
 18     3.797 52837.22962224 30.01  87.233524  66.229473  5.812
 18     3.852 52837.22962288 29.09  87.230274  66.226393  5.812
 18     3.919 52837.22962353 28.91  87.227024  66.223303  5.812
 18     4.005 52837.22962417 30.39  87.223784  66.220223  5.812
 19     2.695 52872.22965390 39.84  87.272478  66.271909 19.947
 19     2.799 52872.22965455 35.53  87.269218  66.268829 19.947
 19     2.626 52872.22965519 37.37  87.265958  66.265749 19.947
 19     2.726 52872.22965584 39.14  87.262698  66.262669 19.947
 19     2.733 52872.22965648 43.03  87.259448  66.259579 19.947
 19     2.765 52872.22965712 44.58  87.256188  66.256499 19.947
 19     2.796 52872.22965777 44.55  87.252938  66.253419 19.947
 19     2.873 52872.22965841 45.63  87.249678  66.250329 19.947
 19     2.771 52872.22965906 45.59  87.246428  66.247249 19.947
 19     2.859 52872.22965970 43.99  87.243178  66.244159 19.947
 19     2.930 52872.22966035 41.09  87.239928  66.241079 19.947
 19     2.943 52872.22966099 39.99  87.236668  66.237999 19.947
 19     2.916 52872.22966164 37.82  87.233420  66.234913  9.158
 19     2.866 52872.22966228 35.37  87.230170  66.231823  9.158
 19     2.906 52872.22966293 33.99  87.226920  66.228743  9.158
 19     2.846 52872.22966357 33.21  87.223680  66.225663  9.158
 20     3.250 52907.22964546 40.74  87.256590  66.265163 15.383
 20     3.341 52907.22964611 40.30  87.253330  66.262073 15.383
 20     3.314 52907.22964675 42.97  87.250070  66.258993 15.383
 20     3.386 52907.22964739 42.66  87.246820  66.255913 15.383
 20     3.445 52907.22964804 43.15  87.243570  66.252823 15.383
 20     3.531 52907.22964868 41.58  87.240310  66.249743 15.383
 20     3.392 52907.22964933 43.06  87.237060  66.246653 15.383
 20     3.645 52907.22964997 42.76  87.233810  66.243573 15.383
 21     2.439 52942.22957042 45.01  87.294761  66.278791 36.495
 21     2.455 52942.22957106 44.21  87.291501  66.275711 36.495
 21     2.390 52942.22957171 40.48  87.288231  66.272621 36.495
 21     2.617 52942.22957235 40.30  87.284971  66.269541 36.495
 21     2.395 52942.22957300 42.27  87.281721  66.266461 36.495
 21     2.504 52942.22957364 37.88  87.278461  66.263371 36.495
 21     2.595 52942.22957429 40.18  87.275201  66.260291 36.495
 21     2.445 52942.22957493 37.66  87.271941  66.257211 36.495
 21     2.585 52942.22957558 40.18  87.268681  66.254131 36.495
 21     2.593 52942.22957622 43.02  87.265431  66.251041 36.495
 21     2.625 52942.22957687 46.17  87.262171  66.247961 36.495
 21     2.629 52942.22957751 44.54  87.258921  66.244871 36.495
 21     2.751 52942.22957816 43.88  87.255661  66.241791 36.495
 21     2.537 52942.22957880 40.18  87.252411  66.238711 36.495
 21     2.550 52942.22957945 39.29  87.249161  66.235621 36.495
 21     2.546 52942.22958009 37.42  87.245911  66.232541 36.495
 21     2.668 52942.22958073 37.97  87.242661  66.229461 36.495
 21     2.513 52942.22958138 44.52  87.239411  66.226371 36.495
 21     2.723 52942.22958202 39.51  87.236161  66.223291 36.495
 21     2.602 52942.22958267 39.76  87.232911  66.220211 36.495
 21     2.664 52942.22958331 33.72  87.229665  66.217123 13.142
 21     2.555 52942.22958396 36.45  87.226415  66.214043 13.142
 24     2.913 53047.22959399 25.81  87.280241  66.276098 14.759
 24     2.873 53047.22959463 27.42  87.276981  66.273008 14.759
 24     2.765 53047.22959528 27.24  87.273721  66.269928 14.759
 24     2.792 53047.22959592 27.31  87.270461  66.266848 14.759
 24     2.738 53047.22959657 27.47  87.267211  66.263758 14.759
 24     2.802 53047.22959721 27.06  87.263951  66.260678 14.759
 24     2.846 53047.22959786 26.06  87.260691  66.257598 14.759
 24     2.752 53047.22959850 27.28  87.257431  66.254518 14.759
 24     2.718 53047.22959914 26.60  87.254181  66.251428 14.759
 24     2.839 53047.22959979 24.21  87.250931  66.248348 14.759
 24     2.849 53047.22960043 23.40  87.247671  66.245268 14.759
 24     2.775 53047.22960108 23.66  87.244421  66.242178 14.759
 24     3.067 53047.22960172 22.75  87.241171  66.239098 14.759
 24     2.937 53047.22960237 23.55  87.237911  66.236008 14.759
 24     3.036 53047.22960301 22.82  87.234661  66.232928 14.759
 24     3.664 53047.22960366 23.06  87.231411  66.229848 14.759
 24     3.074 53047.22960430 24.04  87.228163  66.226763  7.377
 24     3.314 53047.22960495 24.06  87.224913  66.223673  7.377
 26    40.716 53117.22960005  9.89  87.272274  66.272445  5.218
 26    39.966 53117.22960069  9.47  87.269014  66.269365  5.218
 26    38.694 53117.22960133  9.14  87.265764  66.266275  5.218
 26    37.667 53117.22960198 10.72  87.262504  66.263195  5.218
 26    40.724 53117.22960262  6.35  87.259244  66.260115  5.218
 26    34.978 53117.22960327  7.97  87.255984  66.257035  5.218
 26    33.597 53117.22960391  6.91  87.252734  66.253945  5.218
 26    38.003 53117.22960456  6.13  87.249474  66.250865  5.218
 26    37.321 53117.22960520  6.45  87.246224  66.247785  5.218
 26    36.906 53117.22960585  6.93  87.242974  66.244695  5.218
 26    36.402 53117.22960649  6.30  87.239714  66.241615  5.218
 26    40.865 53117.22960714  6.67  87.236464  66.238525  5.218
 26    41.585 53117.22960778  6.84  87.233214  66.235445  5.218
 26    40.297 53117.22960843  7.49  87.229964  66.232365  5.218
 26    37.188 53117.22960907  8.41  87.226715  66.229279  6.787
 26    37.309 53117.22960972  8.63  87.223465  66.226189  6.787
 27    15.540 53152.22965087 46.58  87.256224  66.264892 29.251
 27    15.323 53152.22965152 49.48  87.252964  66.261812 29.251
 27    15.688 53152.22965216 45.99  87.249714  66.258722 29.251
 27    15.496 53152.22965280 45.15  87.246454  66.255642 29.251
 27    15.595 53152.22965345 46.21  87.243204  66.252562 29.251
 27    15.585 53152.22965409 47.99  87.239944  66.249472 29.251
 27    15.417 53152.22965474 50.19  87.236694  66.246392 29.251
 27    15.562 53152.22965538 51.42  87.233444  66.243312 29.251
 28     6.728 53187.22963780 18.44  87.268013  66.263703  8.399
 28     6.653 53187.22963844 18.43  87.264753  66.260613  8.399
 28     6.603 53187.22963908 17.92  87.261503  66.257533  8.399
 28     6.724 53187.22963973 18.12  87.258243  66.254453  8.399
 28     6.714 53187.22964037 19.03  87.254993  66.251373  8.399
 28     6.759 53187.22964102 17.36  87.251743  66.248283  8.399
 28     6.967 53187.22964166 16.71  87.248483  66.245203  8.399
 28     7.045 53187.22964231 16.35  87.245233  66.242113  8.399
 28     7.180 53187.22964295 16.15  87.241983  66.239033  8.399
 28     7.057 53187.22964360 16.00  87.238733  66.235953  8.399
 28     8.650 53187.22964424 14.92  87.235488  66.232866 13.471
 28    14.552 53187.22964489 13.98  87.232238  66.229786 13.471
 28    23.066 53187.22964553 13.12  87.228988  66.226696 13.471
 28    34.972 53187.22964618 12.00  87.225738  66.223616 13.471
 29    41.166 53222.22966075 10.37  87.254412  66.264444  5.950
 29    41.296 53222.22966139  7.57  87.251152  66.261364  5.950
 29    34.262 53222.22966204 11.22  87.247902  66.258274  5.950
 29    40.930 53222.22966268  7.60  87.244642  66.255194  5.950
 29    29.898 53222.22966333  8.21  87.241392  66.252104  5.950
 29    42.424 53222.22966397  8.08  87.238142  66.249024  5.950
 29    51.570 53222.22966462  6.25  87.234892  66.245944  5.950
 31    50.285 53292.22965230  5.93  87.270231  66.272017  5.387
 31    50.167 53292.22965294  4.49  87.266971  66.268927  5.387
 31    50.391 53292.22965359  3.84  87.263714  66.265847  5.014
 31    50.367 53292.22965423  3.60  87.260454  66.262767  5.014
 31    49.398 53292.22965488  3.63  87.257204  66.259687  5.014
 31    51.720 53292.22965552  3.05  87.253944  66.256597  5.014
 31    49.242 53292.22965616  4.15  87.250684  66.253517  5.014
 31    50.311 53292.22965681  4.09  87.247434  66.250437  5.014
 31    51.439 53292.22965745  4.86  87.244184  66.247347  5.014
 31    51.674 53292.22965810  5.45  87.240924  66.244267  5.014
 31    52.173 53292.22965874  5.51  87.237674  66.241187  5.014
 31    52.504 53292.22965939  5.82  87.234424  66.238097  5.014
 31    52.392 53292.22966003  6.93  87.231164  66.235017  5.014
 31    51.869 53292.22966068  8.55  87.227914  66.231937  5.014
 32    49.849 53327.22962728 11.63  87.263016  66.268741  4.184
 32    49.200 53327.22962792 10.68  87.259760  66.265656  3.637
 32    49.084 53327.22962857  9.79  87.256510  66.262576  3.637
 32    49.094 53327.22962921  8.47  87.253250  66.259496  3.637
 32    47.040 53327.22962985  8.71  87.250000  66.256406  3.637
 32    47.481 53327.22963050  7.23  87.246740  66.253326  3.637
 32    46.061 53327.22963114  8.10  87.243490  66.250246  3.637
 32    47.271 53327.22963179  7.80  87.240240  66.247156  3.637
 32    48.452 53327.22963243  7.54  87.236990  66.244076  3.637
 32    49.492 53327.22963308  8.30  87.233730  66.240996  3.637
 35    48.403 53432.22959809  3.62  87.243509  66.257332  3.239
 35    41.038 53432.22959873  3.32  87.240259  66.254252  3.239
 36    40.877 53467.22962837  8.68  87.283473  66.277146  4.005
 36    40.695 53467.22962901  6.48  87.280213  66.274066  4.005
 36    48.828 53467.22962966  6.31  87.276943  66.270986  4.005
 36    48.819 53467.22963030  4.68  87.273683  66.267896  4.005
 36    49.042 53467.22963095  4.42  87.270429  66.264817  2.932
 36    48.634 53467.22963159  3.07  87.267169  66.261737  2.932
 36    48.504 53467.22963224  2.79  87.263919  66.258657  2.932
 36    48.072 53467.22963288  3.26  87.260659  66.255567  2.932
 36    49.264 53467.22963353  2.11  87.257399  66.252487  2.932
 36    49.155 53467.22963417  2.66  87.254149  66.249407  2.932
 36    45.963 53467.22963482  3.33  87.250889  66.246317  2.932
 36    46.981 53467.22963546  3.99  87.247639  66.243237  2.932
 36    48.125 53467.22963611  3.94  87.244389  66.240157  2.932
 36    48.926 53467.22963675  3.57  87.241139  66.237067  2.932
 36    49.441 53467.22963740  3.89  87.237879  66.233987  2.932
 36    50.250 53467.22963804  4.97  87.234629  66.230897  2.932
 36    50.437 53467.22963868  5.78  87.231379  66.227817  2.932
 36    50.636 53467.22963933  6.50  87.228129  66.224737  2.932
 36    50.417 53467.22963997  6.62  87.224889  66.221647  2.932
 37     5.816 53502.22968486 14.71  87.248416  66.261283 13.828
 37     5.768 53502.22968551 17.66  87.245156  66.258193 13.828
 37     5.876 53502.22968615 16.53  87.241906  66.255113 13.828
 37     5.910 53502.22968680 15.25  87.238646  66.252033 13.828
 37     5.932 53502.22968744 15.00  87.235396  66.248943 13.828
 38     9.812 53537.22967675 41.76  87.255085  66.264157 14.058
 38     9.783 53537.22967739 42.74  87.251825  66.261077 14.058
 38     9.781 53537.22967804 43.90  87.248575  66.257987 14.058
 38     9.842 53537.22967868 44.18  87.245315  66.254907 14.058
 38     9.845 53537.22967933 42.58  87.242065  66.251827 14.058
 38     9.856 53537.22967997 42.73  87.238815  66.248737 14.058
 38     9.935 53537.22968062 43.67  87.235565  66.245657 14.058
 41    54.026 53642.22962833 11.39  87.278791  66.273574  9.689
 41    53.617 53642.22962898 10.95  87.275531  66.270494  9.689
 41    53.573 53642.22962962  9.73  87.272271  66.267404  9.689
 41    53.247 53642.22963027  9.32  87.269008  66.264324  4.103
 41    52.705 53642.22963091  8.20  87.265748  66.261244  4.103
 41    52.815 53642.22963156  8.20  87.262498  66.258154  4.103
 41    49.941 53642.22963220  8.74  87.259238  66.255074  4.103
 41    49.734 53642.22963285  9.20  87.255978  66.251994  4.103
 41    50.494 53642.22963349  9.54  87.252728  66.248904  4.103
 41    50.988 53642.22963414 11.01  87.249468  66.245824  4.103
 41    51.721 53642.22963478 10.23  87.246218  66.242744  4.103
 41    52.189 53642.22963543 10.77  87.242968  66.239664  4.103
 41    52.709 53642.22963607 11.37  87.239718  66.236574  4.103
 41    53.617 53642.22963672 11.97  87.236458  66.233494  4.103
 41    54.339 53642.22963736 13.38  87.233208  66.230404  4.103
 41    54.723 53642.22963800 12.41  87.229958  66.227324  4.103
 41    55.916 53642.22963865 11.92  87.226708  66.224244  4.103
 42     3.504 53677.22965063 49.39  87.247815  66.260276 21.651
 42     3.344 53677.22965127 49.20  87.244565  66.257186 21.651
 42     3.455 53677.22965192 48.30  87.241315  66.254106 21.651
 42     3.476 53677.22965256 48.19  87.238055  66.251026 21.651
 42     3.622 53677.22965321 46.55  87.234805  66.247936 21.651
 44    38.543 53747.22948671 11.80  87.297162  66.280507  3.673
 44    38.223 53747.22948736 12.11  87.293902  66.277427  3.673
 44     6.351 53747.22948800 12.02  87.290642  66.274337  3.673
 44     5.909 53747.22949058 13.14  87.277596  66.262009  2.655
 44     7.984 53747.22949123 13.11  87.274336  66.258929  2.655
 44     7.798 53747.22949187 12.85  87.271086  66.255839  2.655
 44     7.953 53747.22949252 12.35  87.267826  66.252759  2.655
 44     8.420 53747.22949316 12.22  87.264566  66.249679  2.655
 44     9.781 53747.22949381 11.80  87.261316  66.246589  2.655
 44    10.060 53747.22949445 11.88  87.258066  66.243509  2.655
 44    11.000 53747.22949510 11.72  87.254806  66.240429  2.655
 44    12.367 53747.22949574 12.01  87.251556  66.237339  2.655
 44    15.671 53747.22949638 11.70  87.248306  66.234259  2.655
 44    29.708 53747.22949703 11.76  87.245046  66.231179  2.655
 44    30.979 53747.22949767 11.58  87.241796  66.228089  2.655
 44    32.383 53747.22949832 10.91  87.238546  66.225009  2.655
 44    31.908 53747.22949896 10.50  87.235296  66.221929  2.655
 44    33.619 53747.22949961  9.88  87.232056  66.218839  2.655
 44    40.548 53747.22950025  9.75  87.228806  66.215759  2.655
 44    41.556 53747.22950090  9.81  87.225556  66.212679  2.655
 45    41.324 53782.22952017  7.47  87.267885  66.271575  3.829
 45    41.334 53782.22952081  6.81  87.264635  66.268495  3.829
 45    41.642 53782.22952146  6.51  87.261375  66.265405  3.829
 45    41.558 53782.22952210  5.17  87.258124  66.262319  3.113
 45    40.951 53782.22952275  5.96  87.254864  66.259239  3.113
 45    40.623 53782.22952339  5.17  87.251614  66.256159  3.113
 45    46.510 53782.22952404  4.84  87.248354  66.253069  3.113
 45    39.034 53782.22952468  6.32  87.245104  66.249989  3.113
 45    38.144 53782.22952533  6.32  87.241854  66.246909  3.113
 45    39.591 53782.22952597  6.32  87.238604  66.243819  3.113
 45    40.633 53782.22952662  6.17  87.235344  66.240739  3.113
 45    41.330 53782.22952726  7.00  87.232094  66.237659  3.113
 47    40.411 53852.22955795  8.94  87.272120  66.272276  4.722
 47    40.463 53852.22955860  6.07  87.268860  66.269196  4.722
 47    40.988 53852.22955924  3.82  87.265600  66.266106  4.722
 47    40.974 53852.22955989  3.87  87.262341  66.263024  2.899
 47    48.451 53852.22956053  2.56  87.259091  66.259944  2.899
 47    49.016 53852.22956118  2.48  87.255831  66.256864  2.899
 47    49.516 53852.22956182  1.75  87.252571  66.253774  2.899
 47    38.861 53852.22956247  3.27  87.249321  66.250694  2.899
 47    38.232 53852.22956311  3.51  87.246061  66.247614  2.899
 47    37.719 53852.22956375  3.97  87.242811  66.244524  2.899
 47    35.518 53852.22956440  4.22  87.239561  66.241444  2.899
 47    34.421 53852.22956504  5.37  87.236311  66.238364  2.899
 47    34.538 53852.22956569  5.83  87.233051  66.235274  2.899
 47    35.753 53852.22956633  6.03  87.229801  66.232194  2.899
 47    36.362 53852.22956698  6.15  87.226561  66.229104  2.899
 48    18.594 53887.22956316 50.37  87.279781  66.274708 21.211
 48    18.628 53887.22956381 52.31  87.276521  66.271618 21.211
 48    18.716 53887.22956445 51.13  87.273271  66.268538 21.211
 48    18.661 53887.22956510 50.51  87.270012  66.265453 41.392
 48    18.691 53887.22956574 50.78  87.266752  66.262373 41.392
 48    18.831 53887.22956639 50.50  87.263502  66.259293 41.392
 48    18.707 53887.22956703 50.74  87.260242  66.256203 41.392
 48    18.697 53887.22956767 50.37  87.256992  66.253123 41.392
 48    18.722 53887.22956832 51.22  87.253732  66.250043 41.392
 48    18.714 53887.22956896 51.58  87.250482  66.246953 41.392
 48    18.633 53887.22956961 50.88  87.247232  66.243873 41.392
 48    18.746 53887.22957025 50.75  87.243982  66.240793 41.392
 48    18.692 53887.22957090 51.70  87.240722  66.237703 41.392
 48    18.625 53887.22957154 50.89  87.237472  66.234623 41.392
 48    18.728 53887.22957219 51.57  87.234232  66.231533 41.392
 48    18.714 53887.22957283 51.86  87.230982  66.228453 41.392
 48    18.626 53887.22957348 51.63  87.227732  66.225373 41.392
 48    18.674 53887.22957412 50.09  87.224482  66.222283 41.392
 51     4.234 53992.22955144 37.25  87.298435  66.279428  7.794
 51     4.249 53992.22955208 35.50  87.295170  66.276345 18.056
 51     4.173 53992.22955273 36.16  87.291910  66.273255 18.056
 51     4.151 53992.22955337 35.30  87.288650  66.270175 18.056
 51     4.199 53992.22955402 37.30  87.285380  66.267095 18.056
 51     4.197 53992.22955466 36.54  87.282130  66.264015 18.056
 51     4.234 53992.22955531 36.73  87.278870  66.260925 18.056
 51     4.098 53992.22955595 35.78  87.275610  66.257845 18.056
 51     4.161 53992.22955660 35.51  87.272350  66.254765 18.056
 51     4.238 53992.22955724 37.46  87.269090  66.251675 18.056
 51     4.131 53992.22955789 36.64  87.265840  66.248595 18.056
 51     4.218 53992.22955853 36.97  87.262580  66.245515 18.056
 51     4.323 53992.22955917 37.41  87.259330  66.242425 18.056
 51     4.297 53992.22955982 37.22  87.256070  66.239345 18.056
 51     4.334 53992.22956046 38.13  87.252820  66.236265 18.056
 51     4.376 53992.22956111 36.64  87.249570  66.233175 18.056
 51     4.332 53992.22956175 36.50  87.246320  66.230095 18.056
 51     4.249 53992.22956240 35.36  87.243070  66.227015 18.056
 51     4.271 53992.22956304 33.65  87.239820  66.223925 18.056
 51     4.267 53992.22956369 32.91  87.236570  66.220845 18.056
 51     4.258 53992.22956433 31.80  87.233320  66.217765 18.056
 51     4.315 53992.22956498 30.45  87.230070  66.214678  5.841
 51     4.369 53992.22956562 31.89  87.226820  66.211598  5.841
 52     2.531 54027.22961575 38.36  87.284909  66.277217 12.050
 52     2.654 54027.22961640 40.15  87.281649  66.274127 12.050
 52     2.822 54027.22961704 37.95  87.278389  66.271047 12.050
 52     2.689 54027.22961769 38.76  87.275129  66.267967 12.050
 52     2.941 54027.22961833 39.09  87.271869  66.264877 12.050
 52     2.965 54027.22961898 42.04  87.268610  66.261796 18.754
 52     2.708 54027.22961962 36.25  87.265360  66.258716 18.754
 52     2.938 54027.22962027 35.60  87.262100  66.255636 18.754
 52     2.860 54027.22962091 34.40  87.258840  66.252546 18.754
 52     2.530 54027.22962155 32.73  87.255590  66.249466 18.754
 52     2.911 54027.22962220 31.80  87.252340  66.246386 18.754
 52     2.779 54027.22962284 33.56  87.249080  66.243296 18.754
 52     2.818 54027.22962349 33.38  87.245830  66.240216 18.754
 52     2.974 54027.22962413 33.39  87.242580  66.237126 18.754
 52     2.987 54027.22962478 34.59  87.239330  66.234046 18.754
 52     3.021 54027.22962542 33.18  87.236080  66.230966 18.754
 52     2.716 54027.22962607 35.15  87.232830  66.227876 18.754
 52     2.858 54027.22962671 32.77  87.229580  66.224796 18.754
 52     2.757 54027.22962736 33.78  87.226330  66.221716 18.754
 53    48.896 54062.22961088  7.61  87.269130  66.271773  4.027
 53    51.226 54062.22961152  4.96  87.265870  66.268693  4.027
 53    50.390 54062.22961217  3.86  87.262610  66.265603  4.027
 53    51.189 54062.22961281  4.31  87.259358  66.262518  3.354
 53    50.818 54062.22961346  3.86  87.256098  66.259438  3.354
 53    51.712 54062.22961410  3.13  87.252848  66.256358  3.354
 53    51.905 54062.22961474  4.13  87.249588  66.253268  3.354
 53    46.116 54062.22961539  5.15  87.246338  66.250188  3.354
 53    46.812 54062.22961603  4.68  87.243088  66.247108  3.354
 53    51.527 54062.22961668  5.64  87.239838  66.244018  3.354
 53    49.153 54062.22961732  5.56  87.236578  66.240938  3.354
 53    49.876 54062.22961797  5.86  87.233328  66.237858  3.354
 53    50.607 54062.22961861  7.78  87.230078  66.234768  3.354
 55    40.415 54132.22953124 10.12  87.286719  66.277718  5.055
 55    39.951 54132.22953189 11.09  87.283459  66.274628  5.055
 55    39.230 54132.22953253 11.23  87.280199  66.271548  5.055
 55    38.702 54132.22953318  9.42  87.276939  66.268468  5.055
 55    37.907 54132.22953382  8.83  87.273679  66.265378  5.055
 55    36.948 54132.22953447  6.93  87.270422  66.262297  2.811
 55    38.010 54132.22953511  5.61  87.267162  66.259217  2.811
 55    37.285 54132.22953576  5.23  87.263902  66.256137  2.811
 55    32.558 54132.22953640  6.37  87.260652  66.253047  2.811
 55    35.381 54132.22953705  6.37  87.257392  66.249967  2.811
 55    44.625 54132.22953769  5.82  87.254142  66.246887  2.811
 55    37.729 54132.22953834  5.91  87.250882  66.243797  2.811
 55    47.105 54132.22953898  5.82  87.247632  66.240717  2.811
 55    48.146 54132.22953962  5.36  87.244382  66.237637  2.811
 55    32.865 54132.22954027  7.23  87.241132  66.234547  2.811
 55    39.693 54132.22954091  7.21  87.237872  66.231467  2.811
 55    49.753 54132.22954156  7.79  87.234622  66.228377  2.811
 55    37.590 54132.22954220  8.09  87.231372  66.225297  2.811
 55    39.968 54132.22954285  7.88  87.228132  66.222217  2.811
 55    41.155 54132.22954349  9.08  87.224882  66.219127  2.811
 57     2.115 54202.22953559 22.35  87.278937  66.274367 12.102
 57     2.221 54202.22953624 21.74  87.275677  66.271277 12.102
 57     2.546 54202.22953688 21.90  87.272417  66.268197 12.102
 57     2.959 54202.22953753 21.64  87.269157  66.265117 12.102
 57     3.118 54202.22953817 22.59  87.265897  66.262037 12.102
 57     3.196 54202.22953882 24.89  87.262647  66.258947 12.102
 57     3.205 54202.22953946 26.67  87.259387  66.255867 12.102
 57     3.199 54202.22954011 26.93  87.256137  66.252787 12.102
 57     3.305 54202.22954075 26.43  87.252877  66.249697 12.102
 57     3.260 54202.22954140 26.00  87.249627  66.246617 12.102
 57     3.321 54202.22954204 25.45  87.246370  66.243538 12.914
 57     3.225 54202.22954269 25.66  87.243120  66.240448 12.914
 57     2.984 54202.22954333 25.16  87.239870  66.237368 12.914
 57     2.938 54202.22954397 25.15  87.236610  66.234278 12.914
 57     2.925 54202.22954462 24.67  87.233360  66.231198 12.914
 57     2.690 54202.22954526 24.20  87.230110  66.228118 12.914
 57     2.524 54202.22954591 23.22  87.226860  66.225028 12.914
 57     3.873 54202.22954655 23.05  87.223620  66.221948 12.914
 58    17.240 54237.22957169 20.60  87.270638  66.272274  5.232
 58    17.232 54237.22957233 20.88  87.267378  66.269184  5.232
 58    17.193 54237.22957298 20.72  87.264118  66.266104  5.232
 58    17.138 54237.22957362 21.36  87.260868  66.263024  5.232
 58    17.111 54237.22957427 22.45  87.257608  66.259944  5.232
 58    16.951 54237.22957491 21.47  87.254348  66.256854  5.232
 58    17.010 54237.22957556 21.84  87.251098  66.253774  5.232
 58    17.109 54237.22957620 22.01  87.247848  66.250684  5.232
 58    17.212 54237.22957685 22.37  87.244588  66.247604  5.232
 58    17.362 54237.22957749 23.34  87.241338  66.244524  5.232
 58    17.225 54237.22957814 23.65  87.238091  66.241439  6.397
 58    17.380 54237.22957878 24.80  87.234841  66.238359  6.397
 58    17.278 54237.22957943 25.78  87.231581  66.235269  6.397
 58    17.246 54237.22958007 25.50  87.228341  66.232189  6.397
 59    10.838 54272.22959246 43.64  87.260177  66.267029 16.525
 59    10.488 54272.22959311 41.11  87.256917  66.263949 16.525
 59    10.787 54272.22959375 32.59  87.253657  66.260869 16.525
 59    10.879 54272.22959440 27.93  87.250407  66.257779 16.525
 59    10.907 54272.22959504 23.28  87.247147  66.254699 16.525
 59    24.459 54272.22959568 23.46  87.243897  66.251609 16.525
 60     3.215 54307.22959386 34.51  87.267543  66.271147 12.512
 60     3.208 54307.22959451 35.62  87.264283  66.268057 12.512
 60     3.108 54307.22959515 35.54  87.261033  66.264977 12.512
 60     3.149 54307.22959580 36.67  87.257773  66.261897 12.512
 60     3.134 54307.22959644 38.11  87.254513  66.258807 12.512
 60     3.203 54307.22959709 41.11  87.251263  66.255727 12.512
 60     3.273 54307.22959773 44.58  87.248013  66.252647 12.512
 60     3.384 54307.22959837 45.87  87.244753  66.249557 12.512
 60     3.512 54307.22959902 47.04  87.241503  66.246477 12.512
 60     3.652 54307.22959966 47.56  87.238253  66.243394 15.245
 60     3.719 54307.22960031 48.04  87.235003  66.240304 15.245
 60     3.757 54307.22960095 51.91  87.231743  66.237224 15.245
 62    51.779 54377.22952825  6.44  87.274728  66.273729  7.324
 62    52.582 54377.22952889  6.11  87.271468  66.270649  7.324
 62    51.517 54377.22952954  4.78  87.268208  66.267569  7.324
 62    51.242 54377.22953018  3.19  87.264948  66.264479  7.324
 62    51.167 54377.22953083  4.10  87.261698  66.261399  7.324
 62    51.071 54377.22953147  3.92  87.258438  66.258319  7.324
 62    49.871 54377.22953212  4.35  87.255178  66.255229  7.324
 62    50.578 54377.22953276  4.12  87.251928  66.252149  7.324
 62    51.050 54377.22953341  4.87  87.248676  66.249071  9.525
 62    51.543 54377.22953405  6.01  87.245416  66.245981  9.525
 62    52.084 54377.22953470  7.45  87.242166  66.242901  9.525
 62    52.574 54377.22953534  7.19  87.238916  66.239811  9.525
 62    52.770 54377.22953599  5.51  87.235666  66.236731  9.525
 62    52.764 54377.22953663  5.70  87.232416  66.233651  9.525
 62    52.883 54377.22953728  6.41  87.229166  66.230561  9.525
 62    53.187 54377.22953792  6.67  87.225916  66.227481  9.525
 63     3.538 54412.22952292 47.77  87.254545  66.263460 17.233
 63     3.532 54412.22952357 47.39  87.251295  66.260380 17.233
 63     3.530 54412.22952421 49.38  87.248035  66.257290 17.233
 63     3.577 54412.22952486 48.33  87.244785  66.254210 17.233
 63     3.605 54412.22952550 46.65  87.241529  66.251129 19.269
 63     3.489 54412.22952614 49.86  87.238279  66.248039 19.269
 63     3.582 54412.22952679 47.21  87.235029  66.244959 19.269
 64     2.647 54447.22949271 22.94  87.283603  66.276519  6.566
 64     2.661 54447.22949336 23.28  87.280343  66.273429  6.566
 64     2.749 54447.22949400 23.47  87.277083  66.270349  6.566
 64     2.756 54447.22949465 23.17  87.273823  66.267269  6.566
 64     2.851 54447.22949529 22.83  87.270563  66.264179  6.566
 64     2.959 54447.22949594 22.90  87.267303  66.261099  6.566
 64     2.691 54447.22949658 23.00  87.264043  66.258019  6.566
 64     2.718 54447.22949723 22.62  87.260793  66.254929  6.566
 64     2.944 54447.22949787 22.76  87.257533  66.251849  6.566
 64     3.023 54447.22949852 21.31  87.254275  66.248763  4.609
 64     3.119 54447.22949916 22.09  87.251025  66.245683  4.609
 64     3.115 54447.22949981 21.53  87.247775  66.242603  4.609
 64     3.291 54447.22950045 21.19  87.244515  66.239513  4.609
 64     3.306 54447.22950110 20.61  87.241265  66.236433  4.609
 64     3.243 54447.22950174 20.51  87.238015  66.233353  4.609
 64     3.059 54447.22950238 20.98  87.234765  66.230263  4.609
 64     5.323 54447.22950303 20.00  87.231515  66.227183  4.609
 64     3.203 54447.22950367 20.18  87.228265  66.224103  4.609
 64     5.643 54447.22950432 19.23  87.225015  66.221013  4.609
 66    40.653 54517.22950652  9.99  87.284297  66.277533  7.042
 66    40.112 54517.22950716 10.19  87.281037  66.274443  7.042
 66    39.656 54517.22950781  9.42  87.277777  66.271363  7.042
 66    39.123 54517.22950845  7.36  87.274517  66.268283  7.042
 66    37.138 54517.22950910 10.65  87.271257  66.265203  7.042
 66    34.871 54517.22950974 11.14  87.267997  66.262113  7.042
 66    33.262 54517.22951039 11.63  87.264747  66.259033  7.042
 66    32.798 54517.22951103  9.82  87.261487  66.255953  7.042
 66    26.760 54517.22951232  9.93  87.254977  66.249783  7.042
 66    25.049 54517.22951297 10.52  87.251727  66.246703  7.042
 66    46.566 54517.22951361  8.88  87.248467  66.243613  7.042
 66    47.156 54517.22951426  7.02  87.245217  66.240533  7.042
 66    31.123 54517.22951490  9.11  87.241969  66.237453  5.254
 66    49.311 54517.22951554  6.98  87.238719  66.234363  5.254
 66    50.122 54517.22951619  6.88  87.235459  66.231283  5.254
 66    50.254 54517.22951683  7.15  87.232219  66.228203  5.254
 66    39.723 54517.22951748  7.79  87.228969  66.225113  5.254
 66    50.415 54517.22951812  8.08  87.225719  66.222033  5.254
 69    17.246 54622.22952313 22.42  87.259735  66.266978  7.031
 69    22.633 54622.22952378 22.12  87.256475  66.263888  7.031
 69    17.568 54622.22952442 21.34  87.253225  66.260808  7.031
 69    23.722 54622.22952507 21.29  87.249965  66.257728  7.031
 69    25.020 54622.22952571 20.88  87.246715  66.254648  7.031
 69    25.741 54622.22952636 20.10  87.243465  66.251558  7.031
 69    25.677 54622.22952700 20.04  87.240205  66.248478  7.031
 69    25.867 54622.22952765 19.37  87.236955  66.245388  7.031
 69    44.734 54622.22952829 19.35  87.233705  66.242308  7.031
 70     6.113 54657.22953345 27.54  87.255148  66.263544 11.545
 70     6.057 54657.22953409 24.25  87.251898  66.260464 11.545
 70     5.642 54657.22953474 24.97  87.248638  66.257384 11.545
 70     5.595 54657.22953538 25.37  87.245388  66.254304 11.545
 70     5.070 54657.22953603 26.71  87.242138  66.251214 11.545
 70     5.003 54657.22953667 26.27  87.238878  66.248134 11.545
 70     5.213 54657.22953731 26.67  87.235628  66.245044 11.545
 70     5.464 54657.22953796 26.95  87.232378  66.241964 11.545
 71     7.231 54692.22951708 22.07  87.250256  66.261721  8.998
 71     6.602 54692.22951772 19.16  87.247006  66.258631  8.998
 71    25.011 54692.22951837 16.40  87.243746  66.255551  8.998
 71     6.345 54692.22951901 16.55  87.240496  66.252471  8.998
 71     6.663 54692.22951966 15.32  87.237246  66.249381  8.998
 71    24.169 54692.22952030 15.14  87.233996  66.246301  8.998
 72    40.362 54727.22948290 15.43  87.280883  66.276096  4.853
 72    29.636 54727.22948354 13.66  87.277623  66.273006  4.853
 72     3.568 54727.22948419 13.80  87.274363  66.269926  4.853
 72     3.460 54727.22948483 14.58  87.271103  66.266846  4.853
 72     3.455 54727.22948612 15.08  87.264593  66.260676  4.853
 72    22.528 54727.22948677 15.15  87.261333  66.257596  4.853
 72     3.476 54727.22948741 15.79  87.258083  66.254506  4.853
 72    23.343 54727.22948805 16.08  87.254823  66.251426  4.853
 72     3.508 54727.22948870 14.82  87.251573  66.248346  4.853
 72    42.142 54727.22948934 13.80  87.248313  66.245256  4.853
 72     3.666 54727.22948999 14.30  87.245063  66.242176  4.853
 72    51.549 54727.22949128 13.33  87.238563  66.236006  4.853
 72    52.291 54727.22949192 10.25  87.235313  66.232926  4.853
 72    54.179 54727.22949257  7.76  87.232063  66.229846  4.853
 72    54.214 54727.22949321  8.68  87.228809  66.226759 19.481
 72    54.898 54727.22949386  8.78  87.225559  66.223679 19.481
 73     5.249 54762.22949379 14.46  87.256733  66.264701  6.902
 73     5.567 54762.22949508 14.41  87.250223  66.258531  6.902
 73     5.260 54762.22949572 15.03  87.246973  66.255451  6.902
 73    27.231 54762.22949766 14.16  87.237213  66.246201  6.902
 73     4.807 54762.22949830 15.58  87.233963  66.243111  6.902
 74     2.901 54797.22947637 23.21  87.283133  66.275405  9.124
 74     3.009 54797.22947702 23.99  87.279873  66.272325  9.124
 74     3.108 54797.22947766 23.61  87.276613  66.269245  9.124
 74     3.139 54797.22947831 22.70  87.273353  66.266165  9.124
 74     3.335 54797.22947895 23.54  87.270093  66.263075  9.124
 74     3.172 54797.22947960 23.50  87.266833  66.259995  9.124
 74     3.293 54797.22948024 23.41  87.263583  66.256915  9.124
 74     3.271 54797.22948089 24.12  87.260323  66.253825  9.124
 74     3.371 54797.22948153 24.57  87.257073  66.250745  9.124
 74     3.390 54797.22948218 25.13  87.253813  66.247665  9.124
 74     3.512 54797.22948282 25.61  87.250563  66.244575  9.124
 74     3.525 54797.22948347 29.14  87.247303  66.241495  9.124
 74     3.723 54797.22948411 27.46  87.244051  66.238417 12.287
 74     3.637 54797.22948475 28.28  87.240801  66.235327 12.287
 74     3.602 54797.22948540 26.14  87.237551  66.232247 12.287
 74     3.801 54797.22948604 41.42  87.234301  66.229157 12.287
 74     4.148 54797.22948669 35.69  87.231051  66.226077 12.287
 74     3.541 54797.22948733 33.16  87.227801  66.222997 12.287
 74     3.472 54797.22948798 25.77  87.224551  66.219907 12.287
 75    49.679 54832.22948303  6.58  87.257733  66.265426  5.293
 75    49.489 54832.22948367  4.91  87.254473  66.262346  5.293
 75    48.683 54832.22948432  4.79  87.251213  66.259256  5.293
 75    47.739 54832.22948496  4.01  87.247963  66.256176  5.293
 75    52.894 54832.22948561  3.79  87.244714  66.253095  3.826
 75    38.465 54832.22948625  5.45  87.241454  66.250005  3.826
 75    43.504 54832.22948690  4.96  87.238204  66.246925  3.826
 75    42.971 54832.22948754  4.61  87.234954  66.243845  3.826
 76    48.355 54867.22947200  5.51  87.282932  66.275597  3.630
 76    48.235 54867.22947264  7.14  87.279672  66.272517  3.630
 76    49.371 54867.22947328  4.99  87.276412  66.269437  3.630
 76    48.770 54867.22947393  4.79  87.273152  66.266357  3.630
 76    49.526 54867.22947457  4.10  87.269892  66.263267  3.630
 76    48.522 54867.22947522  3.24  87.266642  66.260187  3.630
 76    47.695 54867.22947586  4.00  87.263382  66.257107  3.630
 76    48.895 54867.22947651  4.13  87.260122  66.254017  3.630
 76    47.913 54867.22947715  2.92  87.256872  66.250937  3.630
 76    45.557 54867.22947780  4.25  87.253612  66.247857  3.630
 76    45.847 54867.22947844  5.34  87.250362  66.244767  3.630
 76    46.969 54867.22947909  6.04  87.247112  66.241687  3.630
 76    48.293 54867.22947973  5.20  87.243856  66.238608  2.870
 76    48.632 54867.22948038  5.89  87.240606  66.235518  2.870
 76    40.431 54867.22948102  7.28  87.237356  66.232438  2.870
 76    41.112 54867.22948167  7.97  87.234106  66.229358  2.870
 76    39.915 54867.22948231  8.47  87.230856  66.226268  2.870
 76    39.962 54867.22948295  8.73  87.227606  66.223188  2.870
 76    42.037 54867.22948360  8.90  87.224356  66.220098  2.870
 78    50.050 54937.22946268  3.02  87.273653  66.272253  2.672
 78    50.398 54937.22946332  2.19  87.270393  66.269173  2.672
 78    50.269 54937.22946396  2.29  87.267133  66.266083  2.672
 78    50.084 54937.22946461  2.04  87.263883  66.263003  2.672
 78    49.803 54937.22946525  3.10  87.260623  66.259923  2.672
 78    50.028 54937.22946590  2.79  87.257363  66.256843  2.672
 78    50.674 54937.22946654  2.21  87.254113  66.253753  2.672
 78    50.569 54937.22946719  2.54  87.250853  66.250673  2.672
 78    47.018 54937.22946783  3.59  87.247603  66.247583  2.672
 78    47.592 54937.22946848  4.81  87.244353  66.244503  2.672
 78    49.171 54937.22946912  4.16  87.241093  66.241423  2.672
 78    41.276 54937.22946977  3.93  87.237841  66.238338  2.651
 78    42.026 54937.22947041  4.14  87.234591  66.235258  2.651
 78    41.832 54937.22947106  4.31  87.231341  66.232168  2.651
 78    51.137 54937.22947170  5.13  87.228091  66.229088  2.651
 78    41.750 54937.22947235  5.64  87.224841  66.225998  2.651
 79     9.995 54972.22949590 36.92  87.267960  66.270709 15.960
 79    10.242 54972.22949655 23.99  87.264700  66.267629 15.960
 79    10.625 54972.22949719 23.35  87.261440  66.264549 15.960
 79    10.388 54972.22949784 26.35  87.258190  66.261459 15.960
 79    10.343 54972.22949848 26.38  87.254930  66.258379 15.960
 79    10.388 54972.22949912 25.38  87.251680  66.255299 15.960
 79    10.515 54972.22949977 25.27  87.248420  66.252209 15.960
 79    10.568 54972.22950041 26.40  87.245170  66.249129 15.960
 79    10.672 54972.22950106 24.39  87.241910  66.246039 15.960
 79    10.548 54972.22950170 29.17  87.238660  66.242959 15.960
 79    10.721 54972.22950235 31.86  87.235410  66.239879 15.960
 79    10.845 54972.22950299 30.48  87.232156  66.236793 10.666
 79    10.616 54972.22950364 23.48  87.228916  66.233703 10.666
 80    10.723 55007.22951546 32.84  87.251699  66.262201 17.940
 80    10.686 55007.22951610 34.83  87.248439  66.259121 17.940
 80    11.184 55007.22951675 37.15  87.245189  66.256041 17.940
 80    11.152 55007.22951739 41.82  87.241929  66.252961 17.940
 80    11.452 55007.22951804 43.33  87.238679  66.249871 17.940
 80     9.759 55007.22951868 47.65  87.235429  66.246791 17.940
 81    52.287 55042.22950265 11.73  87.263354  66.268339  6.129
 81    53.865 55042.22950330  5.70  87.260094  66.265259  6.129
 81    53.875 55042.22950394  3.24  87.256834  66.262179  6.129
 81    51.853 55042.22950459  3.99  87.253584  66.259089  6.129
 81    50.387 55042.22950523  4.74  87.250324  66.256009  6.129
 81    49.965 55042.22950588  5.36  87.247074  66.252929  6.129
 81    51.056 55042.22950652  5.57  87.243824  66.249839  6.129
 81    51.556 55042.22950716  5.29  87.240564  66.246759  6.129
 81    52.290 55042.22950781  5.63  87.237314  66.243669  6.129
 81    52.945 55042.22950845  5.36  87.234064  66.240589  6.129
 81    53.170 55042.22950910  6.24  87.230814  66.237509  6.129
 83     2.007 55112.22943387 26.55  87.275600  66.274292  7.642
 83     3.157 55112.22943452 26.05  87.272340  66.271202  7.642
 83     2.230 55112.22943516 26.11  87.269080  66.268122  7.642
 83     2.459 55112.22943581 24.41  87.265820  66.265042  7.642
 83     1.711 55112.22943645 23.87  87.262560  66.261952  7.642
 83     2.147 55112.22943709 23.07  87.259310  66.258872  7.642
 83     2.003 55112.22943774 21.81  87.256050  66.255792  7.642
 83     2.446 55112.22943838 19.94  87.252800  66.252712  7.642
 83     2.756 55112.22943903 19.35  87.249540  66.249622  7.642
 83     3.115 55112.22943967 18.00  87.246290  66.246542  7.642
 83     3.127 55112.22944032 17.72  87.243040  66.243452  7.642
 83     3.449 55112.22944096 16.09  87.239790  66.240372  7.642
 83     3.385 55112.22944161 15.35  87.236530  66.237292  7.642
 83     3.238 55112.22944225 15.19  87.233280  66.234209 12.066
 83    20.140 55112.22944290 14.43  87.230030  66.231119 12.066
 83    24.263 55112.22944354 13.93  87.226780  66.228039 12.066
 83    28.935 55112.22944419 13.52  87.223540  66.224959 12.066
 84     2.451 55147.22943802 23.51  87.254046  66.263175  6.046
 84     2.802 55147.22943866 20.29  87.250786  66.260085  6.046
 84     2.727 55147.22943931 20.51  87.247536  66.257005  6.046
 84     2.765 55147.22943995 20.44  87.244276  66.253925  6.046
 84     2.735 55147.22944060 20.57  87.241026  66.250835  6.046
 84     2.716 55147.22944124 21.27  87.237776  66.247755  6.046
 84     2.866 55147.22944189 22.04  87.234526  66.244675  6.046
 85     2.523 55182.22941250 17.26  87.286177  66.278408  3.839
 85     3.526 55182.22941314 15.86  87.282917  66.275328  3.839
 85     3.987 55182.22941379 15.62  87.279655  66.272241  3.313
 85     4.228 55182.22941443 16.49  87.276395  66.269161  3.313
 85     4.143 55182.22941508 16.76  87.273135  66.266081  3.313
 85     4.514 55182.22941572 15.97  87.269875  66.262991  3.313
 85     3.737 55182.22941637 16.06  87.266615  66.259911  3.313
 85     6.491 55182.22941701 16.12  87.263365  66.256831  3.313
 85     6.777 55182.22941766 15.93  87.260105  66.253741  3.313
 85     7.165 55182.22941830 16.55  87.256855  66.250661  3.313
 85     8.278 55182.22941894 15.51  87.253595  66.247581  3.313
 85     7.327 55182.22941959 16.21  87.250345  66.244491  3.313
 85    30.612 55182.22942152 15.43  87.240585  66.235241  3.313
 85    32.320 55182.22942217 14.28  87.237335  66.232161  3.313
 85    32.479 55182.22942281 14.83  87.234085  66.229071  3.313
 85    33.851 55182.22942346 14.08  87.230835  66.225991  3.313
 85    37.648 55182.22942410 13.49  87.227585  66.222911  3.313
 85    39.258 55182.22942475 12.93  87.224335  66.219821  3.313
 86     3.777 55217.22943407 12.39  87.251050  66.261958  3.467
 86     4.387 55217.22943472 12.78  87.247800  66.258878  3.467
 86    24.374 55217.22943536 13.13  87.244540  66.255788  3.467
 86    26.751 55217.22943601 13.47  87.241290  66.252708  3.467
 86    28.986 55217.22943665 13.54  87.238040  66.249628  3.467
 86    30.536 55217.22943730 12.72  87.234780  66.246538  3.467
 87    40.511 55252.22940954  7.06  87.281650  66.276179  4.973
 87    39.937 55252.22941019  7.75  87.278390  66.273099  4.973
 87    39.946 55252.22941083  6.32  87.275130  66.270019  4.973
 87    39.125 55252.22941148  5.56  87.271870  66.266929  4.973
 87    39.710 55252.22941212  5.32  87.268610  66.263849  4.973
 87    39.689 55252.22941277  4.77  87.265360  66.260769  4.973
 87    46.248 55252.22941341  4.75  87.262100  66.257689  4.973
 87    47.889 55252.22941406  4.64  87.258840  66.254599  4.973
 87    34.897 55252.22941470  5.62  87.255590  66.251519  4.973
 87    28.680 55252.22941535  7.77  87.252340  66.248439  4.973
 87    29.052 55252.22941599  7.34  87.249080  66.245349  4.973
 87    29.764 55252.22941664  8.16  87.245830  66.242269  4.973
 87    31.639 55252.22941728  7.75  87.242579  66.239189  3.670
 87    32.447 55252.22941793  9.47  87.239329  66.236099  3.670
 87    33.172 55252.22941857 10.61  87.236079  66.233019  3.670
 87    34.774 55252.22941921  9.75  87.232829  66.229929  3.670
 87    34.835 55252.22941986 10.10  87.229579  66.226849  3.670
 87    35.072 55252.22942050 11.03  87.226329  66.223769  3.670
 89     0.703 55322.22940079  9.22  87.256954  66.265480 11.237
 89     0.790 55322.22940143 11.89  87.253694  66.262390 11.237
 89     0.972 55322.22940208 11.60  87.250444  66.259310 11.237
 89     1.018 55322.22940272 11.16  87.247184  66.256230 11.237
 89     1.166 55322.22940336 10.75  87.243934  66.253140 11.237
 89     1.140 55322.22940401 10.18  87.240684  66.250060 11.237
 89     0.887 55322.22940465 10.73  87.237424  66.246980 11.237
 89     0.564 55322.22940530 11.96  87.234174  66.243890 11.237
 90    16.759 55357.22940106 43.97  87.253352  66.262545 23.203
 90    17.044 55357.22940171 44.58  87.250102  66.259455 23.203
 90    17.307 55357.22940235 43.32  87.246852  66.256375 23.203
 90    17.255 55357.22940300 43.67  87.243592  66.253295 23.203
 90    17.372 55357.22940364 42.63  87.240342  66.250205 23.203
 90    15.761 55357.22940429 46.91  87.237092  66.247125 23.203
 90    15.832 55357.22940493 47.91  87.233832  66.244035 23.203
 91     4.579 55392.22940042 25.34  87.274541  66.273976  8.930
 91     4.608 55392.22940106 26.70  87.271281  66.270886  8.930
 91     4.877 55392.22940171 27.59  87.268021  66.267806  8.930
 91     4.796 55392.22940235 28.72  87.264761  66.264716  8.930
 91     4.678 55392.22940300 30.54  87.261511  66.261636  8.930
 91     4.772 55392.22940364 32.32  87.258251  66.258556  8.930
 91     4.809 55392.22940429 30.87  87.254991  66.255476  8.930
 91     4.687 55392.22940493 31.95  87.251741  66.252386  8.930
 91     4.706 55392.22940558 30.20  87.248491  66.249306  8.930
 91     4.773 55392.22940622 29.31  87.245231  66.246216  8.930
 91     4.870 55392.22940686 26.59  87.241981  66.243136  8.930
 91     4.868 55392.22940751 26.23  87.238731  66.240056  8.930
 91     4.826 55392.22940815 24.65  87.235476  66.236973  6.106
 91     4.852 55392.22940880 24.70  87.232226  66.233883  6.106
 91     4.943 55392.22940944 23.61  87.228976  66.230803  6.106
 91     4.957 55392.22941009 23.86  87.225726  66.227723  6.106
 92     4.274 55427.22941609 24.52  87.263078  66.267745  9.587
 92     4.295 55427.22941673 24.03  87.259818  66.264655  9.587
 92     4.325 55427.22941738 25.02  87.256558  66.261575  9.587
 92     4.455 55427.22941802 24.33  87.253308  66.258485  9.587
 92     4.539 55427.22941867 24.66  87.250048  66.255405  9.587
 92     4.509 55427.22941931 24.67  87.246798  66.252325  9.587
 92     4.380 55427.22941996 25.31  87.243538  66.249235  9.587
 92     4.391 55427.22942060 23.68  87.240288  66.246155  9.587
 92     4.427 55427.22942124 23.22  87.237038  66.243075  9.587
 92     4.328 55427.22942189 22.90  87.233788  66.239985  9.587
 92     4.489 55427.22942253 22.57  87.230538  66.236905  9.587
