# NaN NaN NaN ;Mean Elev.(m), Avg Gradient(m/km), RMS Gradient(m/km) - SRTM1     
#  -21.956  -4.958  11.334 ;Mean Elev.(m), Avg Gradient(m/km), RMS Gradient(m/km) - ASTER GDEM
#    4.345  -3.186  12.686 ;Mean Elev.(m), Avg Gradient(m/km), RMS Gradient(m/km) - GMTED2010 
  9  87.934621  65.257169   408.082   407.695  7 52542.61985478  3.162
 14  87.929226  65.261144    15.639    15.272  8 52717.61988512  9.377
 16  87.928402  65.250299    84.246    84.457  6 52787.61985378  3.340
 19  87.935376  65.257936    64.445    69.487  7 52892.62000593  2.313
 20  87.948077  65.261180    94.630    96.521  3 52927.61995760  1.459
 26  87.933222  65.261703     9.063     8.875  9 53137.61994377 14.302
 27  87.930278  65.261080    83.485    82.123  9 53172.61998951  9.240
 28  87.932883  65.264341    36.015    35.095  4 53207.62000492 18.604
 30  87.933359  65.247287    72.176    72.269  4 53277.61994371  1.077
 37  87.940833  65.259432    70.568    72.037  6 53522.62000072 11.624
 39  87.938930  65.276692    21.410    21.229  6 53592.61996615 11.793
 40  87.926406  65.246118    69.230    70.090  6 53627.61995171  1.493
 41  87.939582  65.250746    89.792    89.792  2 53662.61997717  0.257
 47  87.930927  65.263052    10.028     8.991  9 53872.61990723 30.658
 48  87.936518  65.252258    77.082    75.598  4 53907.61994634  3.251
 49  87.929070  65.259200     9.089     8.863  9 53942.61997400 29.065
 50  87.933647  65.273081    33.559    32.592  6 53977.61992901 18.563
 58  87.937910  65.259998    91.032    90.993  6 54257.61992179  4.625
 59  87.934883  65.263685    20.549    20.743  9 54292.61992483 12.089
 61  87.951696  65.262427    87.540    87.686  3 54362.61986926  1.959
 68  87.933025  65.263930    19.819    19.763  9 54607.61985146 41.045
 69  87.940279  65.260119    85.236    84.230  5 54642.61985914  4.289
 72  87.936457  65.256762    82.120    81.389  5 54747.61982928  3.620
 78  87.931181  65.260136    11.116    11.120  9 54957.61982394 19.013
 79  87.932758  65.262776    87.762    89.327  9 54992.61984702  4.693
 80  87.937708  65.264853    21.234    21.230  9 55027.61983767 11.205
 81  87.929849  65.270761    27.692    27.305  3 55062.61983160  8.740
 82  87.951516  65.262608    92.497    89.803  3 55097.61977693  0.765
 83  87.926107  65.268189    27.732    27.732  2 55132.61977451 10.200
 88  87.942502  65.270965     9.842     8.473  9 55307.61973081 11.529
 90  87.943881  65.260830    93.277    94.351  4 55377.61972259  2.214
 92  87.943557  65.259703    92.149    93.450  4 55447.61973679  1.370
