# NaN NaN NaN ;Mean Elev.(m), Avg Gradient(m/km), RMS Gradient(m/km) - SRTM1     
#    3.058     NaN     NaN ;Mean Elev.(m), Avg Gradient(m/km), RMS Gradient(m/km) - ASTER GDEM
#    0.000  -0.021   2.058 ;Mean Elev.(m), Avg Gradient(m/km), RMS Gradient(m/km) - GMTED2010 
  7  83.058369  70.421073     1.367     1.496 11 52469.61699581 19.437
  8  83.064065  70.420172    -2.691    -2.631 11 52504.61698062 30.327
  9  83.052432  70.412616     1.781     1.654 11 52539.61696282 19.271
 10  83.054897  70.419069    -0.375    -0.371 12 52574.61700789 32.577
 11  83.065556  70.420831    -0.174    -0.180 10 52609.61696781 18.311
 12  83.055923  70.416439    -0.160    -0.215 12 52644.61695886 13.718
 15  83.062517  70.419850    -0.092    -0.120 11 52749.61700850  9.530
 16  83.050953  70.409843     1.059     1.008 12 52784.61694923 37.628
 17  83.050227  70.412826     2.190     2.379 12 52819.61702562 18.990
 18  83.055301  70.417782     0.178     0.154 11 52854.61707495 45.159
 20  83.067211  70.424886     1.571     1.645 11 52924.61706271 26.517
 21  83.054093  70.417930    -0.133    -0.120 12 52959.61702882 22.311
 22  83.054917  70.419971    -0.574    -0.576 11 52994.61706131 14.773
 23  83.069614  70.425459    -0.021    -0.189 10 53029.61702562 13.064
 24  83.057089  70.421478    -0.972    -1.042 11 53064.61703276 11.890
 25  83.066303  70.422917    -0.568    -0.587 10 53099.61704206 10.598
 26  83.058105  70.420710    -0.809    -0.839 11 53134.61703235 10.379
 29  83.067255  70.425625     1.148     1.285 11 53239.61707148 21.263
 31  83.054753  70.416835    -0.113    -0.102 11 53309.61708588 25.541
 32  83.065623  70.420789    -0.600    -0.613 10 53344.61705246 14.277
 33  83.050538  70.412296    -0.766    -0.808 12 53379.61699982 10.845
 34  83.063551  70.421597    -0.741    -0.702 11 53414.61702956 11.012
 35  83.050576  70.409582    -0.778    -0.718 12 53449.61702002 10.247
 37  83.062654  70.420947     2.027     2.091 10 53519.61710382 33.079
 38  83.055128  70.419578     2.071     1.728 12 53554.61712649 17.153
 39  83.067568  70.426121     1.261     1.627 11 53589.61707232 24.326
 40  83.040197  70.413860     1.378     0.965  8 53624.61704933 15.745
 41  83.055291  70.415114     1.115     1.500 12 53659.61707572 24.027
 42  83.064606  70.422248    -0.572    -0.587 10 53694.61705258 23.435
 43  83.071735  70.427372    -0.241    -0.209 10 53729.61697623 13.571
 44  83.056199  70.418673    -0.279    -0.357 12 53764.61693948 11.798
 45  83.068820  70.426012    -0.275    -0.287 10 53799.61694660 10.421
 46  83.054253  70.410843    -0.676    -0.661 12 53834.61694383  9.485
 47  83.054350  70.417802    -0.351    -0.378 12 53869.61700697  7.150
 48  83.056946  70.418546     3.158     3.145 12 53904.61704136 42.771
 49  83.052082  70.417130    -0.643    -0.901 12 53939.61707465 26.521
 50  83.065855  70.422831     0.099    -0.191 10 53974.61703453 25.333
 51  83.051368  70.412756     0.913     0.461 12 54009.61702800 23.675
 52  83.057419  70.420329    -0.653    -0.640 12 54044.61704796 24.205
 53  83.065282  70.422551     0.062    -0.086 10 54079.61704150 16.721
 54  83.070689  70.427344    -0.005     0.097 10 54114.61697801 14.049
 56  83.070331  70.426107    -0.106    -0.257 10 54184.61696821 11.842
 57  83.053053  70.417403     0.498     0.515 12 54219.61699724  6.515
 58  83.058246  70.420097     3.463     3.536 12 54254.61702183 35.713
 59  83.063806  70.419818     1.785     1.679 10 54289.61702439 16.598
 60  83.063365  70.420264     1.473     1.715 11 54324.61702201 17.543
 61  83.069763  70.427952     1.840     1.804 10 54359.61697770 16.372
 62  83.057072  70.420341    -0.127    -0.200 12 54394.61696228 40.223
 63  83.066449  70.424232     0.232     0.087 11 54429.61692724 15.964
 64  83.055209  70.418353    -0.145    -0.125 12 54464.61694145 12.803
 65  83.066698  70.421957    -0.416    -0.479 10 54499.61693786 10.442
 66  83.060651  70.420031    -0.527    -0.524 11 54534.61695597  9.705
 67  83.070110  70.425277    -0.472    -0.480 10 54569.61694178  9.397
 68  83.056313  70.420089     0.642     0.600 12 54604.61695061  6.684
 69  83.063250  70.419828     2.471     2.479 10 54639.61696048 18.974
 70  83.061734  70.419233     1.343     1.547 11 54674.61696299 17.758
 71  83.069300  70.424533    -0.208    -0.320 11 54709.61692093 32.839
 72  83.055730  70.419853     0.145    -0.227 12 54744.61692998 28.281
 73  83.064698  70.421571    -0.624    -0.649 10 54779.61690399 24.205
 74  83.055605  70.417425    -0.296    -0.286 11 54814.61692291 14.097
 76  83.056180  70.419004    -0.155    -0.157 12 54884.61692672 11.015
 77  83.069446  70.426246    -0.389    -0.365 11 54919.61690555 10.652
 78  83.056019  70.418072     0.222     0.216 11 54954.61692172  8.520
 79  83.056479  70.419173     3.187     3.156 12 54989.61694561 47.256
 80  83.064219  70.422087     1.854     1.596 10 55024.61693738 16.007
 81  83.062369  70.420367     0.233    -0.064 11 55059.61693166 47.051
 82  83.068496  70.427040    -0.471    -0.506 11 55094.61688523 31.760
 83  83.057214  70.419840    -0.797    -0.771 12 55129.61687317 37.284
 84  83.065303  70.421502    -0.384    -0.420 11 55164.61684610 16.870
 85  83.055331  70.418755    -0.511    -0.563 12 55199.61686477 14.150
 86  83.066675  70.424226    -0.318    -0.164 11 55234.61685177 18.852
 87  83.058417  70.420585    -0.321    -0.128 11 55269.61685954 14.125
 88  83.070600  70.426684    -0.079    -0.046 11 55304.61683286 10.527
 89  83.059493  70.421091     0.222     0.256 11 55339.61683172 14.736
 90  83.064279  70.421571     2.179     2.008 10 55374.61682340 17.729
 91  83.057124  70.419765     0.632     1.217 11 55409.61684501 24.838
 92  83.063795  70.420462     0.776     1.184 10 55444.61684017 30.334
 93  83.073329  70.427488     0.210     0.132 11 55479.61677713 31.990
