# NaN NaN NaN ;Mean Elev.(m), Avg Gradient(m/km), RMS Gradient(m/km) - SRTM1     
#  -15.986  -0.609   9.100 ;Mean Elev.(m), Avg Gradient(m/km), RMS Gradient(m/km) - ASTER GDEM
#   14.003  -0.471   5.548 ;Mean Elev.(m), Avg Gradient(m/km), RMS Gradient(m/km) - GMTED2010 
  7    45.952 52459.62551032  5.52  87.360218  63.543503  4.675
  7    36.955 52459.62551097  9.19  87.357518  63.546633  4.675
  7    39.123 52459.62551161  6.42  87.354808  63.549763  4.675
  7    21.295 52459.62551226  8.95  87.352111  63.552886 19.674
  7    15.055 52459.62551355 17.70  87.346701  63.559146 19.674
  7    15.076 52459.62551419 18.57  87.344001  63.562276 19.674
  7    15.120 52459.62551483 19.59  87.341291  63.565406 19.674
  9    45.188 52529.62548111 21.04  87.352407  63.532422 13.916
  9    43.900 52529.62548176 19.11  87.349697  63.535552 13.916
  9    42.382 52529.62548240 18.85  87.346997  63.538682 13.916
  9    40.469 52529.62548305 17.11  87.344297  63.541812 13.916
  9    38.685 52529.62548369 16.46  87.341587  63.544942 13.916
  9    36.499 52529.62548434 17.25  87.338887  63.548062 13.916
  9    33.664 52529.62548498 18.83  87.336177  63.551192 13.916
 10    14.367 52564.62550329 47.62  87.359926  63.542574 13.082
 10    14.314 52564.62550393 41.55  87.357216  63.545704 13.082
 10    14.256 52564.62550458 42.66  87.354516  63.548834 15.868
 10    14.140 52564.62550522 33.75  87.351816  63.551954 15.868
 10    13.819 52564.62550587 27.70  87.349106  63.555084 15.868
 10    13.739 52564.62550651 25.09  87.346406  63.558214 15.868
 10    13.785 52564.62550716 23.12  87.343696  63.561344 15.868
 10    19.201 52564.62550780 23.45  87.340986  63.564474 15.868
 11    14.257 52599.62553059 28.83  87.359416  63.540028  9.865
 11    14.456 52599.62553123 26.08  87.356716  63.543158  9.865
 11    14.407 52599.62553188 25.29  87.354016  63.546288  9.865
 11    14.234 52599.62553252 26.46  87.351316  63.549418  9.865
 11    14.552 52599.62553317 35.20  87.348606  63.552548  9.865
 11    15.013 52599.62553381 26.10  87.345906  63.555668  9.865
 11    14.053 52599.62553446 22.87  87.343206  63.558798  9.865
 11    13.949 52599.62553510 22.87  87.340496  63.561928  9.865
 12    16.145 52634.62548422 19.84  87.354966  63.534447  3.849
 12    16.548 52634.62548487 14.08  87.352256  63.537577  3.849
 12    16.348 52634.62548551 14.52  87.349556  63.540707  3.849
 12    16.316 52634.62548616 15.08  87.346850  63.543837  3.748
 12    16.453 52634.62548680 15.12  87.344150  63.546957  3.748
 12    16.655 52634.62548744 15.33  87.341450  63.550087  3.748
 12    16.916 52634.62548809 15.92  87.338740  63.553217  3.748
 12    17.113 52634.62548873 15.61  87.336040  63.556347  3.748
 13    16.104 52669.62549782 13.99  87.353309  63.548121  3.955
 13    17.227 52669.62549846 12.73  87.350609  63.551251  3.955
 13    16.142 52669.62549911 13.11  87.347909  63.554381  3.955
 13    16.320 52669.62549975 12.94  87.345199  63.557511  3.955
 13    19.298 52669.62550040 12.72  87.342501  63.560641  3.055
 13    19.905 52669.62550104 12.62  87.339791  63.563761  3.055
 14    44.582 52704.62548228  8.42  87.358466  63.537424  3.734
 14    15.571 52704.62548422 15.00  87.350359  63.546815  3.759
 14    15.446 52704.62548486 14.71  87.347649  63.549935  3.759
 14    15.454 52704.62548550 15.24  87.344949  63.553065  3.759
 14    15.734 52704.62548615 14.15  87.342249  63.556195  3.759
 14    19.038 52704.62548679 13.79  87.339539  63.559325  3.759
 15    42.393 52739.62551969 11.60  87.360607  63.544560  3.682
 15    40.274 52739.62552033 11.90  87.357907  63.547690  3.682
 15    38.391 52739.62552098 12.63  87.355207  63.550810  3.682
 15    36.371 52739.62552162 13.08  87.352507  63.553940  3.682
 15    35.060 52739.62552227 12.49  87.349797  63.557070  3.682
 15    31.302 52739.62552291 12.32  87.347097  63.560200  3.682
 15    31.637 52739.62552356 11.90  87.344387  63.563330  3.682
 15    27.757 52739.62552420 11.35  87.341687  63.566450  3.682
 16    38.955 52774.62546998 22.88  87.367328  63.552508 13.790
 16    43.425 52774.62547062 20.82  87.364628  63.555638 13.790
 16    43.128 52774.62547127 20.80  87.361918  63.558758 13.790
 16    43.279 52774.62547191 19.90  87.359218  63.561888 13.790
 16    19.433 52774.62547256 22.33  87.356518  63.565018 13.790
 16    20.174 52774.62547320 22.06  87.353814  63.568151 18.999
 16    20.827 52774.62547385 22.96  87.351104  63.571271 18.999
 16    19.955 52774.62547449 24.15  87.348404  63.574401 18.999
 16    20.398 52774.62547514 25.27  87.345694  63.577531 18.999
 16    19.952 52774.62547578 25.25  87.342994  63.580661 18.999
 17    37.716 52809.62553968 10.29  87.354454  63.532076  6.573
 17    37.384 52809.62554032 11.72  87.351754  63.535206  6.573
 17    36.640 52809.62554097 14.11  87.349054  63.538336  6.573
 17    36.111 52809.62554161 14.32  87.346354  63.541466  6.573
 17    22.432 52809.62554226 14.12  87.343649  63.544597 21.210
 17    22.493 52809.62554290 14.82  87.340939  63.547717 21.210
 17    22.805 52809.62554355 14.53  87.338239  63.550847 21.210
 17    22.145 52809.62554419 18.05  87.335539  63.553977 21.210
 18    13.644 52844.62559647 14.12  87.355748  63.533696  4.416
 18    13.471 52844.62559711 15.46  87.353048  63.536826  4.416
 18    14.411 52844.62559776 16.66  87.350348  63.539956  4.416
 18    13.210 52844.62559840 18.13  87.347638  63.543086  4.416
 18    13.338 52844.62559905 19.63  87.344939  63.546216 30.761
 18    13.459 52844.62559969 22.57  87.342239  63.549336 30.761
 18    13.538 52844.62560034 25.74  87.339529  63.552466 30.761
 18    13.690 52844.62560098 27.34  87.336829  63.555596 30.761
 19    13.936 52879.62563521 11.37  87.356823  63.539071  4.517
 19    13.877 52879.62563585 12.39  87.354123  63.542201  4.517
 19    13.771 52879.62563650 14.18  87.351423  63.545331  4.517
 19    13.940 52879.62563714 14.92  87.348716  63.548454 27.650
 19    13.875 52879.62563779 17.66  87.346016  63.551584 27.650
 19    13.802 52879.62563843 20.71  87.343316  63.554714 27.650
 19    13.926 52879.62563907 21.94  87.340606  63.557844 27.650
 19    14.225 52879.62563972 23.27  87.337906  63.560974 27.650
 20    12.568 52914.62559541 27.16  87.363015  63.553590 11.112
 20    12.850 52914.62559605 26.46  87.360315  63.556720 11.112
 20    13.333 52914.62559670 24.88  87.357605  63.559850 11.112
 20    13.434 52914.62559734 25.29  87.354905  63.562980 11.112
 20    13.691 52914.62559799 26.10  87.352195  63.566110 11.112
 20    13.846 52914.62559863 26.39  87.349495  63.569230 11.112
 20    13.969 52914.62559928 26.82  87.346785  63.572360 11.112
 20    14.093 52914.62559992 27.65  87.344085  63.575490 11.112
 21    12.940 52949.62555124 40.29  87.355174  63.534581 10.293
 21    12.797 52949.62555189 44.19  87.352474  63.537711 10.293
 21    12.659 52949.62555253 47.18  87.349770  63.540840 20.973
 21    12.812 52949.62555318 46.54  87.347060  63.543960 20.973
 21    13.212 52949.62555382 45.47  87.344360  63.547090 20.973
 21    12.753 52949.62555447 48.87  87.341660  63.550220 20.973
 21    12.855 52949.62555511 47.30  87.338950  63.553350 20.973
 21    12.683 52949.62555576 37.16  87.336240  63.556480 20.973
 22    14.534 52984.62558058 14.65  87.355120  63.549438  5.541
 22    14.721 52984.62558122 14.42  87.352420  63.552568  5.541
 22    14.651 52984.62558186 14.33  87.349710  63.555698  5.541
 22    14.720 52984.62558251 14.56  87.347010  63.558818  5.541
 22    14.758 52984.62558315 14.36  87.344310  63.561948  5.541
 22    15.036 52984.62558380 14.01  87.341600  63.565078  5.541
 23    40.081 53019.62557145 11.34  87.363095  63.547392  4.449
 23    38.991 53019.62557209 11.31  87.360395  63.550522  4.449
 23    36.089 53019.62557274 11.76  87.357685  63.553652  4.449
 23    35.082 53019.62557338 12.40  87.354985  63.556782  4.449
 23    16.045 53019.62557403 12.72  87.352285  63.559912  4.449
 23    18.377 53019.62557467 12.99  87.349575  63.563032  4.449
 23    19.245 53019.62557532 12.96  87.346875  63.566162  4.449
 23    20.461 53019.62557596 12.66  87.344165  63.569292  4.449
 24    44.100 53054.62555526  7.92  87.359024  63.538260  4.294
 24    15.552 53054.62555720 12.49  87.350914  63.547640  4.294
 24    15.433 53054.62555784 13.28  87.348204  63.550770  4.294
 24    18.379 53054.62555849 12.45  87.345504  63.553900  4.294
 24    19.322 53054.62555913 12.71  87.342794  63.557030  4.294
 24    19.720 53054.62555977 12.66  87.340094  63.560160  4.294
 25    15.309 53089.62559485 18.17  87.354336  63.549855  6.320
 25    15.291 53089.62559549 17.85  87.351636  63.552985  6.320
 25    15.392 53089.62559613 17.10  87.348936  63.556115  6.320
 25    15.160 53089.62559678 16.62  87.346226  63.559245  6.320
 25    15.306 53089.62559742 15.80  87.343525  63.562367  3.892
 25    15.360 53089.62559807 14.89  87.340825  63.565497  3.892
 26    46.456 53124.62556301  6.79  87.355642  63.537970  2.656
 26    44.350 53124.62556365  7.80  87.352932  63.541100  2.656
 26    42.037 53124.62556430  8.52  87.350232  63.544220  2.656
 26    41.613 53124.62556494  8.87  87.347532  63.547350  2.656
 26    39.562 53124.62556559  9.72  87.344822  63.550480  2.656
 26    36.531 53124.62556623  9.72  87.342122  63.553610  2.656
 26    36.680 53124.62556688  9.31  87.339412  63.556740  2.656
 27    45.800 53159.62562202 26.87  87.356536  63.533855  9.636
 27    43.170 53159.62562266 28.14  87.353836  63.536985  9.636
 27    41.702 53159.62562330 27.21  87.351136  63.540115  9.636
 27    25.585 53159.62562395 27.72  87.348436  63.543235  9.636
 27    25.690 53159.62562459 30.11  87.345736  63.546365  9.636
 27    26.015 53159.62562524 30.80  87.343026  63.549495  9.636
 27    26.259 53159.62562588 30.12  87.340323  63.552618 32.638
 27    26.364 53159.62562653 30.03  87.337623  63.555748 32.638
 28    15.209 53194.62561905 27.70  87.362547  63.542567  5.156
 28    15.110 53194.62561970 28.28  87.359847  63.545697  5.156
 28    15.073 53194.62562034 28.43  87.357147  63.548822 14.012
 28    14.889 53194.62562099 29.52  87.354447  63.551952 14.012
 28    14.728 53194.62562163 28.46  87.351737  63.555082 14.012
 28    14.460 53194.62562228 28.35  87.349037  63.558212 14.012
 28    14.387 53194.62562292 27.97  87.346327  63.561342 14.012
 28    14.143 53194.62562357 28.36  87.343627  63.564462 14.012
 28    14.243 53194.62562421 27.63  87.340917  63.567592 14.012
 29    15.207 53229.62560982 46.49  87.364313  63.545237 13.795
 29    14.959 53229.62561046 36.40  87.361603  63.548367 13.795
 29    13.684 53229.62561110 19.23  87.358903  63.551497 13.795
 29    13.644 53229.62561175 18.85  87.356203  63.554627 13.795
 29    13.531 53229.62561239 19.32  87.353503  63.557747 13.795
 29    13.850 53229.62561304 18.43  87.350793  63.560877 13.795
 29    13.897 53229.62561368 20.77  87.348093  63.564007 13.795
 29    14.010 53229.62561433 21.91  87.345383  63.567137 13.795
 29    17.849 53229.62561497 21.29  87.342676  63.570266 28.270
 30    39.096 53264.62558204 22.96  87.364624  63.549921 11.079
 30    38.139 53264.62558269 17.86  87.361924  63.553051 11.079
 30    37.125 53264.62558333 14.60  87.359224  63.556181 11.079
 30    35.747 53264.62558398 12.43  87.356514  63.559311 11.079
 30    34.267 53264.62558462 12.28  87.353814  63.562441 11.079
 30    31.759 53264.62558527 13.98  87.351114  63.565561 11.079
 30    29.136 53264.62558591 14.19  87.348404  63.568691 11.079
 30    17.556 53264.62558655 17.65  87.345704  63.571821 11.079
 30    17.044 53264.62558720 19.72  87.343000  63.574953 22.498
 32    14.199 53334.62559760 39.40  87.356359  63.546241 12.680
 32    13.912 53334.62559824 41.81  87.353649  63.549361 12.680
 32    14.470 53334.62559889 40.36  87.350949  63.552491 12.680
 32    14.081 53334.62559953 41.65  87.348249  63.555621 12.680
 32    14.827 53334.62560017 39.15  87.345539  63.558751 12.680
 32    14.363 53334.62560082 42.05  87.342836  63.561881 10.619
 32    14.291 53334.62560146 36.34  87.340136  63.565001 10.619
 33    15.859 53369.62553858 21.83  87.366419  63.552081  7.779
 33    16.064 53369.62553923 24.99  87.363719  63.555211  7.779
 33    15.877 53369.62553987 25.84  87.361019  63.558331  7.779
 33    16.111 53369.62554052 23.72  87.358309  63.561461  7.779
 33    16.149 53369.62554116 23.82  87.355609  63.564591  7.779
 33    16.409 53369.62554181 23.32  87.352909  63.567714  6.387
 33    16.399 53369.62554245 23.35  87.350199  63.570844  6.387
 33    16.468 53369.62554310 23.03  87.347499  63.573974  6.387
 33    16.255 53369.62554374 22.80  87.344789  63.577104  6.387
 34    16.519 53404.62557020 18.85  87.351556  63.545912  5.635
 34    16.406 53404.62557085 18.72  87.348856  63.549042  5.635
 34    16.511 53404.62557149 19.55  87.346146  63.552172  5.635
 34    16.448 53404.62557214 19.45  87.343446  63.555302  5.635
 34    16.388 53404.62557278 19.20  87.340736  63.558432  5.635
 34    16.417 53404.62557342 18.59  87.338037  63.561559  3.524
 35    16.232 53439.62555791 13.22  87.365473  63.548487  4.030
 35    16.133 53439.62555855 13.91  87.362773  63.551617  4.030
 35    16.220 53439.62555920 14.00  87.360073  63.554737  4.030
 35    16.374 53439.62555984 14.01  87.357373  63.557867  4.030
 35    16.648 53439.62556048 14.06  87.354663  63.560997  4.030
 35    17.307 53439.62556113 12.75  87.351959  63.564120  2.754
 35    18.476 53439.62556177 12.95  87.349259  63.567250  2.754
 35    17.497 53439.62556242 13.08  87.346549  63.570380  2.754
 35    19.838 53439.62556306 12.83  87.343849  63.573510  2.754
 36    47.469 53474.62561716  5.79  87.355099  63.534990  2.894
 36    45.872 53474.62561780  6.32  87.352399  63.538120  2.894
 36    42.674 53474.62561845  7.63  87.349699  63.541240  2.894
 36    40.727 53474.62561909  9.21  87.346989  63.544370  2.894
 36    38.686 53474.62561974 10.69  87.344289  63.547500  2.894
 36    38.290 53474.62562038  9.03  87.341589  63.550630  2.894
 36    35.528 53474.62562103  9.71  87.338886  63.553759  2.228
 36    36.013 53474.62562167  8.95  87.336176  63.556889  2.228
 37    26.556 53509.62563649 50.38  87.359535  63.540260 21.708
 37    26.550 53509.62563714 49.83  87.356835  63.543390 21.708
 37    26.650 53509.62563778 52.10  87.354125  63.546520 21.708
 37    26.609 53509.62563843 45.73  87.351425  63.549640 21.708
 37    26.783 53509.62563907 50.03  87.348725  63.552770 21.708
 37    26.757 53509.62563972 49.09  87.346015  63.555900 21.708
 37    26.900 53509.62564036 49.36  87.343315  63.559030 21.708
 37    26.223 53509.62564101 43.99  87.340605  63.562151 36.563
 38    43.758 53544.62565166  7.00  87.358796  63.540855  4.337
 38    45.539 53544.62565231  7.13  87.356096  63.543985  4.337
 38    45.790 53544.62565295  7.33  87.353396  63.547105  4.337
 38    45.119 53544.62565360  7.43  87.350696  63.550235  4.337
 38    37.821 53544.62565424  8.77  87.347986  63.553365  4.337
 38    21.637 53544.62565489 10.57  87.345285  63.556489 21.103
 38    19.996 53544.62565553 14.25  87.342585  63.559619 21.103
 38    19.924 53544.62565618 17.52  87.339875  63.562749 21.103
 39    14.858 53579.62563061 13.01  87.363355  63.543877  4.354
 39    14.501 53579.62563125 14.30  87.360655  63.547007  4.354
 39    14.332 53579.62563190 14.48  87.357955  63.550137  4.354
 39    14.231 53579.62563254 15.93  87.355245  63.553267  4.354
 39    14.458 53579.62563319 15.74  87.352545  63.556387  4.354
 39    14.199 53579.62563383 16.57  87.349845  63.559517  4.354
 39    14.319 53579.62563448 19.75  87.347135  63.562647  4.354
 39    14.344 53579.62563512 21.97  87.344433  63.565769 26.374
 39    14.452 53579.62563577 22.53  87.341733  63.568899 26.374
 40    14.114 53614.62558542 41.85  87.363389  63.548163 13.331
 40    13.678 53614.62558606 31.68  87.360689  63.551293 13.331
 40    13.542 53614.62558671 31.64  87.357989  63.554413 13.331
 40    13.761 53614.62558735 34.81  87.355289  63.557543 13.331
 40    13.867 53614.62558800 38.35  87.352579  63.560673 13.331
 40    13.790 53614.62558864 46.91  87.349879  63.563798 26.057
 40    13.858 53614.62558929 47.81  87.347179  63.566928 26.057
 40    13.854 53614.62558993 50.95  87.344469  63.570058 26.057
 41    38.522 53649.62559169 20.31  87.358941  63.537301  8.365
 41    42.544 53649.62559233 15.83  87.356241  63.540431  8.365
 41    39.641 53649.62559298 14.19  87.353531  63.543551  8.365
 41    39.341 53649.62559362 12.81  87.350831  63.546681  8.365
 41    12.723 53649.62559556 22.96  87.342718  63.556070 16.879
 41    12.413 53649.62559620 21.59  87.340018  63.559190 16.879
 43    38.110 53719.62553295 13.13  87.365778  63.550920  4.738
 43    16.216 53719.62553359 12.80  87.363078  63.554040  4.738
 43    16.605 53719.62553424 12.54  87.360368  63.557170  4.738
 43    17.597 53719.62553488 12.10  87.357668  63.560300  4.738
 43    18.406 53719.62553553 11.80  87.354968  63.563430  4.738
 43    19.627 53719.62553617 11.94  87.352265  63.566562  2.937
 43    20.179 53719.62553682 12.79  87.349555  63.569682  2.937
 43    21.730 53719.62553746 12.21  87.346855  63.572812  2.937
 43    21.192 53719.62553811 13.48  87.344145  63.575942  2.937
 44    17.126 53754.62545493 13.75  87.356230  63.542834  4.813
 44    17.145 53754.62545557 14.63  87.353530  63.545954  4.813
 44    17.241 53754.62545622 15.03  87.350830  63.549084  4.813
 44    18.653 53754.62545686 12.45  87.348120  63.552214  4.813
 44    19.259 53754.62545751 13.03  87.345420  63.555344  4.813
 44    19.560 53754.62545815 13.03  87.342710  63.558474  4.813
 44    22.567 53754.62545880 12.35  87.339999  63.561599  3.328
 45    40.939 53789.62548553  9.76  87.362388  63.546965  3.657
 45    38.874 53789.62548617 10.04  87.359678  63.550085  3.657
 45    37.070 53789.62548682 10.65  87.356978  63.553215  3.657
 45    35.410 53789.62548746 10.58  87.354278  63.556345  3.657
 45    33.195 53789.62548811 10.87  87.351578  63.559475  3.657
 45    31.735 53789.62548875 11.01  87.348868  63.562606  2.866
 45    20.529 53789.62548939 10.83  87.346168  63.565726  2.866
 45    21.135 53789.62549004 11.13  87.343458  63.568856  2.866
 46    46.436 53824.62543917  4.08  87.356004  63.533451  2.837
 46    44.682 53824.62543981  4.82  87.353304  63.536581  2.837
 46    37.190 53824.62544046  9.09  87.350594  63.539711  2.837
 46    35.597 53824.62544110 10.80  87.347892  63.542840  3.656
 46    18.241 53824.62544174 11.75  87.345192  63.545960  3.656
 46    19.872 53824.62544239 11.17  87.342482  63.549090  3.656
 46    20.235 53824.62544303 10.86  87.339782  63.552220  3.656
 46    20.440 53824.62544368 11.07  87.337072  63.555350  3.656
 47    47.365 53859.62553305  0.84  87.355300  63.536264  4.642
 47    45.910 53859.62553369  1.46  87.352600  63.539384  4.642
 47    45.145 53859.62553434  1.50  87.349900  63.542514  4.642
 47    42.262 53859.62553498  2.61  87.347190  63.545644  4.642
 47    38.701 53859.62553563  4.13  87.344490  63.548774  4.642
 47    18.423 53859.62553627  7.53  87.341790  63.551904  4.642
 47    16.737 53859.62553692  9.98  87.339080  63.555024  4.642
 47    16.935 53859.62553756  8.35  87.336380  63.558154  4.642
 48    46.181 53894.62555100 19.80  87.358916  63.540772  8.642
 48    37.820 53894.62555164 21.81  87.356206  63.543902  8.642
 48    22.693 53894.62555228 22.47  87.353506  63.547032  8.642
 48    22.995 53894.62555293 23.66  87.350806  63.550152  8.642
 48    23.043 53894.62555357 25.15  87.348096  63.553282  8.642
 48    23.279 53894.62555422 26.57  87.345396  63.556412  8.642
 48    23.600 53894.62555486 27.69  87.342696  63.559542  8.642
 48    23.845 53894.62555551 26.85  87.339986  63.562671 29.853
 49    15.310 53929.62560498 44.29  87.355193  63.535485 19.992
 49    15.283 53929.62560562 44.32  87.352493  63.538605 19.992
 49    15.392 53929.62560627 46.45  87.349793  63.541735 19.992
 49    15.284 53929.62560691 45.79  87.347093  63.544865 19.992
 49    15.177 53929.62560755 48.56  87.344383  63.547995 19.992
 49    15.267 53929.62560820 48.11  87.341683  63.551125 19.992
 49    15.168 53929.62560884 49.75  87.338983  63.554255 19.992
 49    15.285 53929.62560949 47.44  87.336273  63.557375 19.992
 50    39.207 53964.62558471  8.32  87.360971  63.539200  9.548
 50    38.660 53964.62558535  8.66  87.358271  63.542330  9.548
 50    37.290 53964.62558600 11.90  87.355571  63.545450  9.548
 50    14.429 53964.62558729 14.67  87.350171  63.551710  9.548
 50    14.639 53964.62558793 17.71  87.347461  63.554840  9.548
 50    14.854 53964.62558857 18.19  87.344761  63.557970  9.548
 50    14.914 53964.62558922 20.69  87.342051  63.561090  9.548
 50    14.810 53964.62558986 22.03  87.339351  63.564220  9.548
 51    47.751 53999.62553787  6.20  87.352624  63.531429  7.563
 51    46.330 53999.62553851  5.63  87.349924  63.534549  7.563
 51    44.277 53999.62553916  5.96  87.347224  63.537679  7.563
 51    20.732 53999.62554109 12.19  87.339104  63.547069  7.563
 51    20.563 53999.62554174 12.80  87.336404  63.550189  7.563
 52    13.647 54034.62558389 44.60  87.360352  63.538363 18.780
 52    13.677 54034.62558453 45.92  87.357652  63.541493 18.780
 52    14.131 54034.62558518 43.47  87.354942  63.544623 18.780
 52    13.539 54034.62558582 43.17  87.352242  63.547743 18.780
 52    13.553 54034.62558647 42.49  87.349542  63.550873 18.780
 52    13.352 54034.62558711 47.55  87.346832  63.554003 18.780
 52    13.406 54034.62558775 47.17  87.344132  63.557133 18.780
 52    13.427 54034.62558840 49.32  87.341428  63.560262 13.272
 52    13.466 54034.62558904 39.35  87.338718  63.563392 13.272
 53    42.766 54069.62557900 11.30  87.360554  63.544532  3.683
 53    40.896 54069.62557965 12.14  87.357854  63.547662  3.683
 53    37.488 54069.62558029 13.30  87.355144  63.550792  3.683
 53    35.139 54069.62558093 13.55  87.352444  63.553922  3.683
 53    18.433 54069.62558158 13.12  87.349744  63.557052  3.683
 53    31.629 54069.62558222 12.84  87.347034  63.560172  3.683
 53    22.869 54069.62558287 12.48  87.344334  63.563302  3.683
 53    21.083 54069.62558351 12.93  87.341624  63.566432  3.683
 54    42.662 54104.62553525 10.28  87.365595  63.549249  3.475
 54    42.408 54104.62553589  9.37  87.362895  63.552379  3.475
 54    40.782 54104.62553654 10.44  87.360195  63.555509  3.475
 54    35.637 54104.62553718 10.64  87.357485  63.558639  3.475
 54    34.205 54104.62553783 10.39  87.354785  63.561769  3.475
 54    30.037 54104.62553847 10.74  87.352085  63.564889  3.475
 54    23.918 54104.62553912 11.39  87.349375  63.568019  3.475
 54    21.769 54104.62553976 11.76  87.346675  63.571149  3.475
 54    21.503 54104.62554041 12.81  87.343965  63.574279  3.475
 55    46.527 54139.62550876  5.43  87.358046  63.535849  3.168
 55    43.873 54139.62550941  7.98  87.355346  63.538969  3.168
 55    41.974 54139.62551005  9.28  87.352646  63.542099  3.168
 55    40.345 54139.62551070  9.57  87.349936  63.545229  3.168
 55    37.480 54139.62551134 10.63  87.347236  63.548359  3.168
 55    36.494 54139.62551199 10.55  87.344536  63.551489  3.168
 55    33.869 54139.62551263 10.48  87.341826  63.554609  3.168
 55    30.347 54139.62551328 10.60  87.339126  63.557739  3.168
 56    42.619 54174.62551386  8.26  87.363551  63.545130  3.224
 56    41.085 54174.62551451  9.09  87.360851  63.548260  3.224
 56    39.871 54174.62551515  8.67  87.358151  63.551390  3.224
 56    37.137 54174.62551580  8.58  87.355441  63.554520  3.224
 56    35.049 54174.62551644  8.69  87.352741  63.557640  3.224
 56    31.358 54174.62551709  8.91  87.350041  63.560770  3.224
 56    31.503 54174.62551773  9.28  87.347331  63.563900  3.224
 56    22.309 54174.62551838  9.80  87.344631  63.567030  3.224
 56    24.395 54174.62551902  9.53  87.341927  63.570160  2.427
 57    17.749 54209.62551523 19.12  87.356693  63.536397 20.149
 57    17.437 54209.62551587 20.95  87.353993  63.539527 20.149
 57    17.308 54209.62551652 21.35  87.351283  63.542657 20.149
 57    17.131 54209.62551716 24.55  87.348583  63.545777 20.149
 57    17.395 54209.62551781 24.49  87.345883  63.548907 20.149
 57    17.540 54209.62551845 26.89  87.343173  63.552037 20.149
 57    17.569 54209.62551909 29.84  87.340473  63.555167 20.149
 57    17.750 54209.62551974 31.65  87.337773  63.558297 20.149
 58    45.108 54244.62554676 24.36  87.360182  63.539726  9.304
 58    42.573 54244.62554741 24.09  87.357482  63.542856  9.304
 58    43.384 54244.62554805 21.86  87.354772  63.545986  9.304
 58    38.554 54244.62554869 22.14  87.352072  63.549106  9.304
 58    36.126 54244.62554934 24.09  87.349372  63.552236  9.304
 58    34.210 54244.62554998 25.11  87.346662  63.555366  9.304
 58    23.387 54244.62555063 26.39  87.343962  63.558496  9.304
 58    23.444 54244.62555127 28.63  87.341252  63.561626  9.304
 59    16.770 54279.62555895 32.25  87.358825  63.541702  5.957
 59    16.657 54279.62555959 32.93  87.356115  63.544832  5.957
 59    16.526 54279.62556024 32.86  87.353415  63.547962  5.957
 59    16.672 54279.62556088 32.15  87.350715  63.551082  5.957
 59    16.551 54279.62556153 32.31  87.348015  63.554212  5.957
 59    16.588 54279.62556217 31.49  87.345305  63.557342  5.957
 59    16.684 54279.62556282 30.82  87.342605  63.560472  5.957
 59    16.594 54279.62556346 31.59  87.339895  63.563602  5.957
 60    40.197 54314.62555858  5.71  87.362719  63.542920  6.427
 60    40.094 54314.62555923  4.11  87.360019  63.546050  6.427
 60    40.207 54314.62555987  3.31  87.357309  63.549180  6.427
 60    40.127 54314.62556052  3.02  87.354609  63.552310  6.427
 60    14.305 54314.62556245 18.52  87.346499  63.561690  6.427
 60    14.321 54314.62556310 20.69  87.343789  63.564820  6.427
 60    14.670 54314.62556374 19.91  87.341088  63.567949 20.929
 61    39.471 54349.62552844 18.45  87.365674  63.546097  7.469
 61    39.089 54349.62552909 14.26  87.362974  63.549227  7.469
 61    38.029 54349.62552973 12.36  87.360274  63.552357  7.469
 61    36.950 54349.62553038 11.82  87.357564  63.555487  7.469
 61    35.325 54349.62553102 12.63  87.354864  63.558617  7.469
 61    33.064 54349.62553167 13.31  87.352164  63.561737  7.469
 61    30.986 54349.62553231 15.22  87.349454  63.564867  7.469
 61    15.169 54349.62553296 15.44  87.346754  63.567997  7.469
 61    17.847 54349.62553360 17.87  87.344051  63.571119 19.222
 62    38.907 54384.62549590 19.95  87.359819  63.537275  8.770
 62    38.686 54384.62549655 19.96  87.357119  63.540405  8.770
 62    38.221 54384.62549719 18.70  87.354419  63.543525  8.770
 62    37.575 54384.62549784 15.65  87.351719  63.546655  8.770
 62    36.852 54384.62549848 14.33  87.349009  63.549785  8.770
 62    35.682 54384.62549913 14.06  87.346309  63.552915  8.770
 62    34.139 54384.62549977 14.62  87.343599  63.556045  8.770
 62    15.422 54384.62550042 15.60  87.340899  63.559165  8.770
 62    15.267 54384.62550106 17.71  87.338189  63.562295  8.770
 63    13.345 54419.62547776 40.43  87.364047  63.544721 22.041
 63    13.173 54419.62547841 43.85  87.361347  63.547841 22.041
 63    13.713 54419.62547905 42.53  87.358647  63.550971 22.041
 63    13.426 54419.62547970 38.62  87.355947  63.554101 22.041
 63    13.203 54419.62548034 42.34  87.353237  63.557231 22.041
 63    13.249 54419.62548099 47.37  87.350537  63.560361 22.041
 63    13.474 54419.62548163 40.41  87.347827  63.563481 22.041
 63    13.188 54419.62548227 41.00  87.345127  63.566611 22.041
 63    13.126 54419.62548292 37.25  87.342427  63.569741 22.041
 64    37.318 54454.62546677 17.61  87.355598  63.534060  4.700
 64    36.653 54454.62546742 17.65  87.352898  63.537190  4.700
 64    16.104 54454.62546806 18.33  87.350198  63.540310  4.700
 64    15.910 54454.62546870 18.84  87.347498  63.543440  4.700
 64    15.987 54454.62546935 18.98  87.344788  63.546570  4.700
 64    15.895 54454.62546999 19.62  87.342088  63.549700  4.700
 64    15.979 54454.62547064 18.53  87.339378  63.552830  4.700
 64    15.933 54454.62547128 17.73  87.336678  63.555950  4.700
 65    15.946 54489.62547794 15.71  87.360446  63.546815  5.811
 65    15.895 54489.62547858 15.67  87.357746  63.549945  5.811
 65    15.767 54489.62547923 15.46  87.355046  63.553065  5.811
 65    15.574 54489.62547987 16.04  87.352346  63.556195  5.811
 65    15.605 54489.62548052 14.31  87.349636  63.559325  5.811
 65    19.069 54489.62548116 13.63  87.346936  63.562455  5.811
 65    19.975 54489.62548181 13.30  87.344226  63.565585  5.811
 65    20.736 54489.62548245 13.59  87.341526  63.568705  5.811
 66    39.260 54524.62548066 10.09  87.358376  63.539773  3.410
 66    16.214 54524.62548195 14.07  87.352973  63.546034  4.272
 66    16.125 54524.62548260 14.32  87.350273  63.549154  4.272
 66    16.137 54524.62548324 13.95  87.347573  63.552284  4.272
 66    16.177 54524.62548389 14.27  87.344863  63.555414  4.272
 66    16.308 54524.62548453 14.13  87.342163  63.558544  4.272
 66    19.509 54524.62548518 13.21  87.339453  63.561664  4.272
 67    41.186 54559.62548717  9.50  87.362379  63.547024  3.152
 67    39.749 54559.62548781  9.19  87.359679  63.550154  3.152
 67    37.856 54559.62548846  9.50  87.356979  63.553284  3.152
 67    36.314 54559.62548910  9.36  87.354272  63.556408  2.579
 67    34.632 54559.62548975  8.85  87.351572  63.559538  2.579
 67    32.820 54559.62549039  8.49  87.348872  63.562668  2.579
 67    31.754 54559.62549104  9.01  87.346162  63.565798  2.579
 67    27.174 54559.62549168  8.85  87.343462  63.568928  2.579
 68    17.507 54594.62547717 21.13  87.358950  63.541707 10.564
 68    17.225 54594.62547781 23.77  87.356250  63.544837 10.564
 68    17.174 54594.62547846 18.43  87.353550  63.547962 24.482
 68    16.949 54594.62547910 20.90  87.350850  63.551092 24.482
 68    17.285 54594.62547975 19.20  87.348140  63.554222 24.482
 68    17.328 54594.62548039 18.03  87.345440  63.557352 24.482
 68    17.421 54594.62548104 19.58  87.342730  63.560482 24.482
 68    17.343 54594.62548168 24.60  87.340030  63.563602 24.482
 69    43.429 54629.62549106 21.37  87.361068  63.540219  7.436
 69    43.677 54629.62549170 20.40  87.358368  63.543349  7.436
 69    41.711 54629.62549235 19.72  87.355658  63.546479  7.436
 69    37.047 54629.62549299 22.36  87.352957  63.549613 19.772
 69    20.440 54629.62549364 23.05  87.350257  63.552733 19.772
 69    20.664 54629.62549428 22.44  87.347547  63.555863 19.772
 69    20.919 54629.62549493 22.79  87.344847  63.558993 19.772
 69    21.121 54629.62549557 23.31  87.342137  63.562123 19.772
 69    21.301 54629.62549622 24.48  87.339437  63.565253 19.772
 70    14.784 54664.62549751 35.64  87.360169  63.537849  6.008
 70    14.553 54664.62549815 36.28  87.357459  63.540979  6.008
 70    14.418 54664.62549880 38.05  87.354759  63.544109  6.008
 70    14.476 54664.62549944 38.36  87.352059  63.547239  6.008
 70    14.374 54664.62550009 38.99  87.349360  63.550362 15.597
 70    14.474 54664.62550073 39.52  87.346650  63.553492 15.597
 70    14.509 54664.62550138 37.87  87.343950  63.556622 15.597
 70    14.632 54664.62550202 39.86  87.341240  63.559752 15.597
 70    14.589 54664.62550266 42.89  87.338540  63.562882 15.597
 71    38.800 54699.62547078 17.19  87.364591  63.548939  9.317
 71    37.848 54699.62547142 16.39  87.361891  63.552059  9.317
 71    13.884 54699.62547207 17.57  87.359191  63.555189  9.317
 71    14.118 54699.62547271 18.26  87.356481  63.558319  9.317
 71    14.402 54699.62547336 17.51  87.353780  63.561444 18.306
 71    14.481 54699.62547400 18.25  87.351080  63.564574 18.306
 71    14.570 54699.62547464 17.84  87.348370  63.567704 18.306
 71    18.394 54699.62547529 17.40  87.345670  63.570834 18.306
 71    17.930 54699.62547593 19.52  87.342960  63.573964 18.306
 72    38.240 54734.62545590 10.77  87.355116  63.536976  6.038
 72    37.476 54734.62545654 12.47  87.352416  63.540106  6.038
 72    36.744 54734.62545719 13.86  87.349716  63.543236  6.038
 72    15.460 54734.62545848 12.88  87.344301  63.549487 19.728
 72    15.483 54734.62545912 15.22  87.341601  63.552617 19.728
 72    15.555 54734.62545977 16.09  87.338901  63.555747 19.728
 73    39.029 54769.62545012 19.74  87.360762  63.545313  8.496
 73    38.109 54769.62545076 19.38  87.358062  63.548433  8.496
 73    37.196 54769.62545141 17.61  87.355362  63.551563  8.496
 73    36.184 54769.62545205 13.49  87.352652  63.554693  8.496
 73    34.609 54769.62545270 14.73  87.349950  63.557824  8.892
 73    32.922 54769.62545334 13.01  87.347250  63.560944  8.892
 73    19.117 54769.62545399 15.82  87.344540  63.564074  8.892
 73    20.680 54769.62545463 15.36  87.341840  63.567204  8.892
 74    43.382 54804.62544948  9.74  87.355618  63.535925  3.743
 74    38.214 54804.62545013  9.60  87.352918  63.539055  3.743
 74    37.329 54804.62545077 12.20  87.350218  63.542185  3.743
 74    36.466 54804.62545142 12.60  87.347520  63.545315  4.945
 74    35.699 54804.62545206 12.19  87.344810  63.548435  4.945
 74    34.616 54804.62545271 13.14  87.342110  63.551565  4.945
 74    31.675 54804.62545335 13.18  87.339400  63.554695  4.945
 74    23.266 54804.62545399 13.27  87.336700  63.557825  4.945
 75    40.566 54839.62544401  8.73  87.360910  63.541711  3.270
 75    40.932 54839.62544465  9.41  87.358210  63.544841  3.270
 75    39.630 54839.62544530 10.48  87.355510  63.547971  3.270
 75    37.795 54839.62544594 10.18  87.352800  63.551101  3.270
 75    34.921 54839.62544659 10.98  87.350102  63.554234  4.906
 75    32.763 54839.62544723 11.30  87.347392  63.557354  4.906
 75    20.107 54839.62544788 11.78  87.344692  63.560484  4.906
 75    20.045 54839.62544852 14.39  87.341992  63.563614  4.906
 76    45.112 54874.62544974  5.46  87.358756  63.536808  2.851
 76    43.118 54874.62545038  7.95  87.356056  63.539938  2.851
 76    41.538 54874.62545103  8.55  87.353354  63.543070  4.265
 76    39.158 54874.62545167  9.77  87.350644  63.546190  4.265
 76    35.512 54874.62545232 10.73  87.347944  63.549320  4.265
 76    19.379 54874.62545296 12.60  87.345244  63.552450  4.265
 76    20.274 54874.62545361 11.99  87.342534  63.555580  4.265
 76    20.474 54874.62545425 12.71  87.339834  63.558710  4.265
 77    41.452 54909.62545120  7.35  87.362656  63.548081  3.299
 77    38.340 54909.62545184  9.58  87.359946  63.551211  3.299
 77    36.166 54909.62545249 10.12  87.357246  63.554341  3.299
 77    31.325 54909.62545313  9.61  87.354544  63.557464  3.057
 77    18.491 54909.62545378 10.35  87.351844  63.560594  3.057
 77    19.190 54909.62545442 11.28  87.349144  63.563724  3.057
 77    20.659 54909.62545507 10.64  87.346434  63.566854  3.057
 77    21.184 54909.62545571 10.69  87.343734  63.569984  3.057
 78    18.117 54944.62544272 10.41  87.356279  63.536571  5.703
 78    17.702 54944.62544337 14.47  87.353579  63.539701  5.703
 78    17.254 54944.62544401 14.22  87.350872  63.542824 24.585
 78    17.178 54944.62544466 12.08  87.348172  63.545954 24.585
 78    17.218 54944.62544530 13.63  87.345462  63.549084 24.585
 78    17.370 54944.62544595 14.57  87.342762  63.552214 24.585
 78    17.452 54944.62544659 18.36  87.340052  63.555344 24.585
 78    17.580 54944.62544724 22.07  87.337352  63.558464 24.585
 79    43.293 54979.62547012 26.74  87.360176  63.540780 12.267
 79    41.833 54979.62547076 23.31  87.357476  63.543910 12.267
 79    40.214 54979.62547141 22.85  87.354772  63.547036 18.577
 79    37.679 54979.62547205 22.82  87.352062  63.550166 18.577
 79    35.884 54979.62547270 23.98  87.349362  63.553296 18.577
 79    32.811 54979.62547334 25.28  87.346662  63.556426 18.577
 79    22.682 54979.62547399 26.16  87.343952  63.559556 18.577
 79    23.004 54979.62547463 25.92  87.341252  63.562676 18.577
 80    42.648 55014.62547409 18.24  87.359808  63.542265  9.215
 80    41.765 55014.62547473 15.98  87.357108  63.545395  9.215
 80    41.942 55014.62547538 13.90  87.354408  63.548525  9.215
 80    41.925 55014.62547602 13.30  87.351698  63.551655  9.215
 80    35.608 55014.62547667 13.08  87.348999  63.554777 18.971
 80    33.918 55014.62547731 13.49  87.346299  63.557907 18.971
 80    31.775 55014.62547796 14.53  87.343589  63.561037 18.971
 80    21.110 55014.62547860 15.56  87.340889  63.564167 18.971
 81    35.026 55049.62546803 11.11  87.359589  63.542929  4.794
 81    14.542 55049.62546868 11.73  87.356889  63.546059  4.794
 81    14.811 55049.62546932 12.37  87.354189  63.549189  4.794
 81    14.685 55049.62546996 13.67  87.351486  63.552312 24.329
 81    14.954 55049.62547061 15.39  87.348776  63.555442 24.329
 81    14.631 55049.62547125 17.04  87.346076  63.558572 24.329
 81    15.090 55049.62547190 16.04  87.343366  63.561702 24.329
 81    14.521 55049.62547254 21.06  87.340666  63.564832 24.329
 82    13.780 55084.62543679 24.36  87.365053  63.549506  5.792
 82    13.964 55084.62543744 23.75  87.362353  63.552636  5.792
 82    14.145 55084.62543808 26.84  87.359653  63.555756  5.792
 82    14.184 55084.62543873 31.50  87.356953  63.558886  5.792
 82    14.298 55084.62543937 36.42  87.354248  63.562013 22.941
 82    14.278 55084.62544001 38.97  87.351538  63.565143 22.941
 82    14.231 55084.62544066 40.81  87.348838  63.568273 22.941
 82    14.276 55084.62544130 41.51  87.346138  63.571403 22.941
 82    14.310 55084.62544195 40.48  87.343428  63.574533 22.941
 83    43.357 55119.62539940 10.86  87.356677  63.538505  6.635
 83    41.261 55119.62540005  8.98  87.353977  63.541635  6.635
 83    37.113 55119.62540069 13.60  87.351277  63.544765  6.635
 83    36.065 55119.62540134 13.39  87.348571  63.547895 18.229
 83    14.811 55119.62540198 13.77  87.345871  63.551015 18.229
 83    15.531 55119.62540263 13.88  87.343161  63.554145 18.229
 83    19.622 55119.62540327 12.65  87.340461  63.557275 18.229
 83    19.860 55119.62540392 14.57  87.337751  63.560405 18.229
 84    15.829 55154.62539523 20.51  87.361130  63.544635  4.319
 84    15.746 55154.62539588 22.38  87.358430  63.547755  4.319
 84    15.708 55154.62539652 23.44  87.355730  63.550885  4.319
 84    15.585 55154.62539717 22.64  87.353030  63.554015  4.319
 84    15.582 55154.62539781 23.06  87.350324  63.557147  7.645
 84    15.538 55154.62539846 22.29  87.347614  63.560267  7.645
 84    15.410 55154.62539910 22.60  87.344914  63.563397  7.645
 84    15.395 55154.62539975 24.45  87.342214  63.566527  7.645
 85    18.386 55189.62538829 10.66  87.356303  63.535508  3.198
 85    18.424 55189.62538894 11.78  87.353603  63.538638  3.198
 85    18.639 55189.62538958 12.59  87.350903  63.541768  3.198
 85    18.658 55189.62539022 12.86  87.348205  63.544899  3.375
 85    18.682 55189.62539087 13.87  87.345495  63.548019  3.375
 85    18.886 55189.62539151 13.61  87.342795  63.551149  3.375
 85    19.084 55189.62539216 13.50  87.340085  63.554279  3.375
 85    20.292 55189.62539280 13.60  87.337385  63.557409  3.375
 86    16.417 55224.62539522 11.89  87.359323  63.545849  3.670
 86    16.482 55224.62539587 11.78  87.356623  63.548979  3.670
 86    16.974 55224.62539651 11.53  87.353923  63.552109  3.670
 86    18.350 55224.62539715 11.76  87.351220  63.555231  2.558
 86    18.831 55224.62539780 11.36  87.348510  63.558361  2.558
 86    19.529 55224.62539844 11.27  87.345810  63.561491  2.558
 86    20.553 55224.62539909 11.31  87.343100  63.564621  2.558
 87    15.862 55259.62538586 11.40  87.355419  63.545655  3.109
 87    16.404 55259.62538650 11.55  87.352709  63.548775  3.109
 87    16.610 55259.62538715 11.51  87.350009  63.551905  3.109
 87    16.540 55259.62538779 11.65  87.347309  63.555035  3.109
 87    18.600 55259.62538844 10.86  87.344599  63.558165  3.109
 87    19.160 55259.62538908 11.04  87.341899  63.561295  3.109
 87    21.514 55259.62538973 11.18  87.339189  63.564415  3.109
 88    41.286 55294.62538197  8.82  87.363616  63.547684  2.992
 88    39.143 55294.62538262  9.19  87.360916  63.550804  2.992
 88    38.515 55294.62538326  9.07  87.358216  63.553934  2.992
 88    35.743 55294.62538391  9.46  87.355516  63.557064  2.992
 88    18.346 55294.62538455 10.21  87.352811  63.560189  2.518
 88    26.567 55294.62538519 10.08  87.350101  63.563319  2.518
 88    23.692 55294.62538584  9.80  87.347401  63.566449  2.518
 88    22.094 55294.62538648  9.80  87.344701  63.569579  2.518
 89    21.320 55329.62536668 43.98  87.360369  63.538545 14.112
 89    21.099 55329.62536733 32.80  87.357669  63.541665 14.112
 89    37.656 55329.62536797 22.03  87.354969  63.544795 14.112
 89    38.173 55329.62536862 20.31  87.352269  63.547925 14.112
 89    36.268 55329.62536926 20.74  87.349569  63.551050 16.102
 89    21.222 55329.62536990 22.65  87.346859  63.554180 16.102
 89    21.663 55329.62537055 22.63  87.344159  63.557310 16.102
 89    21.810 55329.62537119 24.70  87.341449  63.560440 16.102
 89    21.681 55329.62537184 27.29  87.338749  63.563570 16.102
 90    46.731 55364.62536207 20.20  87.361808  63.545961  7.891
 90    46.469 55364.62536272 19.99  87.359108  63.549091  7.891
 90    46.157 55364.62536336 18.77  87.356408  63.552221  7.891
 90    44.896 55364.62536401 16.33  87.353709  63.555345 14.788
 90    42.183 55364.62536465 17.11  87.350999  63.558475 14.788
 90    41.143 55364.62536530 18.19  87.348299  63.561605 14.788
 90    20.251 55364.62536594 20.03  87.345589  63.564735 14.788
 90    22.730 55364.62536659 20.08  87.342889  63.567865 14.788
 91    38.938 55399.62537151  9.54  87.355400  63.537396  4.417
 91    38.886 55399.62537215  7.84  87.352700  63.540526  4.417
 91    37.727 55399.62537280  8.66  87.350000  63.543656  4.417
 91    37.433 55399.62537344  7.57  87.347296  63.546787 16.614
 91    21.052 55399.62537409 13.38  87.344586  63.549907 16.614
 91    15.711 55399.62537537 18.95  87.339176  63.556167 16.614
 92    41.287 55434.62537834 14.95  87.361328  63.544272  9.207
 92    39.707 55434.62537899 13.12  87.358628  63.547402  9.207
 92    37.402 55434.62537963 15.57  87.355928  63.550532  9.207
 92    14.787 55434.62538028 17.13  87.353225  63.553656 16.562
 92    14.960 55434.62538092 17.23  87.350515  63.556786 16.562
 92    15.039 55434.62538157 18.13  87.347815  63.559916 16.562
 92    15.161 55434.62538221 18.48  87.345105  63.563046 16.562
 92    15.294 55434.62538285 18.92  87.342405  63.566176 16.562
 93    15.205 55469.62533402 45.10  87.366133  63.550986 13.663
 93    14.956 55469.62533466 37.98  87.363433  63.554106 13.663
 93    15.299 55469.62533531 25.67  87.360733  63.557236 13.663
 93    15.048 55469.62533595 25.89  87.358033  63.560366 13.663
 93    15.083 55469.62533660 26.10  87.355327  63.563491 10.550
 93    15.068 55469.62533724 23.98  87.352617  63.566621 10.550
 93    14.813 55469.62533789 23.82  87.349917  63.569751 10.550
 93    14.863 55469.62533853 24.39  87.347217  63.572881 10.550
 93    15.677 55469.62533918 23.10  87.344507  63.576011 10.550
