# NaN NaN NaN ;Mean Elev.(m), Avg Gradient(m/km), RMS Gradient(m/km) - SRTM1     
#    4.272   0.269   4.310 ;Mean Elev.(m), Avg Gradient(m/km), RMS Gradient(m/km) - ASTER GDEM
#    0.000   0.000   0.638 ;Mean Elev.(m), Avg Gradient(m/km), RMS Gradient(m/km) - GMTED2010 
  6  83.343907  70.502602     0.391     0.499 13 52419.25458694 26.381
  8  83.343891  70.505135    -0.112    -0.349 13 52489.25458905 20.324
  9  83.337599  70.510347    -0.046    -0.264 14 52524.25456459 19.143
 11  83.337949  70.506197    -0.956    -0.952 14 52594.25461821 25.916
 13  83.341833  70.505319    -0.375    -0.383 14 52664.25457996 12.237
 15  83.343398  70.503530    -0.370    -0.365 14 52734.25458125 10.356
 16  83.333154  70.510935    -1.061    -0.877 14 52769.25457660 18.645
 17  83.353973  70.498927     2.216     2.314 13 52804.25460640 21.482
 18  83.351366  70.500648    -0.706    -0.684 13 52839.25466858 19.620
 19  83.345145  70.500754    -0.203    -0.171 13 52874.25470828 21.198
 22  83.349049  70.500219     0.026     0.047 13 52979.25467354 18.403
 23  83.337262  70.507170    -0.523    -0.514 14 53014.25467069 13.607
 24  83.351389  70.499598    -0.607    -0.609 13 53049.25464359 12.523
 25  83.337912  70.510379    -0.919    -0.755 14 53084.25467792 11.063
 26  83.346368  70.500696    -1.006    -0.974 13 53119.25464952 10.085
 27  83.343564  70.504595     0.495     0.643 13 53154.25470054 27.476
 28  83.345553  70.500211     0.125    -0.037 13 53189.25469060 19.441
 29  83.341951  70.506042     0.233    -0.020 13 53224.25470338 13.220
 30  83.334723  70.511463    -0.069    -0.476 14 53259.25467772 16.857
 31  83.342880  70.501368    -1.174    -1.017 13 53294.25470431 21.528
 32  83.343586  70.504503    -0.288    -0.242 13 53329.25467709 16.511
 34  83.345163  70.500347    -0.766    -0.732 13 53399.25465288 11.141
 35  83.337930  70.506823    -0.730    -0.680 14 53434.25464244 10.522
 36  83.350095  70.501039    -0.341    -0.340 13 53469.25468550  9.612
 37  83.340485  70.506047     0.425     0.225 13 53504.25472849 11.110
 38  83.342675  70.505890     1.275     1.041 13 53539.25472655 18.654
 39  83.338155  70.508390    -0.816    -0.776 13 53574.25472377 22.965
 40  83.334892  70.512087    -0.049    -0.192 14 53609.25467329 16.548
 41  83.351320  70.499197    -0.019    -0.053 13 53644.25467747 15.573
 42  83.339334  70.507367    -0.120    -0.116 14 53679.25469424 37.715
 43  83.338398  70.507897    -0.720    -0.794 13 53714.25462243 18.522
 45  83.342767  70.504025    -0.451    -0.434 13 53784.25456861 12.599
 46  83.334635  70.512132    -1.092    -1.167 14 53819.25452848 11.702
 47  83.346137  70.502024    -0.864    -0.854 13 53854.25461020 10.538
 48  83.349488  70.501586     1.130     1.194 13 53889.25461890 23.306
 49  83.339568  70.505905     0.300     0.002 14 53924.25468527 18.131
 50  83.334898  70.508659    -0.740    -0.731 14 53959.25467560 19.892
 52  83.350880  70.498686    -0.462    -0.462 12 54029.25466730 39.477
 53  83.342819  70.504208    -0.370    -0.356 13 54064.25466045 20.861
 54  83.335118  70.508452    -0.351    -0.371 14 54099.25462629 15.931
 55  83.349351  70.498290    -0.840    -0.876 13 54134.25458557 14.010
 57  83.347584  70.498095     0.205     0.018 13 54204.25458989  8.020
 59  83.342949  70.504095     1.072     1.065 14 54274.25464051 50.974
 60  83.346215  70.504104    -1.408    -1.383 13 54309.25464215 27.252
 61  83.338513  70.509834    -0.848    -0.837 14 54344.25461841 28.701
 62  83.348229  70.500893     0.244     0.327 13 54379.25457851 19.223
 63  83.340818  70.505782    -0.145    -0.138 13 54414.25456719 30.484
 64  83.348227  70.497854    -0.247    -0.243 13 54449.25454603 16.979
 65  83.342616  70.501603    -0.490    -0.469 13 54484.25456215 12.022
 66  83.350628  70.500919    -0.722    -0.757 13 54519.25455910 11.265
 67  83.338736  70.508619    -0.519    -0.574 14 54554.25457269 10.496
 68  83.346117  70.502299    -0.341    -0.488 13 54589.25455467  8.040
 69  83.342905  70.505933     3.363     3.352 13 54624.25457147 26.260
 70  83.342404  70.504274     0.231    -0.013 14 54659.25458045 15.209
 71  83.339573  70.506276    -1.260    -0.923 14 54694.25456029 29.573
 72  83.349295  70.501090    -0.245    -0.289 13 54729.25453507 18.131
 73  83.341958  70.503492     0.733     0.745 13 54764.25453885 44.194
 74  83.348659  70.498032    -0.654    -0.624 13 54799.25452923 18.190
 75  83.341787  70.504675    -0.527    -0.524 14 54834.25452929 13.777
 76  83.349437  70.497917    -0.559    -0.511 13 54869.25452602 12.391
 77  83.338655  70.510711    -0.708    -0.749 14 54904.25453774 11.388
 78  83.347259  70.500939     0.099     0.067 13 54939.25451659 10.443
 79  83.345153  70.503238    -0.501    -0.360 13 54974.25454699 24.840
 80  83.339827  70.505383     1.019     0.544 14 55009.25456046 18.109
 81  83.344808  70.503701    -0.185    -0.210 13 55044.25455057 17.340
 82  83.337973  70.508315    -0.338    -0.406 14 55079.25452651 17.122
 83  83.345960  70.500588    -1.652    -1.565 13 55114.25448347 28.404
 84  83.341211  70.504321    -1.021    -1.033 13 55149.25448311 22.670
 85  83.351331  70.500386    -0.723    -0.743 13 55184.25446624 15.794
 86  83.341505  70.506867    -0.358    -0.314 13 55219.25448046 23.557
 87  83.348407  70.499591    -0.505    -0.712 13 55254.25446265 14.419
 88  83.338602  70.510584    -0.433    -0.568 14 55289.25446955 12.570
 89  83.341367  70.503848    -0.035    -0.163 13 55324.25444883  9.493
 90  83.341710  70.505838     2.815     2.833 14 55359.25444672 31.483
 91  83.344444  70.499840    -0.777    -0.734 13 55394.25445182 21.839
 92  83.343995  70.502892     0.015    -0.161 14 55429.25446280 18.020
 93  83.336585  70.508814    -0.768    -0.801 14 55464.25442483 31.543
