# NaN NaN NaN ;Mean Elev.(m), Avg Gradient(m/km), RMS Gradient(m/km) - SRTM1     
#    5.669  -4.418  17.426 ;Mean Elev.(m), Avg Gradient(m/km), RMS Gradient(m/km) - ASTER GDEM
#   27.354  -3.587  15.230 ;Mean Elev.(m), Avg Gradient(m/km), RMS Gradient(m/km) - GMTED2010 
  7  89.489828  61.803784    23.870    23.768  8 52475.62318203 23.858
  8  89.514795  61.793336    24.678    23.193  6 52510.62313500 40.832
  9  89.487497  61.804547    29.034    29.457  9 52545.62315224 16.686
 10  89.492760  61.801695    22.497    22.489  8 52580.62317866 51.151
 11  89.506073  61.796835    25.801    26.764  7 52615.62314636 22.434
 12  89.499080  61.799611    28.035    27.912  8 52650.62312495 13.371
 13  89.514495  61.793471    28.302    28.263  6 52685.62311107 15.159
 14  89.494452  61.801597    24.103    24.104  8 52720.62316383 15.740
 15  89.491321  61.803156    24.281    24.270  8 52755.62318797 13.280
 16  89.479045  61.808606    30.490    30.478 11 52790.62313837 45.422
 17  89.489451  61.803215    23.505    23.497  9 52825.62320659 43.103
 18  89.492159  61.803280    29.608    29.747  8 52860.62325228 13.036
 19  89.498314  61.799868    30.324    30.500  7 52895.62328200 16.886
 20  89.512215  61.793973    32.234    32.011  6 52930.62322903 21.734
 21  89.488069  61.803733    24.562    24.585  9 52965.62322505 28.566
 23  89.509835  61.795167    27.572    27.496  6 53035.62320476 14.055
 24  89.496838  61.800758    24.780    23.818  7 53070.62322623 11.859
 25  89.513944  61.793995    30.375    30.087  6 53105.62320575  7.071
 26  89.491596  61.802471    26.881    26.868  8 53140.62323354 42.837
 27  89.496755  61.799724    26.513    26.521  8 53175.62326505 44.529
 28  89.498243  61.799768    26.818    28.038  7 53210.62328337 42.834
 29  89.508923  61.795279    32.435    32.512  6 53245.62325027 17.781
 30  89.477974  61.809358    23.795    23.767 11 53280.62323733 42.061
 31  89.494861  61.801308    23.085    23.095  8 53315.62325032 48.379
 32  89.509427  61.796629    25.815    25.828  6 53350.62321475 26.493
 33  89.481949  61.807247    26.974    26.966 10 53385.62319934 17.863
 34  89.509929  61.796184    28.812    28.966  6 53420.62320078 15.371
 35  89.483571  61.806467    26.215    26.162  9 53455.62320903 15.069
 36  89.484364  61.805656    27.008    27.039 10 53490.62329416 23.407
 37  89.504819  61.796212    34.034    33.922  6 53525.62327572 17.634
 38  89.494177  61.801453    24.831    24.795  8 53560.62330472 45.173
 39  89.518852  61.791809    30.900    31.068  5 53595.62324067 20.046
 40  89.467066  61.815206    23.319    23.301 14 53630.62324017 44.481
 41  89.490512  61.803336    23.188    23.096  8 53665.62326055 37.166
 42  89.510340  61.794561    22.741    22.731  6 53700.62321131 42.719
 43  89.524766  61.791449    29.877    29.959  5 53735.62313234 21.160
 44  89.502747  61.797399    28.375    28.456  7 53770.62312409 17.645
 45  89.516762  61.793452    30.104    29.827  6 53805.62311564 14.815
 47  89.496185  61.800988    36.483    36.531  8 53875.62318478 40.241
 48  89.485377  61.804923    24.779    24.814  9 53910.62323346 41.605
 49  89.489704  61.802795    26.279    26.259  9 53945.62325239 42.817
 50  89.508436  61.796470    24.549    24.524  6 53980.62319696 33.411
 51  89.483403  61.806272    26.808    27.704  9 54015.62321919 30.900
 52  89.507624  61.796793    23.968    23.950  6 54050.62321784 41.138
 53  89.506600  61.796973    26.839    27.402  7 54085.62321009 17.850
 54  89.521627  61.793431    25.239    25.251  5 54120.62313565 20.636
 55  89.497548  61.800769    26.049    26.853  7 54155.62316936 15.218
 56  89.516677  61.793596    25.276    25.266  6 54190.62313286 17.320
 57  89.493845  61.801462    32.800    32.896  8 54225.62318080 36.807
 58  89.497935  61.800533    30.400    30.399  7 54260.62320077 34.618
 59  89.501523  61.798226    32.516    32.184  7 54295.62320408 20.560
 60  89.508645  61.796683    23.825    23.809  6 54330.62319597 33.972
 61  89.516482  61.793577    23.500    23.526  5 54365.62313936 32.525
 62  89.501663  61.798782    25.922    27.092  7 54400.62313820 31.409
 63  89.512034  61.795414    24.321    24.333  6 54435.62309466 45.427
 64  89.495378  61.800054    28.765    29.202  8 54470.62312254 14.261
 65  89.513513  61.794767    29.259    29.513  5 54505.62310791 12.922
 66  89.503818  61.797175    29.600    29.435  7 54540.62313668 13.222
 67  89.515305  61.794079    29.181    29.249  6 54575.62310914  8.148
 68  89.502453  61.797200    35.268    35.602  7 54610.62312886 20.349
 69  89.501238  61.797909    24.480    24.475  7 54645.62313640 46.871
 70  89.501023  61.799623    31.638    31.718  7 54680.62313805 15.523
 71  89.518137  61.792960    24.008    24.021  6 54715.62308648 39.401
 72  89.492163  61.802894    29.261    29.507  8 54750.62310965 17.116
 73  89.510408  61.795297    22.317    22.327  7 54785.62307592 43.760
 74  89.495041  61.800141    27.245    27.786  8 54820.62310232 17.414
 75  89.509887  61.795922    29.969    30.302  6 54855.62307256 14.099
 76  89.500249  61.799443    27.044    27.814  7 54890.62310585 12.981
 77  89.516261  61.793042    25.595    25.473  5 54925.62307075 16.698
 78  89.493560  61.801374    35.544    35.572  8 54960.62310492 41.062
 79  89.498030  61.799735    29.187    29.130  8 54995.62312594 45.408
 80  89.501325  61.799064    24.162    24.145  7 55030.62311545 49.651
 81  89.507030  61.796741    23.937    23.980  6 55065.62310531 50.414
 82  89.516309  61.794510    23.775    23.766  5 55100.62304697 47.319
 83  89.495668  61.800489    22.668    22.653  8 55135.62305141 41.841
 84  89.513532  61.793690    31.074    30.964  6 55170.62301287 16.183
 85  89.494300  61.801364    29.652    29.693  7 55205.62304511  8.927
 86  89.513102  61.794464    31.292    32.119  6 55240.62301898  9.436
 87  89.503997  61.798086    29.982    30.141  7 55275.62303813  7.627
 88  89.515236  61.793800    25.826    25.848  5 55310.62300319 15.067
 89  89.503968  61.797379    32.413    32.422  6 55345.62300710 21.132
 90  89.507593  61.796537    32.528    32.726  6 55380.62299984 17.498
 91  89.493881  61.800944    26.841    27.025  8 55415.62302757 32.025
 92  89.510020  61.796147    26.868    27.442  6 55450.62301135 21.993
 93  89.521916  61.791440    25.643    24.275  5 55485.62293451 26.367
