# NaN NaN NaN ;Mean Elev.(m), Avg Gradient(m/km), RMS Gradient(m/km) - SRTM1     
#    1.211   1.973  10.441 ;Mean Elev.(m), Avg Gradient(m/km), RMS Gradient(m/km) - ASTER GDEM
#    0.181   1.907   8.420 ;Mean Elev.(m), Avg Gradient(m/km), RMS Gradient(m/km) - GMTED2010 
  7  83.361865  70.048938    62.772    63.935  5 52470.25271458  4.163
  8  83.350467  70.042878    58.791    60.339 10 52505.25269907  7.042
  9  83.372739  70.036738     0.620     1.003 11 52540.25268224 22.380
 11  83.359946  70.048794    64.452    64.060  6 52610.25268698  3.028
 12  83.369628  70.045138    65.179    65.233  6 52645.25267704  1.651
 16  83.372016  70.038219     2.203     2.262  9 52785.25267139 21.698
 17  83.370754  70.040335    57.722    57.689  6 52820.25274613  2.845
 18  83.364273  70.039130     0.495     0.529 10 52855.25279472 27.542
 20  83.338806  70.041996    63.104    61.766  7 52925.25278123  9.582
 21  83.373578  70.038297    64.132    64.200  9 52960.25274825  2.856
 22  83.369992  70.047417    65.765    65.245  5 52995.25278180  1.161
 23  83.357251  70.052855    68.513    69.651  3 53030.25274444  0.671
 28  83.369335  70.051304    61.544    61.736  4 53205.25282038  3.814
 29  83.361881  70.049133    60.962    60.580  6 53240.25278900  5.558
 31  83.357854  70.041930    62.112    62.507  9 53310.25280435  4.787
 32  83.363720  70.050379    66.106    66.088  4 53345.25276883  0.618
 37  83.357217  70.042099    60.306    59.893 10 53520.25282239  6.306
 39  83.362536  70.048949    63.551    64.864  6 53590.25278736  3.996
 40  83.368032  70.038696     1.172     1.120 10 53625.25277036 18.148
 41  83.361807  70.040584    62.395    62.317 10 53660.25279661 10.284
 42  83.349123  70.043031    61.944    60.994  9 53695.25277003  5.807
 43  83.348870  70.046805    62.677    61.943  7 53730.25269223  2.161
 45  83.363601  70.052743    69.031    68.104  3 53800.25266246  0.760
 48  83.363568  70.045585    60.552    59.882  6 53905.25276101  4.606
 49  83.360896  70.050119    63.729    63.453  4 53940.25279247  2.068
 50  83.354447  70.050894    64.990    64.902  3 53975.25275058  1.000
 51  83.371401  70.036038     6.407     0.232 10 54010.25274995 18.883
 52  83.365990  70.039144    61.934    61.807 10 54045.25276686  3.150
 54  83.358086  70.056765    66.027    66.027  2 54115.25269199  0.331
 58  83.353820  70.039641    27.413    27.268  7 54255.25274150 32.105
 59  83.367339  70.048140    62.889    64.931  6 54290.25274210  1.805
 60  83.357289  70.042489     0.253     0.260 10 54325.25274096 28.985
 61  83.344564  70.046605    56.584    56.303  8 54360.25269394  5.415
 62  83.359425  70.039852    61.853    62.235 10 54395.25268142  5.908
 63  83.357740  70.048856    62.655    62.780  5 54430.25264338  0.749
 64  83.379466  70.049523    67.632    67.190  3 54465.25265911  0.367
 65  83.370701  70.055258    69.807    69.807  2 54500.25265381  0.406
 69  83.352703  70.041840    57.811    58.111  9 54640.25267994  8.097
 70  83.368023  70.050765    25.812    17.861  4 54675.25268024  8.054
 71  83.352749  70.047171    62.785    61.632  5 54710.25263778  2.999
 72  83.356792  70.038878    61.232    61.435  7 54745.25264988  4.907
 73  83.353458  70.041660    64.731    66.605  9 54780.25262310  6.661
 74  83.371910  70.046259    65.633    65.765  6 54815.25264136  1.545
 75  83.363994  70.051580    65.303    65.653  3 54850.25261953  1.667
 76  83.374913  70.051596    68.091    68.091  2 54885.25264426  0.373
 79  83.355647  70.041377    39.294    42.000 10 54990.25266532 12.396
 80  83.364857  70.050240    62.641    63.401  4 55025.25265488  2.927
 81  83.350297  70.038347     0.246     0.109  8 55060.25265127 21.561
 82  83.347026  70.048577    60.727    59.734  6 55095.25260125  8.089
 83  83.358885  70.040980    61.662    62.094 10 55130.25259277  6.388
 84  83.364666  70.050466    64.963    64.935  5 55165.25256236  1.827
 85  83.378482  70.052920    67.457    67.457  2 55200.25258182  0.592
 90  83.352251  70.041913    60.053    60.463 10 55375.25254281  9.005
 91  83.362308  70.041160    58.865    58.562 10 55410.25256464  5.317
 92  83.355266  70.042335    59.138    59.261  9 55445.25255884  6.259
 93  83.339918  70.044744    66.215    64.383 10 55480.25249375  9.355
