# NaN NaN NaN ;Mean Elev.(m), Avg Gradient(m/km), RMS Gradient(m/km) - SRTM1     
#   24.969 -10.477  17.421 ;Mean Elev.(m), Avg Gradient(m/km), RMS Gradient(m/km) - ASTER GDEM
#   36.685  -8.554  19.532 ;Mean Elev.(m), Avg Gradient(m/km), RMS Gradient(m/km) - GMTED2010 
  6  89.730868  60.883187    38.534    38.536  5 52437.21071688 32.163
  7  89.732217  60.882896    41.102    41.621  6 52472.21071810 17.115
  8  89.732512  60.882543    27.863    27.575  6 52507.21069324 21.240
  9  89.742580  60.866207    55.461    56.960  3 52542.21067834  3.664
 10  89.733920  60.880956    36.646    36.636  6 52577.21072599 39.749
 11  89.731201  60.884995    37.866    37.835  6 52612.21068896 20.360
 12  89.737716  60.876152    40.743    41.186  7 52647.21067515 18.482
 13  89.736759  60.877436    40.878    41.188  6 52682.21064550 15.332
 14  89.735278  60.877534    41.008    41.159  7 52717.21070449 14.030
 15  89.723803  60.890885    37.836    37.667  5 52752.21072757 16.960
 17  89.739739  60.873270    43.097    42.684  6 52822.21074781 13.133
 18  89.739171  60.872842    39.474    39.423  6 52857.21079498 34.796
 19  89.732527  60.880504    40.114    40.310  6 52892.21082595 40.466
 20  89.726926  60.887743    36.477    36.444  5 52927.21077665 30.185
 21  89.744482  60.868391    39.123    39.142  7 52962.21074961 28.240
 22  89.733867  60.880678    39.618    39.643  6 52997.21078966 27.170
 23  89.727326  60.885584    39.266    39.135  6 53032.21074720 14.130
 24  89.737785  60.875101    46.149    46.122  7 53067.21075937 10.610
 25  89.726444  60.888837    49.450    49.419  6 53102.21075104  3.247
 26  89.739852  60.873389    40.277    40.279  7 53137.21076218 26.715
 27  89.731540  60.872998    59.209    59.209  2 53172.21081017  0.631
 28  89.732965  60.880991    40.738    40.578  6 53207.21082317 17.947
 29  89.733495  60.881037    39.397    39.215  6 53242.21079081 21.696
 30  89.739880  60.867286    47.049    43.894  5 53277.21076606 29.516
 31  89.734596  60.879634    37.095    37.083  6 53312.21079984 51.435
 32  89.732807  60.879005    38.759    38.748  6 53347.21076583 28.230
 33  89.742059  60.870733    40.784    40.763  6 53382.21072992 13.798
 34  89.737202  60.873777    41.042    40.947  7 53417.21074530 12.913
 35  89.745079  60.869655    42.701    42.713  7 53452.21074586 10.209
 36  89.732890  60.883645    39.273    39.303  6 53487.21082881 23.218
 38  89.729871  60.884588    37.725    37.757  5 53557.21084491 45.362
 39  89.733765  60.878250    39.244    39.126  6 53592.21078290 21.838
 40  89.738631  60.873466    43.176    44.150  7 53627.21077381 14.023
 41  89.735251  60.878738    41.261    41.678  7 53662.21079834 19.150
 42  89.731450  60.882006    36.503    36.504  6 53697.21076381 50.871
 43  89.730976  60.884229    39.237    39.194  6 53732.21068602 20.967
 44  89.740451  60.871973    40.216    40.437  6 53767.21066317 16.600
 45  89.731405  60.880222    40.151    40.155  6 53802.21066215 14.963
 46  89.740801  60.871456    39.926    39.444  7 53837.21067430 14.221
 47  89.737267  60.878190    71.572    72.011  6 53872.21072624 33.319
 48  89.734461  60.879861    39.132    38.057  6 53907.21076623 21.344
 49  89.729608  60.885603    40.314    40.326  5 53942.21079242 14.760
 50  89.728390  60.885813    38.574    38.137  6 53977.21074621 18.206
 51  89.742650  60.868915    42.420    43.127  7 54012.21075428 14.526
 52  89.739102  60.872778    37.390    37.406  7 54047.21076541 36.451
 54  89.727592  60.887616    42.887    42.938  6 54117.21068745 16.228
 55  89.735201  60.880545    45.878    45.589  6 54152.21070887 10.046
 57  89.736517  60.876644    47.211    47.198  7 54222.21071918 43.615
 59  89.735171  60.877166    37.510    37.413  7 54292.21074387 36.337
 60  89.730575  60.874802    39.786    40.346  3 54327.21074080 14.720
 62  89.737037  60.876192    37.358    36.484  6 54397.21068027 25.936
 63  89.730517  60.882465    37.861    37.822  6 54432.21063915 21.992
 64  89.739255  60.873741    40.701    40.712  7 54467.21066211 18.476
 65  89.733068  60.883324    40.733    40.979  6 54502.21065364 10.256
 66  89.735170  60.878490    40.364    39.704  6 54537.21067678 12.771
 67  89.735053  60.890680    45.109    45.109  2 54572.21065373  7.152
 68  89.735108  60.878278    43.839    44.120  6 54607.21067018 19.145
 69  89.734235  60.882268    39.355    39.345  6 54642.21067850 30.920
 70  89.738179  60.885589    38.394    38.342  3 54677.21067961 27.203
 71  89.729779  60.883734    39.939    39.805  6 54712.21063439 37.121
 73  89.733209  60.879894    36.879    36.868  6 54782.21062133 47.462
 74  89.736517  60.875588    40.617    40.245  6 54817.21064286 17.207
 75  89.733560  60.882728    41.577    41.521  6 54852.21061825 11.271
 76  89.734305  60.878591    41.982    41.993  6 54887.21064689  9.599
 77  89.725898  60.887157    47.027    46.789  6 54922.21061825  4.625
 78  89.735974  60.875917    46.859    46.936  6 54957.21064330 27.691
 79  89.732320  60.879108    69.318    72.155  4 54992.21066590 14.017
 82  89.726382  60.886887    40.191    40.130  6 55097.21059629 18.421
 84  89.732717  60.880945    40.752    40.518  6 55167.21055947 14.548
 85  89.736292  60.877922    40.755    40.771  7 55202.21058492 11.766
 86  89.730289  60.884141    40.683    40.708  6 55237.21056614 11.100
 87  89.733901  60.879638    40.639    40.697  7 55272.21057893  9.753
 88  89.729756  60.886094    48.306    48.415  6 55307.21054759 10.080
 90  89.731793  60.880424    40.948    41.010  6 55377.21054227 28.624
 91  89.741406  60.882031    45.251    45.251  2 55412.21056514 11.532
 92  89.735848  60.883220    97.127   116.123  5 55447.21055615 17.259
