# NaN NaN NaN ;Mean Elev.(m), Avg Gradient(m/km), RMS Gradient(m/km) - SRTM1     
#  -20.953  -1.980   6.193 ;Mean Elev.(m), Avg Gradient(m/km), RMS Gradient(m/km) - ASTER GDEM
#    2.901  -0.303   6.827 ;Mean Elev.(m), Avg Gradient(m/km), RMS Gradient(m/km) - GMTED2010 
  7   -18.314 52448.24679528 21.55  85.126311  69.782491 11.550
  7   -18.897 52448.24679593 20.78  85.121971  69.779501 11.550
  7   -20.133 52448.24679657 20.16  85.117641  69.776501 11.550
  7   -19.869 52448.24679722 19.55  85.113311  69.773511 11.550
  7   -17.359 52448.24679786 18.83  85.108981  69.770511 11.550
  7   -16.768 52448.24679851 19.05  85.104657  69.767515 12.479
  8     7.585 52483.24678343 16.92  85.126168  69.783464 17.309
  8     6.361 52483.24678408 14.11  85.121828  69.780464 17.309
  8     5.851 52483.24678472 13.60  85.117498  69.777474 17.309
  8     6.751 52483.24678537 13.60  85.113168  69.774474 17.309
  8     7.259 52483.24678601 15.30  85.108838  69.771484 17.309
  8     7.862 52483.24678666 18.11  85.104518  69.768484 17.309
  8     8.192 52483.24678730 24.76  85.100188  69.765494 17.309
  9     6.547 52518.24674197 14.30  85.120210  69.781987 17.624
  9     5.927 52518.24674261 13.71  85.115880  69.778987 17.624
  9     5.673 52518.24674326 13.60  85.111550  69.775997 17.624
  9     6.871 52518.24674390 14.51  85.107220  69.772997 17.624
  9     7.469 52518.24674455 17.04  85.102900  69.770007 17.624
  9     8.003 52518.24674519 20.04  85.098570  69.767007 17.624
 10    48.192 52553.24679094  5.57  85.143676  69.783779  2.993
 10    47.724 52553.24679159  5.06  85.139346  69.780789  2.993
 10    46.811 52553.24679223  4.39  85.135010  69.777786  6.795
 10    37.735 52553.24679288  5.07  85.130670  69.774796  6.795
 10    39.718 52553.24679352  5.29  85.126340  69.771796  6.795
 10    33.591 52553.24679417  5.21  85.122010  69.768806  6.795
 11    50.998 52588.24677228  2.81  85.131314  69.782844  2.666
 11    48.216 52588.24677292  2.80  85.126984  69.779854  2.666
 11    45.489 52588.24677356  3.09  85.122654  69.776854  2.666
 11    38.842 52588.24677421  3.86  85.118324  69.773854  2.666
 11    36.811 52588.24677485  3.84  85.113994  69.770864  2.666
 11    34.952 52588.24677550  3.83  85.109665  69.767867  2.881
 12    50.472 52623.24672697  0.03  85.121388  69.782935  2.836
 12    49.057 52623.24672762  0.27  85.117058  69.779935  2.836
 12    47.185 52623.24672826  0.74  85.112728  69.776945  2.836
 12    43.379 52623.24672891  0.69  85.108408  69.773945  2.836
 12    39.541 52623.24672955  1.22  85.104078  69.770945  2.836
 12    37.507 52623.24673019  1.19  85.099748  69.767955  2.836
 12    35.454 52623.24673084  2.43  85.095428  69.764955  2.836
 13    38.419 52658.24674417  0.08  85.129463  69.776536  2.427
 13    36.621 52658.24674481  0.01  85.125133  69.773546  2.427
 13    32.782 52658.24674546  1.78  85.120803  69.770546  2.427
 13    27.283 52658.24674610  4.67  85.116473  69.767556  2.427
 13     7.307 52658.24674675  7.95  85.112143  69.764556  2.427
 15     2.445 52728.24676310  8.56  85.142269  69.785826  3.144
 15     2.884 52728.24676374  8.00  85.137939  69.782836  3.144
 15     2.320 52728.24676439  8.69  85.133599  69.779836  3.144
 15     3.970 52728.24676503  6.69  85.129269  69.776836  3.144
 15     0.823 52728.24676568  8.96  85.124939  69.773846  3.144
 15     0.660 52728.24676632  9.59  85.120609  69.770846  3.144
 15     6.738 52728.24676697  7.47  85.116279  69.767856  3.144
 15    20.904 52728.24676761  4.30  85.111955  69.764860  2.466
 17     8.347 52798.24674716 48.51  85.159155  69.784828 34.622
 17     8.280 52798.24674780 52.54  85.154825  69.781838 34.622
 17     8.405 52798.24674845 46.31  85.150485  69.778838 34.622
 17     8.266 52798.24674909 38.40  85.146155  69.775848 34.622
 17     8.171 52798.24674974 40.00  85.141825  69.772848 34.622
 17     8.209 52798.24675038 48.79  85.137485  69.769858 34.622
 17     8.281 52798.24675103 43.39  85.133155  69.766858 34.622
 17     8.195 52798.24675167 52.48  85.128828  69.763867 19.205
 18     0.717 52833.24681766 49.97  85.158332  69.785218 28.331
 18     0.733 52833.24681831 35.93  85.154002  69.782218 28.331
 18     0.826 52833.24681895 44.37  85.149662  69.779228 28.331
 18     0.724 52833.24681960 44.79  85.145332  69.776228 28.331
 18     0.821 52833.24682024 43.63  85.141002  69.773238 28.331
 18     0.691 52833.24682089 44.62  85.136662  69.770248 28.331
 18     0.828 52833.24682153 44.49  85.132332  69.767248 28.331
 18     0.822 52833.24682218 46.53  85.128002  69.764258 28.331
 19     8.436 52868.24686073 17.65  85.146680  69.783962 19.697
 19     6.533 52868.24686138 16.18  85.142350  69.780972 19.697
 19     3.782 52868.24686202 16.57  85.138010  69.777972 19.697
 19     5.651 52868.24686267 16.16  85.133680  69.774982 19.697
 19     6.233 52868.24686331 17.56  85.129350  69.771982 19.697
 19     7.752 52868.24686396 17.86  85.125020  69.768992 19.697
 19     8.298 52868.24686460 21.93  85.120690  69.765992 19.697
 20     6.295 52903.24687650 19.59  85.125959  69.781703 17.444
 20    -0.667 52903.24687715 22.76  85.121629  69.778713 17.444
 20    -0.992 52903.24687779 26.02  85.117299  69.775713 17.444
 20    -0.832 52903.24687843 24.95  85.112969  69.772723 17.444
 20    -2.079 52903.24687908 27.36  85.108639  69.769723 17.444
 20     7.926 52903.24687972 24.52  85.104309  69.766733 17.444
 21    49.628 52938.24681375 10.91  85.113906  69.784285  5.028
 21    49.877 52938.24681439 11.48  85.109576  69.781285  5.028
 21    44.067 52938.24681504 11.54  85.105246  69.778285  5.028
 21    42.433 52938.24681568 11.41  85.100916  69.775295  5.028
 21    45.677 52938.24681633 10.02  85.096596  69.772295  5.028
 21    39.233 52938.24681697 10.65  85.092266  69.769305  5.028
 22    50.275 52973.24684776  3.78  85.141947  69.783857  3.321
 22    48.515 52973.24684841  3.62  85.137617  69.780867  3.321
 22    45.915 52973.24684905  3.60  85.133277  69.777867  3.321
 22    44.057 52973.24684970  3.62  85.128947  69.774877  3.321
 22    41.801 52973.24685034  3.87  85.124617  69.771877  3.321
 22    39.744 52973.24685099  4.69  85.120287  69.768887  3.321
 22    31.141 52973.24685163  8.95  85.115957  69.765887  3.321
 23    51.752 53008.24685673  1.22  85.128867  69.784205  2.869
 23    50.264 53008.24685737  1.07  85.124537  69.781215  2.869
 23    47.571 53008.24685802  0.99  85.120197  69.778215  2.869
 23    45.749 53008.24685866  0.93  85.115867  69.775225  2.869
 23    42.981 53008.24685931  1.16  85.111537  69.772225  2.869
 23    38.908 53008.24685995  1.70  85.107207  69.769235  2.869
 23    36.016 53008.24686060  2.19  85.102887  69.766235  2.869
 24    28.094 53043.24681625  3.99  85.128266  69.769378  2.634
 24     8.630 53043.24681689  6.24  85.123936  69.766388  2.634
 25    37.653 53078.24684992  0.02  85.107012  69.771403  2.199
 25    35.961 53078.24685056  1.62  85.102682  69.768403  2.199
 25    29.496 53078.24685121  3.72  85.098352  69.765413  2.199
 26    35.319 53113.24681767  0.02  85.141684  69.780829  2.864
 26    19.048 53113.24681832  3.67  85.137344  69.777829  2.864
 26    18.931 53113.24681896  3.79  85.133014  69.774839  2.864
 26     0.202 53113.24681961  9.45  85.128674  69.771839  2.864
 26     0.143 53113.24682025  9.79  85.124344  69.768849  2.864
 26     1.315 53113.24682090 10.34  85.120014  69.765849  2.864
 27    32.349 53148.24686399  0.54  85.121671  69.774810  2.443
 27    25.668 53148.24686463  2.82  85.117341  69.771820  2.443
 27     8.918 53148.24686528  5.16  85.113011  69.768820  2.443
 27     6.714 53148.24686592  6.65  85.108681  69.765830  2.443
 28     2.930 53183.24686071 32.72  85.142924  69.783900 17.185
 28     7.387 53183.24686135 21.20  85.138594  69.780900 17.185
 28     2.866 53183.24686200 19.57  85.134264  69.777910 17.185
 28     5.227 53183.24686264 19.99  85.129924  69.774910 17.185
 28     7.561 53183.24686329 17.98  85.125594  69.771920 17.185
 28     8.462 53183.24686393 18.00  85.121274  69.768920 17.185
 28     8.795 53183.24686458 22.58  85.116944  69.765930 17.185
 29     6.566 53218.24688569 14.76  85.130164  69.782415 15.951
 29     6.304 53218.24688634 13.80  85.125824  69.779415 15.951
 29     5.753 53218.24688698 13.77  85.121494  69.776425 15.951
 29     6.967 53218.24688763 14.48  85.117164  69.773425 15.951
 29     7.681 53218.24688827 15.63  85.112834  69.770435 15.951
 29     8.123 53218.24688891 19.80  85.108514  69.767435 15.951
 30     7.494 53253.24686351 22.97  85.114520  69.784132 16.526
 30     5.689 53253.24686416 18.12  85.110180  69.781142 16.526
 30     5.428 53253.24686480 15.26  85.105850  69.778142 16.526
 30     5.534 53253.24686545 16.31  85.101530  69.775152 16.526
 30     6.907 53253.24686609 15.52  85.097200  69.772152 16.526
 30     7.610 53253.24686674 17.37  85.092870  69.769152 16.526
 30     7.843 53253.24686738 23.19  85.088550  69.766162 16.526
 31     7.061 53288.24686379 23.61  85.147308  69.785272  9.375
 31     3.082 53288.24686444 22.86  85.142969  69.782273  7.243
 31     6.353 53288.24686508 22.85  85.138629  69.779283  7.243
 31     5.635 53288.24686573 21.83  85.134299  69.776283  7.243
 31     5.736 53288.24686637 21.78  85.129969  69.773293  7.243
 31     6.292 53288.24686701 22.74  85.125629  69.770293  7.243
 31     7.013 53288.24686766 22.35  85.121299  69.767303  7.243
 31     7.924 53288.24686830 23.25  85.116969  69.764303  7.243
 32    42.485 53323.24683992  2.53  85.142768  69.784451  2.622
 32    40.351 53323.24684056  3.71  85.138438  69.781451  2.622
 32    44.368 53323.24684120  2.65  85.134108  69.778461  2.622
 32    40.857 53323.24684185  3.29  85.129778  69.775461  2.622
 32    38.662 53323.24684249  3.42  85.125449  69.772467  3.511
 32    31.226 53323.24684314  3.25  85.121119  69.769467  3.511
 32    29.646 53323.24684378  4.20  85.116789  69.766477  3.511
 34    34.737 53393.24682080  1.43  85.143621  69.779810  3.095
 34    23.043 53393.24682144  2.31  85.139281  69.776820  3.095
 34     5.204 53393.24682209  7.35  85.134951  69.773820  3.095
 34     5.482 53393.24682273  7.71  85.130621  69.770830  3.095
 34     0.471 53393.24682338 11.51  85.126291  69.767830  3.095
 34     2.364 53393.24682402 11.23  85.121961  69.764840  3.095
 35    35.825 53428.24681770  0.25  85.110914  69.771346  3.433
 35    26.500 53428.24681834  2.94  85.106594  69.768346  3.433
 35     4.872 53428.24681898  7.26  85.102264  69.765356  3.433
 36     0.117 53463.24683353  9.50  85.154912  69.784600  2.780
 36    -0.653 53463.24683418 10.16  85.150573  69.781600  2.474
 36    -0.415 53463.24683482 10.01  85.146243  69.778610  2.474
 36    -0.332 53463.24683546  9.17  85.141913  69.775610  2.474
 36     0.371 53463.24683611  8.89  85.137573  69.772620  2.474
 36     0.399 53463.24683675  8.03  85.133243  69.769620  2.474
 36     0.209 53463.24683740  8.85  85.128913  69.766630  2.474
 36     0.279 53463.24683804  7.87  85.124583  69.763630  2.474
 37    22.696 53498.24690438  2.74  85.132128  69.784861  2.632
 37     2.174 53498.24690502  4.67  85.127788  69.781861  2.632
 37    15.013 53498.24690567  4.59  85.123458  69.778871  2.632
 37     0.469 53498.24690631  5.29  85.119128  69.775871  2.632
 37     0.448 53498.24690696  4.90  85.114798  69.772881  2.632
 37     4.503 53498.24690760  4.37  85.110468  69.769881  2.632
 37     6.862 53498.24690825  4.30  85.106138  69.766891  2.632
 38     7.173 53533.24688694 21.28  85.134125  69.784291 16.312
 38     5.134 53533.24688759 18.89  85.129795  69.781291 16.312
 38     5.787 53533.24688823 17.43  85.125465  69.778301 16.312
 38     6.334 53533.24688888 17.93  85.121135  69.775301 16.312
 38     7.209 53533.24688952 18.39  85.116805  69.772311 16.312
 38     8.162 53533.24689016 19.74  85.112475  69.769311 16.312
 38     8.648 53533.24689081 23.46  85.108155  69.766321 16.312
 39     8.255 53568.24690542 19.25  85.124489  69.784278 15.934
 39     6.343 53568.24690607 14.71  85.120159  69.781278 15.934
 39     5.774 53568.24690671 13.60  85.115829  69.778288 15.934
 39     6.359 53568.24690736 13.40  85.111499  69.775288 15.934
 39     6.990 53568.24690800 14.50  85.107169  69.772298 15.934
 39     7.873 53568.24690864 16.83  85.102839  69.769298 15.934
 39     7.920 53568.24690929 21.99  85.098519  69.766308 15.934
 40     6.312 53603.24685159 18.11  85.118399  69.781955 16.105
 40     5.803 53603.24685223 14.06  85.114069  69.778965 16.105
 40    -0.090 53603.24685288 18.37  85.109739  69.775965 16.105
 40    -0.341 53603.24685352 20.91  85.105409  69.772975 16.105
 40     7.507 53603.24685417 16.78  85.101089  69.769975 16.105
 40     7.924 53603.24685481 19.27  85.096759  69.766985 16.105
 41     8.573 53638.24684857 16.10  85.146629  69.784209 15.386
 41     8.096 53638.24684922 14.84  85.142297  69.781208 11.690
 41     5.965 53638.24684986 15.27  85.137967  69.778218 11.690
 41     6.541 53638.24685050 15.04  85.133627  69.775218 11.690
 41     6.864 53638.24685115 16.04  85.129297  69.772228 11.690
 41     7.646 53638.24685179 17.58  85.124967  69.769228 11.690
 41     8.234 53638.24685244 20.96  85.120637  69.766238 11.690
 42    50.897 53673.24686972  6.09  85.131768  69.783102  4.830
 42    48.397 53673.24687036  5.81  85.127438  69.780102  4.830
 42    32.955 53673.24687101  9.47  85.123098  69.777112  4.830
 42    24.004 53673.24687165 12.95  85.118768  69.774112  4.830
 42    21.714 53673.24687230 16.57  85.114438  69.771122  4.830
 42    21.812 53673.24687294 17.46  85.110108  69.768122  4.830
 42    21.400 53673.24687359 20.15  85.105788  69.765132  4.830
 43    51.658 53708.24680124  1.35  85.125580  69.782983  3.136
 43    50.379 53708.24680189  1.62  85.121250  69.779983  3.136
 43    46.685 53708.24680253  2.70  85.116920  69.776993  3.136
 43    44.457 53708.24680317  2.49  85.112600  69.773993  3.136
 43    42.247 53708.24680382  2.65  85.108270  69.771003  3.136
 43    40.742 53708.24680446  2.49  85.103940  69.768003  3.136
 44    51.260 53743.24671279  0.69  85.109548  69.782095  2.482
 44    49.015 53743.24671343  1.09  85.105228  69.779095  2.482
 44    48.362 53743.24671407  1.04  85.100898  69.776095  2.482
 44    45.729 53743.24671472  1.52  85.096568  69.773105  2.482
 44    40.193 53743.24671536  1.42  85.092248  69.770105  2.482
 44    42.186 53743.24671601  1.60  85.087918  69.767115  2.482
 44    37.306 53743.24671665  1.76  85.083598  69.764115  2.482
 45    45.108 53778.24673988  0.18  85.135106  69.778235  2.965
 45    42.713 53778.24674053  0.37  85.130776  69.775235  2.965
 45    34.685 53778.24674117  0.97  85.126446  69.772245  2.965
 45    30.820 53778.24674182  3.45  85.122116  69.769245  2.965
 45    30.386 53778.24674246  4.01  85.117786  69.766255  2.965
 46    40.250 53813.24671710  0.03  85.096878  69.771413  2.102
 46    36.505 53813.24671839  0.50  85.088228  69.765423  2.102
 47    33.186 53848.24677194  0.54  85.131363  69.774399  3.058
 47    25.631 53848.24677258  2.15  85.127033  69.771409  3.058
 47    15.185 53848.24677323  5.61  85.122703  69.768409  3.058
 47     7.482 53848.24677387  5.90  85.118373  69.765419  3.058
 49     7.570 53918.24685176 23.02  85.126837  69.783641 15.532
 49     6.761 53918.24685240 16.28  85.122507  69.780641 15.532
 49     6.056 53918.24685305 14.84  85.118167  69.777651 15.532
 49     6.389 53918.24685369 15.05  85.113837  69.774651 15.532
 49     7.498 53918.24685434 14.90  85.109507  69.771661 15.532
 49     8.009 53918.24685498 18.32  85.105177  69.768661 15.532
 49     8.394 53918.24685563 22.27  85.100857  69.765671 15.532
 50     8.104 53953.24685493 18.99  85.121814  69.782657 15.001
 50     4.956 53953.24685558 15.89  85.117484  69.779657 15.001
 50     5.737 53953.24685622 14.64  85.113154  69.776667 15.001
 50     6.537 53953.24685687 16.17  85.108824  69.773667 15.001
 50     6.809 53953.24685751 20.78  85.104494  69.770677 15.001
 50     7.891 53953.24685815 20.35  85.100164  69.767677 15.001
 52    50.512 54023.24683370  7.12  85.151373  69.785076  3.140
 52    48.121 54023.24683435  6.76  85.147033  69.782076  3.140
 52    45.917 54023.24683499  6.41  85.142698  69.779082  4.457
 52    43.633 54023.24683564  7.39  85.138368  69.776092  4.457
 52    40.514 54023.24683628  7.74  85.134038  69.773092  4.457
 52    32.400 54023.24683693  9.54  85.129708  69.770102  4.457
 52    30.478 54023.24683757  9.92  85.125378  69.767102  4.457
 53    49.771 54058.24682657  1.54  85.146135  69.784589  2.551
 53    47.431 54058.24682722  1.42  85.141795  69.781589  2.551
 53    41.107 54058.24682786  1.94  85.137461  69.778602  2.920
 53    43.115 54058.24682851  2.07  85.133131  69.775602  2.920
 53    40.510 54058.24682915  2.55  85.128801  69.772612  2.920
 53    38.190 54058.24682980  2.49  85.124471  69.769612  2.920
 53    31.201 54058.24683044  5.91  85.120141  69.766622  2.920
 54    41.975 54093.24681006  0.19  85.104698  69.773166  2.742
 54    39.349 54093.24681071  0.22  85.100378  69.770176  2.742
 54    41.905 54093.24681135  0.21  85.096048  69.767176  2.742
 55    37.265 54128.24674530  0.69  85.148298  69.778730  3.070
 55    22.572 54128.24674595  2.20  85.143958  69.775740  3.070
 55     3.766 54128.24674659  8.35  85.139628  69.772740  3.070
 55     0.037 54128.24674788 12.99  85.130968  69.766750  3.070
 55     2.030 54128.24674853 12.14  85.126638  69.763760  3.070
 56    34.925 54163.24678005  0.03  85.109110  69.769900  2.486
 56    31.610 54163.24678070  2.25  85.104790  69.766910  2.486
 57    36.661 54198.24674848  0.19  85.137915  69.776978  2.954
 57    17.592 54198.24674913  4.47  85.133585  69.773978  2.954
 57     4.478 54198.24674977  7.84  85.129245  69.770988  2.954
 57     3.540 54198.24675042  8.57  85.124915  69.767988  2.954
 57     2.367 54198.24675106  9.33  85.120585  69.764998  2.954
 58    38.824 54233.24678992  1.88  85.142902  69.785001  4.023
 58    26.030 54233.24679056  2.35  85.138562  69.782001  4.023
 58    29.283 54233.24679121  2.47  85.134232  69.779011  4.023
 58    32.514 54233.24679185  2.42  85.129902  69.776011  4.023
 58    25.790 54233.24679250  4.43  85.125572  69.773021  4.023
 59     4.062 54268.24680903 48.35  85.136883  69.784606 27.829
 59     4.246 54268.24680968 50.17  85.132543  69.781606 27.829
 59     4.086 54268.24681032 48.73  85.128213  69.778616 27.829
 59     3.986 54268.24681097 48.36  85.123883  69.775616 27.829
 59     3.955 54268.24681161 49.27  85.119553  69.772626 27.829
 59     3.856 54268.24681226 50.79  85.115223  69.769626 27.829
 59     3.948 54268.24681290 48.49  85.110893  69.766636 27.829
 60     8.394 54303.24681299 20.68  85.136772  69.784104 18.706
 60     6.388 54303.24681364 14.23  85.132432  69.781104 18.706
 60     4.202 54303.24681428 15.64  85.128102  69.778114 18.706
 60     5.753 54303.24681493 14.13  85.123772  69.775114 18.706
 60     7.131 54303.24681557 15.38  85.119442  69.772124 18.706
 60     8.025 54303.24681621 16.68  85.115112  69.769124 18.706
 60     8.358 54303.24681686 20.37  85.110782  69.766134 18.706
 61     7.689 54338.24679868 19.23  85.128563  69.783586 12.913
 61     6.642 54338.24679933 17.30  85.124223  69.780586 12.913
 61     5.561 54338.24679997 15.23  85.119893  69.777596 12.913
 61     6.213 54338.24680061 14.63  85.115563  69.774596 12.913
 61     7.148 54338.24680126 15.69  85.111243  69.771606 12.913
 61     7.989 54338.24680190 18.47  85.106913  69.768606 12.913
 61     8.554 54338.24680255 22.32  85.102583  69.765616 12.913
 62     7.023 54373.24674613 18.36  85.144491  69.783763 10.532
 62     6.562 54373.24674678 18.34  85.140161  69.780773 10.532
 62     5.574 54373.24674742 17.98  85.135831  69.777773 10.532
 62     6.207 54373.24674807 17.65  85.131501  69.774783 10.532
 62     7.039 54373.24674871 19.02  85.127161  69.771783 10.532
 62     7.400 54373.24674936 21.64  85.122831  69.768793 10.532
 62     7.863 54373.24675000 24.07  85.118511  69.765793 10.532
 63    41.872 54408.24674445  3.44  85.129775  69.782320  4.006
 63    37.455 54408.24674510  5.15  85.125435  69.779330  4.006
 63    36.925 54408.24674574  5.13  85.121105  69.776330  4.006
 63    32.113 54408.24674638  6.03  85.116775  69.773340  4.006
 63    34.978 54408.24674703  6.04  85.112445  69.770340  4.006
 63    29.729 54408.24674767  6.31  85.108125  69.767350  4.006
 64    38.602 54443.24670726  0.59  85.152283  69.780910  2.986
 64    30.218 54443.24670791  1.58  85.147943  69.777910  2.986
 64    18.383 54443.24670855  4.61  85.143613  69.774920  2.986
 64    15.259 54443.24670920  6.31  85.139273  69.771920  2.986
 64     7.040 54443.24670984  7.30  85.134943  69.768930  2.986
 64     6.104 54443.24671048 11.83  85.130613  69.765930  2.986
 65    25.666 54478.24673611  3.24  85.118086  69.770905  2.692
 65     9.290 54478.24673676  5.02  85.113756  69.767915  2.692
 65     6.575 54478.24673740  7.50  85.109436  69.764925  2.692
 66     0.286 54513.24672226 11.64  85.150992  69.781728  3.536
 66     0.250 54513.24672290 13.99  85.146652  69.778738  3.536
 66     0.006 54513.24672355 11.83  85.142322  69.775738  3.536
 66     0.299 54513.24672419 10.69  85.137992  69.772748  3.536
 66     0.219 54513.24672484 10.17  85.133652  69.769748  3.536
 66     0.586 54513.24672548  9.51  85.129322  69.766758  3.536
 66     4.175 54513.24672613  9.12  85.124992  69.763758  3.536
 67    29.104 54548.24674998  2.09  85.110260  69.771340  2.335
 67    11.172 54548.24675062  5.31  85.105930  69.768350  2.335
 67     6.515 54548.24675127  6.75  85.101600  69.765350  2.335
 68    16.659 54583.24671768  3.15  85.140098  69.784105  2.354
 68    18.957 54583.24671833  3.16  85.135768  69.781115  2.354
 68    13.704 54583.24671897  3.63  85.131428  69.778115  2.354
 68    16.769 54583.24671962  2.98  85.127098  69.775125  2.354
 68    17.259 54583.24672026  3.11  85.122768  69.772125  2.354
 68    17.278 54583.24672091  2.32  85.118438  69.769135  2.354
 68    20.535 54583.24672155  2.42  85.114108  69.766135  2.354
 69     7.646 54618.24673846 28.93  85.136108  69.783012 30.615
 69     7.644 54618.24673910 28.08  85.131778  69.780022 30.615
 69     7.721 54618.24673974 31.56  85.127448  69.777022 30.615
 69     7.819 54618.24674039 30.32  85.123118  69.774032 30.615
 69     7.840 54618.24674103 31.04  85.118788  69.771032 30.615
 69     7.684 54618.24674168 32.16  85.114458  69.768042 30.615
 69     7.760 54618.24674232 31.13  85.110128  69.765042 30.615
 70     6.965 54653.24675032 17.88  85.133234  69.783556 15.201
 70     6.562 54653.24675096 15.02  85.128904  69.780566 15.201
 70     5.924 54653.24675161 15.55  85.124574  69.777566 15.201
 70     6.724 54653.24675225 14.73  85.120244  69.774576 15.201
 70     7.646 54653.24675290 14.91  85.115914  69.771576 15.201
 70     8.225 54653.24675354 18.41  85.111584  69.768586 15.201
 70     8.366 54653.24675419 24.92  85.107254  69.765586 15.201
 71     7.095 54688.24673957 17.80  85.127736  69.783935 15.614
 71     6.216 54688.24674021 14.63  85.123406  69.780945 15.614
 71     4.796 54688.24674086 15.14  85.119076  69.777945 15.614
 71     4.316 54688.24674150 17.34  85.114746  69.774955 15.614
 71     6.182 54688.24674214 20.67  85.110416  69.771955 15.614
 71     7.684 54688.24674279 17.99  85.106096  69.768965 15.614
 71     8.064 54688.24674343 22.35  85.101766  69.765965 15.614
 72     2.719 54723.24669687 18.79  85.156518  69.785794 19.028
 72     1.927 54723.24669752 16.72  85.152188  69.782794 19.028
 72     6.229 54723.24669816 14.15  85.147848  69.779804 19.028
 72     5.453 54723.24669881 14.56  85.143518  69.776814 19.028
 72     6.071 54723.24669945 13.87  85.139178  69.773814 19.028
 72     7.015 54723.24670010 14.34  85.134848  69.770824 19.028
 72     7.834 54723.24670074 16.88  85.130518  69.767824 19.028
 72     8.548 54723.24670138 22.07  85.126188  69.764824 19.028
 73    51.595 54758.24671513  7.62  85.133332  69.784724  3.261
 73    45.436 54758.24671577  7.18  85.129002  69.781724  3.261
 73    47.321 54758.24671642  6.26  85.124665  69.778734  5.131
 73    44.994 54758.24671706  6.27  85.120335  69.775734  5.131
 73    37.701 54758.24671770  6.74  85.116005  69.772744  5.131
 73    41.189 54758.24671835  6.87  85.111685  69.769744  5.131
 73    35.268 54758.24671899  6.75  85.107355  69.766754  5.131
 74    50.157 54793.24669048  2.26  85.156113  69.785607  2.771
 74    48.509 54793.24669112  1.98  85.151783  69.782617  2.771
 74    44.924 54793.24669177  2.84  85.147443  69.779627  2.771
 74    43.674 54793.24669241  2.75  85.143113  69.776627  2.771
 74    40.480 54793.24669306  3.21  85.138773  69.773637  2.771
 74    38.201 54793.24669370  3.51  85.134443  69.770637  2.771
 74    30.201 54793.24669435  4.91  85.130113  69.767647  2.771
 75    50.702 54828.24671328  0.43  85.139305  69.784279  2.406
 75    48.387 54828.24671392  0.83  85.134965  69.781279  2.406
 75    46.045 54828.24671457  1.23  85.130635  69.778289  2.406
 75    43.358 54828.24671521  1.37  85.126305  69.775289  2.406
 75    40.571 54828.24671586  1.81  85.121975  69.772299  2.406
 75    34.661 54828.24671650  1.85  85.117645  69.769299  2.406
 75    31.166 54828.24671715  5.19  85.113315  69.766309  2.406
 76    42.483 54863.24668473  1.10  85.152410  69.785295  2.587
 76    41.732 54863.24668538  1.48  85.148070  69.782305  2.587
 76    40.655 54863.24668602  1.65  85.143740  69.779315  2.587
 76    36.535 54863.24668667  1.98  85.139400  69.776315  2.587
 76    32.531 54863.24668731  2.33  85.135070  69.773325  2.587
 76    24.183 54863.24668796  4.76  85.130740  69.770325  2.587
 76    28.235 54863.24668860  5.69  85.126410  69.767335  2.587
 76     7.202 54863.24668924  8.73  85.122080  69.764335  2.587
 77    47.036 54898.24671363  0.03  85.129477  69.784136  2.282
 77    47.918 54898.24671428  0.30  85.125147  69.781146  2.282
 77    41.291 54898.24671492  0.66  85.120817  69.778146  2.282
 77    37.977 54898.24671557  0.93  85.116487  69.775156  2.282
 77    37.009 54898.24671621  1.14  85.112157  69.772156  2.282
 77    35.995 54898.24671686  1.30  85.107827  69.769166  2.282
 77    32.319 54898.24671750  3.20  85.103507  69.766166  2.282
 78    38.732 54933.24667944  1.96  85.147418  69.785748  3.644
 78    26.601 54933.24668008  2.40  85.143088  69.782748  3.644
 78    27.343 54933.24668073  2.94  85.138748  69.779758  3.644
 78    29.891 54933.24668137  2.82  85.134418  69.776758  3.644
 78    30.865 54933.24668202  2.98  85.130088  69.773768  3.644
 78    30.953 54933.24668266  3.74  85.125758  69.770768  3.644
 78     5.306 54933.24668331 10.32  85.121428  69.767778  3.644
 79    27.616 54968.24671451  1.34  85.135376  69.782957  5.729
 79    27.092 54968.24671515  1.56  85.131036  69.779957  5.729
 79    29.683 54968.24671580  1.67  85.126706  69.776967  5.729
 79     1.398 54968.24671838 20.22  85.109396  69.764987  5.729
 81     6.406 55038.24672141 18.91  85.133764  69.782137 20.696
 81    -0.484 55038.24672205 17.71  85.129434  69.779147 20.696
 81     5.059 55038.24672269 16.35  85.125104  69.776147 20.696
 81     6.610 55038.24672334 16.24  85.120774  69.773157 20.696
 81     7.023 55038.24672398 19.17  85.116444  69.770157 20.696
 81     7.976 55038.24672463 21.56  85.112114  69.767167 20.696
 82     6.983 55073.24670716 14.22  85.122885  69.781852 16.962
 82     5.569 55073.24670780 13.33  85.118555  69.778852 16.962
 82     5.688 55073.24670845 14.38  85.114225  69.775862 16.962
 82     6.658 55073.24670909 15.14  85.109895  69.772862 16.962
 82     7.164 55073.24670974 17.62  85.105565  69.769872 16.962
 82     7.866 55073.24671038 20.06  85.101245  69.766872 16.962
 83     0.063 55108.24665280 23.10  85.150405  69.785044 17.172
 83    -0.345 55108.24665345 21.94  85.146075  69.782044 17.172
 83     6.494 55108.24665409 16.68  85.141735  69.779054 17.172
 83     5.838 55108.24665473 15.64  85.137405  69.776064 17.172
 83     6.688 55108.24665538 14.76  85.133075  69.773064 17.172
 83     8.041 55108.24665602 14.69  85.128745  69.770064 17.172
 83     8.336 55108.24665667 18.26  85.124415  69.767074 17.172
 83     8.448 55108.24665731 24.76  85.120085  69.764074 17.172
 84    51.935 55143.24665825  3.56  85.129725  69.783646  3.203
 84    48.957 55143.24665889  3.92  85.125395  69.780656  3.203
 84    46.570 55143.24665954  4.18  85.121065  69.777656  3.203
 84    44.993 55143.24666018  4.54  85.116735  69.774666  3.203
 84    43.477 55143.24666083  4.42  85.112405  69.771666  3.203
 84    41.130 55143.24666147  4.92  85.108075  69.768676  3.203
 85    48.708 55178.24662495  0.21  85.158605  69.785593  2.961
 85    47.129 55178.24662560  0.20  85.154275  69.782603  2.961
 85    44.642 55178.24662624  0.78  85.149935  69.779613  2.961
 85    34.782 55178.24662688  1.19  85.145605  69.776613  2.961
 85    21.149 55178.24662753  4.58  85.141265  69.773623  2.961
 85     6.945 55178.24662817  7.60  85.136935  69.770623  2.961
 85     6.467 55178.24662882 11.18  85.132605  69.767633  2.961
 85     3.150 55178.24662946 14.96  85.128275  69.764633  2.961
 86    44.037 55213.24665452  0.10  85.121355  69.775054  2.683
 86    36.680 55213.24665517  0.05  85.117025  69.772064  2.683
 86    27.674 55213.24665581  3.57  85.112695  69.769064  2.683
 86    16.840 55213.24665646  5.56  85.108375  69.766074  2.683
 87    38.064 55248.24662716  0.10  85.140846  69.779557  2.747
 87    40.417 55248.24662780  0.71  85.136506  69.776567  2.747
 87    29.925 55248.24662845  1.63  85.132176  69.773567  2.747
 87    24.213 55248.24662909  4.16  85.127846  69.770577  2.747
 87     6.549 55248.24662974  8.33  85.123516  69.767577  2.747
 87     6.630 55248.24663038  9.88  85.119186  69.764577  2.747
 88    38.579 55283.24664876  1.01  85.113256  69.773685  2.354
 88    32.737 55283.24664940  1.90  85.108936  69.770685  2.354
 88    27.965 55283.24665005  3.14  85.104606  69.767695  2.354
 89    38.418 55318.24661642  0.89  85.132424  69.783209  2.751
 89    37.420 55318.24661706  1.00  85.128094  69.780219  2.751
 89    33.322 55318.24661771  1.27  85.123764  69.777219  2.751
 89    11.983 55318.24661835  7.37  85.119434  69.774229  2.751
 89     6.424 55318.24661964  7.79  85.110774  69.768239  2.751
 89     6.054 55318.24662029  8.38  85.106444  69.765239  2.751
 90     5.635 55353.24661954 27.09  85.128206  69.782091 24.096
 90     5.653 55353.24662018 29.68  85.123866  69.779101 24.096
 90     5.649 55353.24662083 31.48  85.119536  69.776101 24.096
 90     5.699 55353.24662147 36.46  85.115206  69.773111 24.096
 90     5.676 55353.24662211 40.41  85.110886  69.770111 24.096
 90     5.695 55353.24662276 36.43  85.106556  69.767121 24.096
 91     0.008 55388.24661552 29.15  85.150732  69.786292 12.134
 91     0.297 55388.24661617 30.63  85.146402  69.783292 12.134
 91     0.741 55388.24661681 30.58  85.142062  69.780302 12.134
 91     0.804 55388.24661746 34.19  85.137732  69.777312 12.134
 91     0.875 55388.24661810 38.99  85.133402  69.774312 12.134
 91     0.865 55388.24661875 38.34  85.129062  69.771322 12.134
 91     0.924 55388.24661939 33.63  85.124732  69.768322 12.134
 91     0.564 55388.24662004 31.38  85.120412  69.765332 12.134
 92     6.167 55423.24663672 21.14  85.134461  69.783301 23.986
 92     6.246 55423.24663736 15.74  85.130132  69.780310 15.807
 92     3.952 55423.24663801 15.96  85.125792  69.777310 15.807
 92     6.545 55423.24663865 15.39  85.121462  69.774320 15.807
 92     7.501 55423.24663930 15.56  85.117132  69.771320 15.807
 92     7.958 55423.24663994 17.85  85.112802  69.768330 15.807
 92     8.217 55423.24664059 26.09  85.108482  69.765330 15.807
 93     8.351 55458.24660907 20.37  85.124868  69.783516 18.403
 93     6.777 55458.24660971 15.20  85.120538  69.780526 18.403
 93     5.756 55458.24661036 15.36  85.116208  69.777526 18.403
 93     6.243 55458.24661100 16.32  85.111878  69.774536 18.403
 93     7.473 55458.24661164 16.25  85.107548  69.771536 18.403
 93     7.845 55458.24661229 18.23  85.103228  69.768546 18.403
 93     8.212 55458.24661293 21.75  85.098898  69.765546 18.403
