# NaN NaN NaN ;Mean Elev.(m), Avg Gradient(m/km), RMS Gradient(m/km) - SRTM1     
#    4.661  -0.778   6.805 ;Mean Elev.(m), Avg Gradient(m/km), RMS Gradient(m/km) - ASTER GDEM
#    0.033  -0.985   7.038 ;Mean Elev.(m), Avg Gradient(m/km), RMS Gradient(m/km) - GMTED2010 
  8     1.163 52486.25075522 11.73  83.764792  69.833875  8.644
  8     0.843 52486.25075587 12.55  83.760442  69.830885  8.644
  8     2.971 52486.25075651 12.82  83.756092  69.827885  8.644
  8     4.253 52486.25075716 13.01  83.751742  69.824895  8.644
  8     5.365 52486.25075780 13.53  83.747392  69.821905  8.644
  8     6.286 52486.25075845 14.36  83.743042  69.818905  8.644
  8     6.790 52486.25075909 19.16  83.738702  69.815915  8.644
  9    62.785 52521.25072287  6.05  83.760192  69.835236  5.481
  9    61.886 52521.25072351  8.00  83.755842  69.832246  5.481
  9    61.002 52521.25072416  4.00  83.751492  69.829246  5.481
  9    59.850 52521.25072480  2.31  83.747141  69.826260 15.410
 11    42.578 52591.25076592  0.18  83.763682  69.833512  3.366
 11    40.049 52591.25076656  0.79  83.759332  69.830522  3.366
 11    27.165 52591.25076914  2.06  83.741932  69.818542  3.366
 12     4.082 52626.25069039  8.13  83.762620  69.809337  3.054
 12     0.321 52626.25069103 12.75  83.758270  69.806347  3.054
 13     0.088 52661.25073293 11.80  83.749672  69.820421  2.566
 13     0.086 52661.25073358 12.55  83.745322  69.817431  2.566
 13     0.702 52661.25073422 11.13  83.740972  69.814431  2.566
 14     0.098 52696.25071073  9.13  83.773599  69.819476  2.471
 14    -0.144 52696.25071137 10.39  83.769249  69.816476  2.471
 14     0.236 52696.25071202 10.02  83.764899  69.813486  2.471
 14     0.245 52696.25071266  9.59  83.760559  69.810496  2.471
 14     0.274 52696.25071331  9.05  83.756210  69.807495  1.732
 15    -0.594 52731.25073585  9.31  83.772486  69.831898  2.829
 15     0.229 52731.25073649  8.44  83.768136  69.828908  2.829
 15     0.071 52731.25073714  8.73  83.763786  69.825908  2.829
 15     0.703 52731.25073778  8.73  83.759436  69.822918  2.829
 15     0.913 52731.25073843  8.95  83.755086  69.819928  2.829
 15     0.901 52731.25073907  8.46  83.750746  69.816928  2.829
 15     1.051 52731.25073972  8.12  83.746396  69.813938  2.829
 17    64.098 52801.25074512 11.78  83.787092  69.830166  8.741
 17    63.179 52801.25074576  9.39  83.782742  69.827176  8.741
 17    62.242 52801.25074641  7.23  83.778382  69.824176  8.741
 17    60.134 52801.25074705  6.61  83.774032  69.821186  8.741
 17    59.394 52801.25074770  4.19  83.769682  69.818196  8.741
 17    57.601 52801.25074834  2.99  83.765332  69.815196  8.741
 17    55.442 52801.25074898  0.97  83.760982  69.812206  8.741
 17    51.662 52801.25075027  2.07  83.752292  69.806216  8.741
 18    -0.653 52836.25081186 28.85  83.781848  69.830262 18.880
 18    -0.816 52836.25081250 29.18  83.777488  69.827272 18.880
 18    -0.926 52836.25081315 28.00  83.773138  69.824282 18.880
 18    -1.169 52836.25081379 25.16  83.768788  69.821282 18.880
 18    -0.713 52836.25081444 22.09  83.764438  69.818292 18.880
 18     5.193 52836.25081508 18.97  83.760088  69.815302 18.880
 18     6.202 52836.25081573 17.17  83.755738  69.812302 18.880
 18     6.710 52836.25081637 21.61  83.751398  69.809312 18.880
 19    -0.119 52871.25085268 13.31  83.775444  69.831343 17.662
 19    -0.121 52871.25085333 13.55  83.771094  69.828353 17.662
 19     0.004 52871.25085397 13.76  83.766744  69.825353 17.662
 19     2.762 52871.25085461 14.09  83.762394  69.822363 17.662
 19     5.110 52871.25085526 14.33  83.758044  69.819373 17.662
 19     5.728 52871.25085590 15.01  83.753694  69.816373 17.662
 19     6.626 52871.25085655 17.22  83.749344  69.813383 17.662
 19     6.676 52871.25085719 22.54  83.745004  69.810393 17.662
 20    -0.185 52906.25084871 23.68  83.765986  69.832826  6.306
 20    -0.288 52906.25084936 24.91  83.761626  69.829826  6.306
 20    -0.143 52906.25085000 24.66  83.757276  69.826836  6.306
 20    -0.187 52906.25085065 24.83  83.752926  69.823846  6.306
 20    -0.085 52906.25085129 25.19  83.748586  69.820846  6.306
 20    -0.010 52906.25085194 24.33  83.744238  69.817858 21.695
 20     6.615 52906.25085258 23.79  83.739888  69.814858 21.695
 21    37.792 52941.25077993 11.00  83.785816  69.828039  6.583
 21    20.857 52941.25078057 20.53  83.781466  69.825049  6.583
 21    20.922 52941.25078121 20.63  83.777116  69.822059  6.583
 21    21.942 52941.25078186 13.55  83.772766  69.819059  6.583
 21     0.403 52941.25078315 35.69  83.764066  69.813079  6.583
 21     0.519 52941.25078379 38.02  83.759719  69.810080  5.510
 21    -0.697 52941.25078444 39.08  83.755369  69.807090  5.510
 23    -0.326 53011.25083343 15.31  83.752817  69.826738  3.894
 23    -0.360 53011.25083408 16.24  83.748467  69.823748  3.894
 23    -0.083 53011.25083472 15.61  83.744117  69.820748  3.894
 23     1.046 53011.25083537 14.21  83.739776  69.817762  1.974
 23     1.597 53011.25083601 13.33  83.735426  69.814762  1.974
 24    -0.194 53046.25079905 13.47  83.761193  69.818781  2.682
 24     0.004 53046.25079970 14.62  83.756843  69.815791  2.682
 24     0.100 53046.25080034 13.30  83.752493  69.812801  2.682
 24     2.225 53046.25080098 12.25  83.748153  69.809801  2.682
 25    -0.730 53081.25083090 11.71  83.760363  69.834050  3.103
 25    -0.652 53081.25083154 13.03  83.756012  69.831053  2.281
 25    -0.567 53081.25083219 12.21  83.751652  69.828063  2.281
 25    -0.504 53081.25083283 11.55  83.747312  69.825073  2.281
 25     0.043 53081.25083348 11.26  83.742962  69.822073  2.281
 25     0.809 53081.25083412 10.65  83.738612  69.819083  2.281
 25     0.723 53081.25083477 10.31  83.734262  69.816083  2.281
 26    -1.601 53116.25080168 10.29  83.773549  69.829616  2.695
 26    -1.692 53116.25080233 11.23  83.769203  69.826624  2.090
 26    -0.922 53116.25080297 10.96  83.764853  69.823634  2.090
 26    -0.851 53116.25080362 10.14  83.760503  69.820634  2.090
 26    -0.493 53116.25080426  9.89  83.756143  69.817644  2.090
 26    -0.091 53116.25080491  9.46  83.751803  69.814654  2.090
 26    -0.183 53116.25080555  9.14  83.747453  69.811654  2.090
 27     0.353 53151.25085105 13.47  83.755081  69.824097  9.389
 27     0.718 53151.25085170 12.77  83.750731  69.821107  9.389
 27     0.663 53151.25085234 14.12  83.746391  69.818117  9.389
 27     1.036 53151.25085299 16.56  83.742041  69.815117  9.389
 29     4.079 53221.25086196 11.45  83.766908  69.834275 10.726
 29     2.909 53221.25086261 11.60  83.762558  69.831285 10.726
 29     2.919 53221.25086325 12.54  83.758208  69.828295 10.726
 29     2.931 53221.25086389 12.80  83.753858  69.825295 10.726
 29     4.577 53221.25086454 13.22  83.749507  69.822311 22.518
 29     5.967 53221.25086518 13.79  83.745167  69.819311 22.518
 29     6.416 53221.25086583 15.76  83.740817  69.816321 22.518
 30    63.205 53256.25083748  7.82  83.760433  69.840733  5.559
 30    62.448 53256.25083813  6.64  83.756073  69.837743  5.559
 30    61.880 53256.25083877  5.98  83.751723  69.834743  5.559
 30    61.080 53256.25083942  1.88  83.747373  69.831753  5.559
 30    58.303 53256.25084071  5.22  83.738673  69.825763  5.559
 30     6.413 53256.25084135 13.95  83.734331  69.822773 13.785
 30     6.897 53256.25084200 19.27  83.729981  69.819773 13.785
 31    39.128 53291.25085239  6.86  83.774078  69.830219  7.197
 31    37.753 53291.25085303  5.58  83.769728  69.827229  7.197
 31    35.482 53291.25085367  5.17  83.765378  69.824239  7.197
 31     2.415 53291.25085496 14.98  83.756668  69.818249  7.197
 31     2.477 53291.25085561 19.43  83.752318  69.815259  7.197
 31     3.749 53291.25085625 19.62  83.747978  69.812259  7.197
 32    39.401 53326.25082788  0.43  83.762090  69.827224  5.228
 32    33.498 53326.25082852  0.95  83.757730  69.824234  5.228
 32     0.279 53326.25083046 22.88  83.744690  69.815254  5.228
 32     0.311 53326.25083110 22.55  83.740350  69.812254  5.228
 35    -1.358 53431.25079619 12.09  83.763015  69.834631  3.142
 35    -0.707 53431.25079683 11.53  83.758665  69.831641  3.142
 35    -0.472 53431.25079748 11.10  83.754315  69.828641  3.142
 35    -0.001 53431.25079812 10.76  83.749965  69.825651  3.142
 35     0.250 53431.25079877 10.74  83.745615  69.822661  3.142
 35     0.358 53431.25079941 10.43  83.741275  69.819661  3.142
 35     0.382 53431.25080005 10.12  83.736925  69.816671  3.142
 36    -1.039 53466.25082788  9.90  83.780678  69.829224  2.857
 36    -1.496 53466.25082852 11.35  83.776328  69.826234  2.857
 36    -1.083 53466.25082917 11.85  83.771968  69.823244  2.857
 36    -0.722 53466.25082981 10.49  83.767618  69.820244  2.857
 36    -0.235 53466.25083045  9.83  83.763268  69.817254  2.857
 36    -0.068 53466.25083110  9.76  83.758918  69.814264  2.857
 36    -0.436 53466.25083174  9.84  83.754578  69.811264  2.857
 36    -0.195 53466.25083239  9.32  83.750228  69.808274  2.857
 37    29.799 53501.25088737  0.53  83.745774  69.820768  2.457
 37     1.078 53501.25088802  6.66  83.741424  69.817778  2.457
 37     0.516 53501.25088866  8.56  83.737084  69.814778  2.457
 39     0.662 53571.25088234 18.35  83.762024  69.834435 12.163
 39     0.683 53571.25088298 19.57  83.757674  69.831445 12.163
 39     0.568 53571.25088363 20.17  83.753324  69.828445 12.163
 39     0.733 53571.25088427 20.83  83.748974  69.825455 12.163
 39     0.877 53571.25088492 20.71  83.744624  69.822455 12.163
 39     4.572 53571.25088556 20.45  83.740274  69.819465 12.163
 39     6.796 53571.25088621 21.40  83.735924  69.816475 12.163
 40    63.304 53606.25082966  2.21  83.760101  69.839232 10.962
 40    62.544 53606.25083030  1.38  83.755751  69.836242 10.962
 40    61.801 53606.25083095  0.86  83.751401  69.833252 10.962
 40     6.679 53606.25083353 15.34  83.734011  69.821272 10.962
 40     7.139 53606.25083417 19.12  83.729661  69.818282 10.962
 42    21.350 53676.25084990 11.75  83.766208  69.833684  9.334
 42    31.531 53676.25085054 11.92  83.761858  69.830684  9.334
 42     0.476 53676.25085248 39.34  83.748808  69.821704  9.334
 42    -0.064 53676.25085312 42.58  83.744458  69.818714  9.334
 42     0.513 53676.25085377 37.18  83.740108  69.815724  9.334
 43    36.777 53711.25077947  1.75  83.760637  69.834584  4.589
 43    35.297 53711.25078011  1.37  83.756287  69.831594  4.589
 43    -1.084 53711.25078269 21.65  83.738897  69.819614  4.589
 43    -0.790 53711.25078334 19.41  83.734547  69.816624  4.589
 45     0.328 53781.25072513 12.99  83.746695  69.814840  2.822
 45    -0.044 53781.25072578 13.59  83.742355  69.811840  2.822
 46    -0.378 53816.25069212 12.09  83.732981  69.822194  3.159
 46    -0.290 53816.25069277 12.19  83.728631  69.819194  3.159
 47     0.135 53851.25076115  9.26  83.753896  69.815802  2.707
 47    -0.299 53851.25076180 11.31  83.749546  69.812812  2.707
 47    -0.216 53851.25076244 11.74  83.745206  69.809812  2.707
 49     0.335 53921.25083600 15.84  83.763338  69.833720 14.663
 49     0.293 53921.25083664 15.87  83.758988  69.830730 14.663
 49     0.241 53921.25083729 16.96  83.754638  69.827730 14.663
 49     0.483 53921.25083793 16.90  83.750288  69.824740 14.663
 49     5.500 53921.25083858 16.10  83.745938  69.821750 14.663
 49     6.353 53921.25083922 16.42  83.741588  69.818750 14.663
 49     6.661 53921.25083987 21.51  83.737238  69.815760 14.663
 50     4.552 53956.25083251 11.44  83.762325  69.836157 14.932
 50     3.323 53956.25083315 12.24  83.757975  69.833167 14.932
 50     2.934 53956.25083380 12.26  83.753625  69.830177 14.932
 50     0.992 53956.25083444 13.01  83.749265  69.827177 14.932
 50     4.231 53956.25083508 13.37  83.744915  69.824187 14.932
 50     6.371 53956.25083573 13.72  83.740575  69.821197 14.932
 50     7.109 53956.25083637 14.76  83.736225  69.818197 14.932
 52    21.171 54026.25081811 20.48  83.781763  69.830240 11.754
 52    21.723 54026.25081875 22.81  83.777413  69.827250 11.754
 52    21.630 54026.25081940 21.17  83.773063  69.824250 11.754
 52     0.264 54026.25082069 38.92  83.764363  69.818270 11.754
 52     0.683 54026.25082133 41.10  83.760013  69.815270 11.754
 52     0.834 54026.25082198 43.47  83.755663  69.812280 11.754
 52     0.859 54026.25082262 40.32  83.751313  69.809290 11.754
 53    38.724 54061.25081191  1.21  83.770794  69.830330  3.956
 53    37.176 54061.25081255  0.57  83.766434  69.827340  3.956
 53    35.248 54061.25081320  1.61  83.762084  69.824350  3.956
 53    -0.157 54061.25081513 21.40  83.749044  69.815370  3.956
 53     0.063 54061.25081578 19.68  83.744704  69.812370  3.956
 54    -0.834 54096.25078423 14.03  83.758506  69.836335  3.430
 54    -0.785 54096.25078487 14.62  83.754146  69.833335  3.430
 54    -0.456 54096.25078551 14.39  83.749796  69.830345  3.430
 54    -0.357 54096.25078616 13.97  83.745456  69.827345  3.430
 54    -0.167 54096.25078680 13.51  83.741106  69.824355  3.430
 54     0.559 54096.25078745 13.50  83.736756  69.821365  3.430
 54     1.470 54096.25078809 12.49  83.732416  69.818365  3.430
 56    -0.603 54166.25075825 12.17  83.751478  69.827301  3.180
 56    -1.156 54166.25075889 13.14  83.747138  69.824301  3.180
 56    -0.197 54166.25075954 12.33  83.742788  69.821311  3.180
 56     0.320 54166.25076018 11.45  83.738438  69.818321  3.180
 56     0.978 54166.25076082 10.41  83.734098  69.815321  3.180
 59    37.330 54271.25079217 12.42  83.770003  69.833864 10.319
 59     3.118 54271.25079282 12.95  83.765653  69.830864 10.319
 59     3.460 54271.25079346 13.42  83.761293  69.827874 10.319
 59     4.618 54271.25079410 14.11  83.756943  69.824884 10.319
 59     5.462 54271.25079475 14.93  83.752603  69.821884 10.319
 59     6.282 54271.25079539 17.75  83.748253  69.818894 10.319
 59     6.913 54271.25079604 20.47  83.743903  69.815904 10.319
 59     7.005 54271.25079668 25.43  83.739563  69.812904 10.319
 60     0.957 54306.25079526 12.02  83.769869  69.831358 13.152
 60     0.299 54306.25079590 12.66  83.765519  69.828368 13.152
 60     0.277 54306.25079655 13.39  83.761159  69.825378 13.152
 60     4.383 54306.25079719 13.50  83.756809  69.822378 13.152
 60     5.526 54306.25079784 13.81  83.752469  69.819388 13.152
 60     6.258 54306.25079848 14.95  83.748119  69.816398 13.152
 60     6.761 54306.25079913 20.04  83.743769  69.813398 13.152
 61    63.020 54341.25077623 11.45  83.764068  69.835134 10.614
 61    62.262 54341.25077688  9.32  83.759708  69.832134 10.614
 61    60.993 54341.25077752  5.54  83.755358  69.829144 10.614
 61    60.153 54341.25077817  4.10  83.751008  69.826154 10.614
 61    58.933 54341.25077881  1.26  83.746668  69.823154 10.614
 62    62.615 54376.25072983  3.59  83.774941  69.831039  7.666
 62    61.741 54376.25073047  3.16  83.770591  69.828049  7.666
 62    60.758 54376.25073111  1.25  83.766231  69.825049  7.666
 62    59.602 54376.25073176  0.69  83.761881  69.822059  7.666
 62    58.057 54376.25073240  0.36  83.757531  69.819069  7.666
 62     6.523 54376.25073434 20.85  83.744491  69.810089  7.666
 63     0.026 54411.25072537 27.97  83.753339  69.823460  7.966
 63    -0.053 54411.25072601 27.94  83.748989  69.820470  7.966
 63     0.084 54411.25072666 25.95  83.744639  69.817470  7.966
 63    -0.034 54411.25072730 25.03  83.740289  69.814480  7.966
 65    -0.498 54481.25071603 12.25  83.763697  69.827496  3.223
 65    -0.657 54481.25071668 13.25  83.759347  69.824496  3.223
 65    -0.280 54481.25071732 13.81  83.754997  69.821506  3.223
 65    -0.300 54481.25071797 12.31  83.750647  69.818516  3.223
 65     0.053 54481.25071861 11.23  83.746307  69.815516  3.223
 65     1.077 54481.25071926 10.97  83.741957  69.812526  3.223
 66    -0.272 54516.25071056 10.88  83.766379  69.819336  2.755
 66    -0.585 54516.25071121 12.03  83.762029  69.816346  2.755
 66    -0.482 54516.25071185 11.60  83.757679  69.813346  2.755
 66    -0.544 54516.25071250 10.88  83.753339  69.810356  2.755
 67    -1.705 54551.25072807  9.55  83.759517  69.832971  2.384
 67    -1.000 54551.25072872 10.87  83.755157  69.829981  2.384
 67    -1.021 54551.25072936 10.76  83.750817  69.826991  2.384
 67    -0.307 54551.25073001 10.05  83.746467  69.823991  2.384
 67    -0.516 54551.25073065  9.27  83.742117  69.821001  2.384
 67     0.170 54551.25073130  8.95  83.737767  69.818001  2.384
 68     1.923 54586.25070746  3.86  83.747853  69.814346  2.117
 68     0.970 54586.25070811  5.50  83.743503  69.811356  2.117
 69     8.390 54621.25072301 31.89  83.766976  69.831116 33.733
 69     8.404 54621.25072366 33.08  83.762626  69.828126 33.733
 69     8.244 54621.25072430 35.01  83.758276  69.825136 33.733
 69     8.283 54621.25072495 34.05  83.753926  69.822136 33.733
 69     8.207 54621.25072559 33.53  83.749576  69.819146 33.733
 69     8.237 54621.25072624 33.12  83.745236  69.816146 33.733
 69     8.189 54621.25072688 32.43  83.740886  69.813156 33.733
 70     0.622 54656.25073271 32.31  83.767825  69.833268 16.025
 70     0.564 54656.25073335 33.40  83.763475  69.830278 16.025
 70     0.390 54656.25073400 33.89  83.759125  69.827278 16.025
 70     0.417 54656.25073464 34.14  83.754775  69.824288 16.025
 70     0.451 54656.25073528 34.30  83.750425  69.821298 16.025
 70     0.510 54656.25073593 34.41  83.746075  69.818298 16.025
 70     0.628 54656.25073657 33.14  83.741725  69.815308 16.025
 71     4.264 54691.25071710 11.05  83.766291  69.834889 10.217
 71     0.332 54691.25071774 11.88  83.761941  69.831899 10.217
 71     1.935 54691.25071839 12.43  83.757589  69.828898 18.801
 71     0.535 54691.25071903 13.01  83.753239  69.825908 18.801
 71     4.347 54691.25071968 13.42  83.748889  69.822918 18.801
 71     5.576 54691.25072032 13.84  83.744539  69.819918 18.801
 71     6.292 54691.25072097 14.89  83.740199  69.816928 18.801
 72     1.360 54726.25068434 11.10  83.779099  69.829536 12.108
 72     1.588 54726.25068499 12.24  83.774739  69.826536 12.108
 72     1.880 54726.25068563 12.03  83.770389  69.823546 12.108
 72     1.875 54726.25068627 13.08  83.766039  69.820546 12.108
 72     4.827 54726.25068692 12.99  83.761689  69.817556 12.108
 72     6.263 54726.25068756 13.96  83.757339  69.814566 12.108
 72     8.469 54726.25068821 14.21  83.752989  69.811576 12.108
 72     7.016 54726.25068885 20.07  83.748649  69.808576 12.108
 73    36.807 54761.25069471  4.62  83.765363  69.831740  4.884
 73    35.622 54761.25069535  4.13  83.761013  69.828750  4.884
 73    33.983 54761.25069599  2.94  83.756663  69.825750  4.884
 73    26.797 54761.25069664  4.09  83.752313  69.822760  4.884
 73     3.224 54761.25069793 19.83  83.743623  69.816770  4.884
 73     4.217 54761.25069857 21.47  83.739273  69.813780  4.884
 74    40.652 54796.25067778  1.94  83.781849  69.829114  3.845
 74    39.244 54796.25067842  0.84  83.777499  69.826124  3.845
 74    37.265 54796.25067907  0.95  83.773149  69.823124  3.845
 74    35.031 54796.25067971  1.45  83.768799  69.820134  3.845
 74    32.069 54796.25068036  2.55  83.764449  69.817144  3.845
 74     3.070 54796.25068165 16.71  83.755749  69.811154  3.845
 74    -0.709 54796.25068229 18.77  83.751399  69.808164  3.845
 75     0.066 54831.25069766 12.86  83.749462  69.819498  2.998
 75     0.147 54831.25069831 14.55  83.745122  69.816498  2.998
 75     1.046 54831.25069895 13.91  83.740772  69.813508  2.998
 76     5.768 54866.25067687  2.13  83.753729  69.811194  2.803
 76     3.896 54866.25067752  8.70  83.749379  69.808204  2.803
 77    31.345 54901.25069504  1.55  83.753179  69.828434  3.180
 77    -0.352 54901.25069633 12.49  83.744479  69.822444  3.180
 77    -0.579 54901.25069697 13.13  83.740139  69.819444  3.180
 77     0.041 54901.25069762 11.92  83.735789  69.816454  3.180
 80     3.532 55006.25071523 12.08  83.765367  69.832543 10.611
 80     2.897 55006.25071587 12.70  83.761019  69.829546 21.382
 80     3.915 55006.25071651 13.10  83.756659  69.826556 21.382
 80     5.277 55006.25071716 13.49  83.752309  69.823566 21.382
 80     6.110 55006.25071780 15.18  83.747969  69.820566 21.382
 80     6.515 55006.25071845 16.87  83.743619  69.817576 21.382
 80     6.836 55006.25071909 22.18  83.739269  69.814576 21.382
 81     2.974 55041.25070326 11.73  83.769510  69.832221 19.167
 81     1.340 55041.25070391 12.10  83.765160  69.829231 19.167
 81     2.576 55041.25070455 12.82  83.760810  69.826231 19.167
 81     3.947 55041.25070520 13.26  83.756460  69.823241 19.167
 81     5.022 55041.25070584 13.97  83.752110  69.820251 19.167
 81     5.760 55041.25070648 14.01  83.747760  69.817251 19.167
 81     6.367 55041.25070713 16.84  83.743410  69.814261 19.167
 82    -0.239 55076.25068419 14.21  83.762449  69.834194 10.988
 82    -0.053 55076.25068483 12.97  83.758089  69.831194 10.988
 82    -0.094 55076.25068548 14.23  83.753741  69.828201 20.196
 82     0.142 55076.25068612 14.99  83.749391  69.825211 20.196
 82     5.036 55076.25068677 14.31  83.745041  69.822221 20.196
 82     5.797 55076.25068741 14.40  83.740701  69.819221 20.196
 82     6.327 55076.25068806 16.00  83.736351  69.816231 20.196
 83    -0.744 55111.25063584 16.12  83.777056  69.831289 17.660
 83    -0.554 55111.25063648 14.98  83.772696  69.828299 17.660
 83    -1.519 55111.25063713 17.73  83.768346  69.825299 17.660
 83     2.416 55111.25063777 15.28  83.763996  69.822309 17.660
 83     4.396 55111.25063842 14.89  83.759646  69.819309 17.660
 83     5.858 55111.25063906 13.88  83.755296  69.816319 17.660
 83     6.277 55111.25063971 17.36  83.750956  69.813329 17.660
 83     6.402 55111.25064035 25.21  83.746606  69.810339 17.660
 84     0.069 55146.25064006 21.87  83.752864  69.823906  4.726
 84    -0.031 55146.25064070 20.62  83.748524  69.820916  4.726
 84     0.447 55146.25064135 18.95  83.744174  69.817916  4.726
 84     0.401 55146.25064199 19.20  83.739824  69.814926  4.726
 85    -0.631 55181.25061725 18.82  83.760167  69.814026  3.737
 85    -0.608 55181.25061790 18.15  83.755817  69.811036  3.737
 85    -0.398 55181.25061854 16.49  83.751467  69.808046  3.737
 86     0.339 55216.25063289 15.75  83.763373  69.831582  6.615
 86     0.186 55216.25063354 17.40  83.759023  69.828592  6.615
 86    -0.340 55216.25063418 18.38  83.754673  69.825602  6.615
 86     0.479 55216.25063483 19.37  83.750323  69.822602  6.615
 86     1.039 55216.25063547 19.82  83.745973  69.819612  6.615
 86     1.457 55216.25063612 21.76  83.741623  69.816612  6.615
 87    -0.267 55251.25061336 12.49  83.761612  69.818145  2.989
 87    -0.400 55251.25061400 13.74  83.757272  69.815145  2.989
 87    -0.047 55251.25061464 12.47  83.752922  69.812155  2.989
 87     0.290 55251.25061529 11.54  83.748572  69.809165  2.989
 88    -0.313 55286.25062680 10.26  83.756100  69.831289  2.469
 88    -0.515 55286.25062744 11.70  83.751750  69.828299  2.469
 88    -0.061 55286.25062809 11.28  83.747400  69.825309  2.469
 88     0.212 55286.25062873 10.03  83.743050  69.822309  2.469
 88     0.470 55286.25062938  9.98  83.738710  69.819319  2.469
 88     0.669 55286.25063002 10.02  83.734360  69.816319  2.469
 89     0.272 55321.25060377  7.20  83.743018  69.816381  2.521
 89     0.435 55321.25060442  7.17  83.738668  69.813391  2.521
 90     4.880 55356.25060074 40.91  83.765162  69.832008 27.761
 90     5.005 55356.25060138 45.89  83.760812  69.829018 27.761
 90     4.988 55356.25060203 41.84  83.756462  69.826018 27.761
 90     4.875 55356.25060267 41.01  83.752112  69.823028 27.761
 90     4.767 55356.25060332 33.55  83.747762  69.820038 27.761
 90     4.613 55356.25060396 27.27  83.743422  69.817038 27.761
 90     4.190 55356.25060461 24.51  83.739072  69.814048 27.761
 91     2.954 55391.25060162 11.42  83.775306  69.830707 16.294
 91     1.432 55391.25060227 11.67  83.770956  69.827717 16.294
 91     3.490 55391.25060291 12.15  83.766606  69.824727 16.294
 91     4.681 55391.25060356 12.80  83.762256  69.821737 16.294
 91     5.775 55391.25060420 13.09  83.757906  69.818737 16.294
 91     6.349 55391.25060485 14.27  83.753556  69.815747 16.294
 91     6.612 55391.25060549 20.32  83.749206  69.812757 16.294
 91     6.878 55391.25060614 23.69  83.744866  69.809757 16.294
 92     3.148 55426.25061707 13.18  83.770261  69.832608  9.783
 92     0.331 55426.25061771 13.69  83.765913  69.829610 22.016
 92     0.499 55426.25061836 14.13  83.761563  69.826620 22.016
 92     0.409 55426.25061900 14.91  83.757213  69.823620 22.016
 92     5.106 55426.25061964 15.78  83.752863  69.820630 22.016
 92     6.065 55426.25062029 16.58  83.748513  69.817640 22.016
 92     6.596 55426.25062093 17.47  83.744173  69.814640 22.016
 93    63.410 55461.25058381  2.29  83.764582  69.836409  4.941
 93    62.574 55461.25058446  0.21  83.760232  69.833419  4.941
 93     7.057 55461.25058833 16.96  83.734144  69.815457 15.603
