# NaN NaN NaN ;Mean Elev.(m), Avg Gradient(m/km), RMS Gradient(m/km) - SRTM1     
#    2.299  -0.575   2.086 ;Mean Elev.(m), Avg Gradient(m/km), RMS Gradient(m/km) - ASTER GDEM
#    0.000  -0.207   1.085 ;Mean Elev.(m), Avg Gradient(m/km), RMS Gradient(m/km) - GMTED2010 
  8  83.673980  70.490332     0.402     0.518 36 52485.61500841 22.930
  9  83.677644  70.492626     0.578     0.435 36 52520.61497433 20.974
 10  83.694576  70.462620    -0.671    -0.714 26 52555.61501979 43.796
 11  83.686914  70.479028    -0.263    -0.251 32 52590.61501225 25.821
 12  83.663921  70.506556     0.042     0.053 28 52625.61494504 16.650
 13  83.686297  70.479436    -0.164    -0.153 33 52660.61497769 12.673
 14  83.695228  70.460785    -0.278    -0.298 27 52695.61495360 10.999
 15  83.675106  70.490424    -0.136    -0.111 36 52730.61498873 11.025
 16  83.650026  70.510760     0.876     0.925 23 52765.61500313  9.681
 17  83.693041  70.463435     3.879     3.861 27 52800.61498764 40.112
 18  83.695001  70.466196     0.149     0.507 26 52835.61505551 19.442
 19  83.689376  70.476261    -0.620    -0.350 32 52870.61509859 40.448
 20  83.675708  70.489777    -0.237    -0.269 36 52905.61510126 27.314
 21  83.694583  70.460778    -0.340    -0.321 27 52940.61502756 35.886
 23  83.688718  70.477025    -0.477    -0.526 33 53010.61508131 13.931
 24  83.692594  70.464431    -0.541    -0.600 27 53045.61504198 11.756
 25  83.640535  70.508071     0.159     0.045 17 53080.61508511 10.180
 26  83.692867  70.461921    -0.738    -0.875 27 53115.61504620 10.227
 27  83.673438  70.482075     0.336     0.460 20 53150.61509752  9.273
 28  83.677239  70.487281     1.292     1.283 36 53185.61508744 25.869
 29  83.675518  70.489818    -0.529    -0.534 36 53220.61511382 36.486
 30  83.678111  70.492322    -0.330    -0.470 36 53255.61509090 26.595
 32  83.676197  70.489944    -0.014    -0.032 36 53325.61507636 18.736
 33  83.653495  70.510806    -1.862    -1.886 25 53360.61503959 11.979
 34  83.692628  70.465469    -0.952    -1.035 27 53395.61504967 11.211
 35  83.656780  70.508004    -0.043     0.061 20 53430.61505062 10.332
 36  83.692056  70.465076    -0.848    -0.918 27 53465.61507100  9.976
 37  83.695639  70.468298     0.034    -0.047 28 53500.61513151  8.703
 38  83.675295  70.489997     1.711     1.686 36 53535.61512426 21.790
 39  83.690989  70.475353     0.947     0.988 32 53570.61513104 17.779
 40  83.664028  70.506067     0.172    -0.100 28 53605.61508473 20.216
 41  83.692442  70.462967    -0.527    -0.453 28 53640.61507606 27.217
 42  83.695004  70.469016    -0.128    -0.077 29 53675.61509665 29.736
 43  83.661964  70.507956     4.095     0.348 18 53710.61503425 17.789
 44  83.694737  70.460008    -0.606    -0.663 27 53745.61493469 13.948
 45  83.647629  70.506879     0.134    -0.106 23 53780.61497551 12.520
 46  83.655413  70.517062     0.300    -0.476 24 53815.61494644 11.230
 47  83.672554  70.476356    -0.546    -0.225 18 53850.61500495  9.897
 48  83.675607  70.488743    -0.049    -0.338 35 53885.61501717 20.394
 49  83.695607  70.466384     0.673     0.889 26 53920.61508157 20.366
 50  83.695066  70.469910    -0.848    -0.735 29 53955.61508026 29.367
 51  83.661690  70.511689    -0.334    -0.463 27 53990.61500723 21.089
 52  83.693980  70.465009    -0.041    -0.065 26 54025.61506346 41.907
 53  83.674321  70.490741    -0.318    -0.307 36 54060.61506160 20.813
 54  83.678431  70.494814    -0.482    -0.474 36 54095.61503674 15.156
 55  83.692505  70.463411    -0.809    -0.902 27 54130.61497681 13.591
 56  83.675628  70.490464    -0.340    -0.323 36 54165.61500779 12.272
 57  83.661176  70.486870     1.122     1.396 13 54200.61498469  8.438
 58  83.675900  70.483132     0.915     1.032 22 54235.61502124 11.223
 59  83.677509  70.486654     1.435     1.536 36 54270.61504224 22.774
 60  83.689269  70.476785     0.547     0.759 32 54305.61504293 22.595
 61  83.676010  70.492589     0.673     0.686 36 54340.61502840 21.032
 62  83.694347  70.469367    -0.241    -0.188 29 54375.61497589 42.034
 63  83.676996  70.486478    -0.389    -0.375 36 54410.61497371 23.886
 64  83.695414  70.462269     0.017    -0.010 26 54445.61493817 16.071
 65  83.675146  70.487353    -0.731    -0.783 36 54480.61496508 12.131
 66  83.692659  70.465510    -0.844    -0.856 27 54515.61495310 11.211
 67  83.675447  70.492697    -0.688    -0.685 36 54550.61497914 11.061
 68  83.691011  70.474048     0.041    -0.021 31 54585.61495042  8.765
 69  83.687650  70.477936     2.027     2.048 32 54620.61497037 24.481
 70  83.689001  70.477174     1.193     1.332 32 54655.61498061 17.720
 71  83.674043  70.491047     0.148     0.025 36 54690.61496911 48.563
 72  83.693270  70.465953     0.249     0.403 27 54725.61492923 18.418
 73  83.675851  70.486813    -0.789    -0.771 37 54760.61494484 39.254
 74  83.694577  70.460835    -0.583    -0.652 27 54795.61492153 16.336
 75  83.686486  70.479050    -0.139    -0.122 32 54830.61494337 13.486
 76  83.692019  70.466697    -0.515    -0.604 27 54865.61491759 12.585
 77  83.653316  70.504305    -0.212    -0.147 26 54900.61494765 10.268
 78  83.672802  70.482840     0.736     0.785 17 54935.61491247 10.352
 79  83.671463  70.487440     1.121     0.739 25 54970.61494607  8.286
 80  83.689606  70.476227     1.436     1.508 32 55005.61496311 20.748
 81  83.677904  70.485409     0.989     0.973 35 55040.61495292 16.270
 82  83.676887  70.490943    -0.776    -0.515 35 55075.61493596 32.306
 83  83.697011  70.465570    -0.327    -0.442 27 55110.61488142 25.984
 84  83.678397  70.485001    -0.269    -0.262 35 55145.61488794 24.074
 85  83.694312  70.462293    -0.654    -0.791 27 55180.61485783 15.563
 86  83.675568  70.488570     0.072     0.093 36 55215.61488322 12.941
 87  83.693237  70.468473    -0.404    -0.448 28 55250.61485581 14.112
 88  83.676622  70.490845    -0.278    -0.292 36 55285.61487739 11.377
 89  83.687971  70.478155     0.019    -0.020 31 55320.61484822  9.408
 90  83.674394  70.488397     2.113     2.108 36 55355.61485093 47.751
 91  83.693156  70.467395     0.942     0.865 27 55390.61484700 16.425
 92  83.683929  70.481287     1.066     1.232 34 55425.61486635 17.077
 93  83.677538  70.493096    -0.379    -0.538 36 55460.61483676 31.421
