# NaN NaN NaN ;Mean Elev.(m), Avg Gradient(m/km), RMS Gradient(m/km) - SRTM1     
#  -12.822  -4.357   9.182 ;Mean Elev.(m), Avg Gradient(m/km), RMS Gradient(m/km) - ASTER GDEM
#    1.240  -4.700   7.738 ;Mean Elev.(m), Avg Gradient(m/km), RMS Gradient(m/km) - GMTED2010 
  6  86.403823  67.446622    21.365    20.880 12 52439.23531151 17.925
  7  86.394727  67.435819     7.663     6.037  7 52474.23531248 24.929
  8  86.402292  67.442200    18.548    19.527 10 52509.23527534 17.091
  9  86.418162  67.435534    19.249    19.482  8 52544.23527365 16.840
 10  86.406476  67.440494     4.503     4.387  8 52579.23531335 26.584
 11  86.400245  67.448006    22.545    18.921 13 52614.23527892 13.242
 12  86.410438  67.437083    23.459    20.235  9 52649.23526105 10.017
 13  86.404135  67.441070    23.623    27.142 11 52684.23524114  8.901
 14  86.406469  67.440451    21.977    23.036 10 52719.23529506  6.908
 16  86.417307  67.435421    17.482    17.485  8 52789.23526743 24.976
 17  86.422376  67.443587     7.253     7.222  4 52824.23533640 18.864
 18  86.414359  67.436419     4.757     1.936  8 52859.23538412 19.972
 19  86.404582  67.443717     0.500    -1.272  9 52894.23541429 25.617
 20  86.397138  67.450378    17.722    18.761 14 52929.23536330 21.070
 21  86.418731  67.435609     7.205     0.543  9 52964.23535052 22.372
 22  86.402029  67.443516    12.093    17.837 12 52999.23538598 15.524
 23  86.402710  67.452452     6.206     6.127 12 53034.23533590 15.518
 24  86.409484  67.440315    18.892    18.842 10 53069.23535416 11.286
 25  86.393731  67.449021    14.550    13.091 13 53104.23533863 10.395
 28  86.403381  67.442648    15.122    18.365 11 53209.23541434 17.981
 29  86.394320  67.435410     1.041     1.036  6 53244.23538360 35.719
 30  86.416002  67.436552    19.382    20.008  9 53279.23536208 20.489
 31  86.408100  67.440862    11.569     9.934  8 53314.23538512 28.370
 32  86.403975  67.440950    26.180    26.826 10 53349.23535095  9.464
 33  86.416446  67.437265    24.729    25.513  8 53384.23532531  6.928
 34  86.411646  67.439189    26.530    25.574  9 53419.23533159  8.254
 35  86.422664  67.436258    24.910    25.104  8 53454.23533762  6.351
 36  86.403549  67.443177    32.458    32.521 11 53489.23542206  5.895
 37  86.410988  67.442065    16.237    15.349  8 53524.23540875 31.410
 38  86.391675  67.438013     1.949     1.955  6 53559.23543685 46.252
 39  86.401453  67.441506     6.648     6.046 11 53594.23537371 18.527
 40  86.415211  67.436580     3.386     1.373  9 53629.23536655 22.890
 41  86.404884  67.440713    -0.114    -0.281  7 53664.23539026 26.144
 42  86.403032  67.443136    13.528    11.432  8 53699.23534815 17.175
 43  86.402141  67.448591    31.586    32.481 12 53734.23526948  7.822
 44  86.412633  67.437155    23.096    23.139  9 53769.23525507  9.164
 45  86.404428  67.446016    30.186    29.718 12 53804.23524947  6.728
 46  86.414451  67.436735    24.873    24.502  8 53839.23527045  7.757
 47  86.416102  67.445013     1.352     1.452  6 53874.23531511 22.784
 48  86.405338  67.440449    24.641    25.171  9 53909.23536074 17.297
 49  86.401446  67.446817    18.804    20.451 13 53944.23538235 13.701
 50  86.401169  67.448975    10.561     8.866 13 53979.23533136 17.282
 51  86.419258  67.435135    19.396    19.360  8 54014.23534715 18.557
 54  86.400038  67.453770    22.234    22.990 13 54119.23527100 11.562
 55  86.404243  67.440352    29.387    29.378 10 54154.23530039  6.224
 56  86.398287  67.447728    30.177    28.911 13 54189.23526772  6.573
 57  86.404147  67.436010    12.663    11.366  8 54224.23531157 17.655
 58  86.415724  67.448942    11.063    11.282  5 54259.23532994 25.987
 59  86.406583  67.440267    17.374    19.681 10 54294.23533516 16.775
 60  86.403560  67.442423    19.904    21.008 11 54329.23532884 17.435
 61  86.399073  67.449430    24.581    25.037 13 54364.23527411 15.857
 62  86.405918  67.437663     1.280     1.321  9 54399.23527035 27.125
 63  86.400844  67.446150     7.105     0.529 12 54434.23522673 19.221
 64  86.416605  67.440383    13.186    18.261  7 54469.23525256 12.143
 65  86.405186  67.448970    15.333    17.160 10 54504.23524102 10.023
 66  86.409304  67.443453    23.638    25.161  9 54539.23526750  8.425
 67  86.400711  67.446939    34.414    33.583 13 54574.23524190  4.025
 68  86.413629  67.447420     9.985     9.750  6 54609.23525923 19.316
 69  86.403484  67.441175    23.016    23.321 11 54644.23526874 15.556
 70  86.404044  67.441118    18.327    19.004 10 54679.23527021 14.927
 71  86.401468  67.449308    19.012    19.375 13 54714.23522057 15.753
 72  86.412930  67.442988    18.059    18.081  8 54749.23523959 20.360
 73  86.400013  67.441309     8.186     7.418  9 54784.23521014 26.936
 74  86.411717  67.440398    18.106    19.029  9 54819.23523242 11.365
 75  86.404057  67.444585    18.838    19.731  9 54854.23520611  9.164
 76  86.403994  67.441344    26.011    25.930 11 54889.23523740  8.453
 77  86.397936  67.450494    28.909    29.618 14 54924.23520480  7.139
 78  86.412901  67.443032    19.489    22.972  8 54959.23523403 14.417
 79  86.403683  67.442047    19.159    19.979 11 54994.23525671 21.782
 80  86.404024  67.442249     2.615     1.735 11 55029.23524675 20.743
 81  86.403179  67.441389     1.218     1.007 11 55064.23523822 25.653
 82  86.397217  67.450824    21.741    19.416 14 55099.23518156 14.562
 83  86.408700  67.439676     1.031     1.013  9 55134.23518303 39.963
 84  86.402773  67.445454    16.062    17.391 12 55169.23514640 14.378
 85  86.408647  67.439539    20.874    18.332 10 55204.23517581 11.305
 86  86.401204  67.447617    25.590    27.529 12 55239.23515314 10.058
 87  86.403690  67.442449    23.455    25.417 10 55274.23516938  9.132
 88  86.400701  67.448277    27.448    29.389 11 55309.23513605  5.100
 89  86.409242  67.443132     7.311     7.286  8 55344.23513709 22.936
 90  86.402069  67.443483    21.980    22.106 12 55379.23513210 16.267
 91  86.410372  67.438986    16.483    18.700 10 55414.23515777 21.426
 92  86.401646  67.442273    24.000    24.530 10 55449.23514506 14.329
 93  86.397453  67.449657    22.044    20.713 14 55484.23507024 17.803
