# NaN NaN NaN ;Mean Elev.(m), Avg Gradient(m/km), RMS Gradient(m/km) - SRTM1     
#    0.000  -0.084   2.531 ;Mean Elev.(m), Avg Gradient(m/km), RMS Gradient(m/km) - ASTER GDEM
#    0.044   0.000   0.129 ;Mean Elev.(m), Avg Gradient(m/km), RMS Gradient(m/km) - GMTED2010 
  8     0.937 52485.61504483 16.99  83.410790  70.658016 11.106
  8     2.346 52485.61504548 17.38  83.406100  70.660986 11.106
  8     2.465 52485.61504612 21.91  83.401404  70.663948 29.770
  9     1.535 52520.61501076 16.14  83.414474  70.660318 17.859
  9     2.108 52520.61501140 17.98  83.409774  70.663278 17.859
 11    -0.139 52590.61505061 33.27  83.409934  70.655621  6.012
 11    -0.103 52590.61505126 30.07  83.405234  70.658591  6.012
 11    -0.169 52590.61505190 26.89  83.400534  70.661551  6.012
 12    -0.023 52625.61497889 17.79  83.419201  70.662361  3.590
 12    -0.211 52625.61497953 17.23  83.414501  70.665321  3.590
 13    -0.220 52660.61501637 14.36  83.406924  70.657510  3.693
 13    -0.297 52660.61501702 13.83  83.402224  70.660480  3.693
 13    -0.259 52660.61501766 13.00  83.397534  70.663440  3.693
 15     1.445 52730.61502580 10.38  83.407191  70.661071  1.998
 15     2.067 52730.61502644 10.05  83.402491  70.664031  1.998
 16     0.910 52765.61503537 10.31  83.416981  70.659152  2.296
 16     1.377 52765.61503601 10.64  83.412281  70.662112  2.296
 16     1.983 52765.61503666 10.72  83.407591  70.665082  2.296
 18     0.092 52835.61509580 23.82  83.404083  70.651692 15.922
 18    -0.016 52835.61509644 18.52  83.399383  70.654652 15.922
 18     1.941 52835.61509709 21.07  83.394693  70.657612 15.922
 18     2.631 52835.61509773 21.60  83.389993  70.660582 15.922
 19    -0.381 52870.61513760 22.44  83.407683  70.655820 17.968
 19     1.311 52870.61513824 19.37  83.402983  70.658780 17.968
 19     2.481 52870.61513888 19.70  83.398283  70.661750 17.968
 20     1.868 52905.61513833 20.32  83.407834  70.660426 19.419
 20     2.493 52905.61513897 20.39  83.403134  70.663386 19.419
 23     0.267 53010.61511999 14.08  83.409446  70.655112  2.237
 23    -0.038 53010.61512063 13.57  83.404756  70.658072  2.237
 23     1.799 53010.61512128 13.18  83.400056  70.661032  2.237
 23     2.358 53010.61512192 12.75  83.395356  70.664002  2.237
 25    -0.073 53080.61511734 10.37  83.407445  70.656439  1.999
 25     1.417 53080.61511799  9.99  83.402755  70.659409  1.999
 25     2.256 53080.61511863 10.11  83.398055  70.662369  1.999
 27    -0.064 53150.61513458  8.40  83.405669  70.652727  1.991
 27    -0.166 53150.61513523  8.34  83.400979  70.655697  1.991
 27    -0.308 53150.61513587  8.22  83.396279  70.658657  1.991
 27    -0.375 53150.61513652  7.95  83.391579  70.661627  1.991
 28     1.472 53185.61512451 18.47  83.409343  70.657922 20.175
 28     2.275 53185.61512516 19.81  83.404643  70.660892 20.175
 28     2.542 53185.61512580 23.81  83.399943  70.663852 20.175
 29    -0.169 53220.61515089 32.43  83.407657  70.660468 11.810
 29    -0.180 53220.61515153 31.64  83.402957  70.663428 11.810
 30    -0.423 53255.61512732 21.45  83.414982  70.660015 23.453
 30     1.926 53255.61512796 18.16  83.410282  70.662985 23.453
 32     0.167 53325.61511343 17.95  83.408303  70.660584  2.375
 32     0.094 53325.61511407 17.66  83.403603  70.663554  2.375
 33    -2.249 53360.61507247 12.21  83.415690  70.662150  3.316
 33    -1.929 53360.61507312 11.63  83.410990  70.665110  3.316
 34    -0.335 53395.61509093 10.27  83.394700  70.655415  2.074
 34    -0.241 53395.61509157 10.17  83.390000  70.658375  2.074
 34     0.228 53395.61509222  9.96  83.385300  70.661335  2.074
 35    -0.176 53430.61508382 10.73  83.416688  70.660836  1.930
 35    -0.579 53430.61508446 10.32  83.411998  70.663796  1.930
 36    -0.318 53465.61511291  9.13  83.389401  70.657969  2.056
 36    -0.245 53465.61511355  8.58  83.384701  70.660939  2.056
 37     0.110 53500.61517180  8.20  83.404802  70.653809  2.029
 37     0.157 53500.61517245  7.90  83.400102  70.656779  2.029
 37    -0.122 53500.61517309  8.51  83.395402  70.659739  2.029
 37     0.016 53500.61517374  7.71  83.390712  70.662709  2.029
 38     2.184 53535.61516133 20.47  83.407402  70.660652 10.174
 38     2.394 53535.61516197 26.03  83.402712  70.663612 10.174
 39     0.612 53570.61517004 16.18  83.409417  70.654929 19.674
 39     1.467 53570.61517068 15.61  83.404717  70.657889 19.674
 39     2.203 53570.61517133 19.03  83.400027  70.660859 19.674
 39     2.656 53570.61517197 32.04  83.395327  70.663819 19.674
 40     0.820 53605.61511857 16.12  83.419346  70.661882 11.229
 40     1.778 53605.61511922 16.44  83.414656  70.664842 11.229
 42    -0.222 53675.61513662 35.20  83.406496  70.653042 16.992
 42    -0.066 53675.61513727 38.72  83.401796  70.656002 16.992
 42    -0.143 53675.61513791 40.17  83.397106  70.658972 16.992
 42    -0.288 53675.61513856 34.15  83.392406  70.661932 16.992
 43    -0.304 53710.61506745 18.87  83.421904  70.660793  3.433
 43    -0.766 53710.61506809 18.22  83.417214  70.663763  3.433
 43    -1.197 53710.61506874 17.62  83.412514  70.666723  3.433
 45    -0.252 53780.61500838 12.46  83.409809  70.658212  2.128
 45    -0.307 53780.61500903 12.02  83.405109  70.661182  2.128
 45    -0.350 53780.61500967 11.42  83.400419  70.664142  2.128
 46    -0.723 53815.61497835 11.26  83.424616  70.663961  2.069
 46    -0.626 53815.61497900 10.83  83.419926  70.666931  2.069
 48     0.127 53885.61505392 24.16  83.410032  70.657898 24.081
 48    -0.031 53885.61505456 22.09  83.405332  70.660868 24.081
 48    -0.388 53885.61505521 21.16  83.400632  70.663828 24.081
 49    -0.160 53920.61512186 21.13  83.404802  70.651900 28.001
 49     1.371 53920.61512251 15.34  83.400112  70.654870 28.001
 49     2.115 53920.61512315 18.16  83.395412  70.657830 28.001
 49     2.592 53920.61512380 21.69  83.390712  70.660800 28.001
 50    -0.290 53955.61512023 25.83  83.406568  70.653946 28.045
 50    -0.492 53955.61512088 23.21  83.401878  70.656906 28.045
 50    -0.500 53955.61512152 26.19  83.397178  70.659876 28.045
 50     2.575 53955.61512217 30.13  83.392478  70.662836 28.045
 51    -0.212 53990.61504011 22.78  83.423948  70.663044 15.940
 51    -0.032 53990.61504075 22.15  83.419258  70.666014 15.940
 52    -0.061 54025.61510440 50.33  83.398381  70.653468 20.818
 52    -0.117 54025.61510504 48.62  83.393681  70.656438 20.818
 52    -0.132 54025.61510569 50.81  83.388981  70.659398 20.818
 52    -0.128 54025.61510633 44.35  83.384281  70.662368 20.818
 53    -0.222 54060.61509802 20.30  83.411086  70.658410  2.477
 53    -0.140 54060.61509867 19.96  83.406386  70.661380  2.477
 53    -0.265 54060.61509931 19.96  83.401686  70.664340  2.477
 54    -0.253 54095.61507252 15.03  83.419941  70.659540  1.962
 54     0.531 54095.61507317 15.02  83.415251  70.662500  1.962
 54     1.043 54095.61507381 14.50  83.410551  70.665470  1.962
 56     0.502 54165.61504486 11.35  83.407776  70.661116  1.986
 56     1.400 54165.61504550 11.31  83.403078  70.664077  1.721
 57     0.570 54200.61502079  9.95  83.400233  70.653049  2.084
 57     1.411 54200.61502143  9.28  83.395538  70.656014  1.710
 57     1.991 54200.61502208  8.88  83.390838  70.658974  1.710
 57     3.795 54200.61502272  8.35  83.386138  70.661934  1.710
 58     0.767 54235.61505831  7.09  83.408088  70.653786  3.526
 58     2.273 54235.61505896  6.55  83.403388  70.656746  3.526
 58     2.695 54235.61505960  6.64  83.398688  70.659716  3.526
 58     3.445 54235.61506025  6.33  83.393995  70.662673  2.386
 59     1.567 54270.61507931 18.73  83.409680  70.657306 10.177
 59     2.250 54270.61507996 21.85  83.404980  70.660276 10.177
 59     2.545 54270.61508060 28.37  83.400290  70.663236 10.177
 60     1.053 54305.61508193 16.18  83.407592  70.656344  9.726
 60     2.295 54305.61508258 16.20  83.402892  70.659314  9.726
 60     2.652 54305.61508322 23.74  83.398198  70.662272 32.466
 61     0.177 54340.61506482 31.32  83.412802  70.660271  6.969
 61     0.267 54340.61506547 31.54  83.408102  70.663241  6.969
 62    -0.105 54375.61501586 24.64  83.405760  70.653389 20.570
 62    -0.406 54375.61501650 22.98  83.401070  70.656349 20.570
 62     1.928 54375.61501715 20.68  83.396370  70.659309 20.570
 62     2.479 54375.61501779 23.34  83.391670  70.662279 20.570
 63    -0.452 54410.61501078 28.17  83.409182  70.657130  5.594
 63    -0.329 54410.61501142 29.30  83.404492  70.660090  5.594
 63    -0.368 54410.61501207 28.28  83.399792  70.663060  5.594
 65    -0.413 54480.61500215 11.92  83.407293  70.657997  2.370
 65    -0.365 54480.61500279 11.76  83.402593  70.660967  2.370
 65     0.276 54480.61500344 10.94  83.397903  70.663927  2.370
 66    -0.377 54515.61499436 10.10  83.394692  70.655447  1.988
 66    -0.356 54515.61499501  9.95  83.390002  70.658407  1.988
 66     0.004 54515.61499565  9.61  83.385302  70.661367  1.988
 67    -0.405 54550.61501556  9.85  83.412254  70.660384  1.883
 67    -0.372 54550.61501620  9.92  83.407554  70.663344  1.883
 68     0.294 54585.61498975  8.25  83.407033  70.655095  1.786
 68     0.221 54585.61499039  7.74  83.402343  70.658065  1.786
 68     1.580 54585.61499104  7.60  83.397643  70.661025  1.786
 69     1.812 54620.61500937 28.74  83.405948  70.657496 28.635
 69     1.466 54620.61501001 25.90  83.401248  70.660466 28.635
 69     1.866 54620.61501066 26.76  83.396558  70.663426 28.635
 70     0.926 54655.61501961 18.41  83.407344  70.656740 18.378
 70     2.119 54655.61502026 17.48  83.402644  70.659700 18.378
 70     2.565 54655.61502090 25.57  83.397944  70.662670 18.378
 71    -0.334 54690.61500554 25.61  83.410843  70.658730 25.444
 71     1.761 54690.61500618 22.98  83.406153  70.661700 25.444
 71     2.345 54690.61500683 22.09  83.401453  70.664660 25.444
 72    -0.404 54725.61496985 22.14  83.399996  70.652929 16.059
 72     1.545 54725.61497049 19.92  83.395296  70.655899 16.059
 72     2.280 54725.61497113 19.20  83.390596  70.658859 16.059
 72     2.541 54725.61497178 25.01  83.385896  70.661819 16.059
 73    -0.666 54760.61498223 46.92  83.405685  70.658941 14.819
 73    -0.694 54760.61498288 36.98  83.400985  70.661911 14.819
 75     0.373 54830.61498173 19.25  83.409465  70.655643  2.896
 75     0.234 54830.61498237 15.47  83.404775  70.658613  2.896
 75     0.045 54830.61498302 12.74  83.400075  70.661573  2.896
 76     0.056 54865.61495755 12.03  83.403432  70.650703  2.036
 76     0.058 54865.61495820 11.60  83.398742  70.653663  2.036
 76    -0.241 54865.61495884 11.34  83.394042  70.656633  2.036
 76    -0.435 54865.61495949 11.18  83.389342  70.659593  2.036
 76    -0.668 54865.61496013 11.05  83.384642  70.662563  2.036
 77    -0.158 54900.61498150 10.21  83.408592  70.660100  1.929
 77    -0.523 54900.61498214 10.04  83.403892  70.663060  1.929
 78     0.497 54935.61494922 10.73  83.407311  70.651993  1.921
 78     0.354 54935.61494987 10.98  83.402621  70.654963  1.921
 78     0.658 54935.61495051 10.44  83.397921  70.657923  1.921
 78     0.783 54935.61495115 10.31  83.393221  70.660893  1.921
 79     0.340 54970.61498282  8.35  83.405912  70.656602  1.823
 79     0.567 54970.61498347  8.02  83.401222  70.659572  1.823
 79     0.496 54970.61498411  7.76  83.396522  70.662532  1.823
 80     1.388 55005.61500211 18.02  83.407971  70.655799 24.891
 80     2.200 55005.61500276 19.49  83.403281  70.658759 24.891
 80     2.445 55005.61500340 24.09  83.398581  70.661719 24.891
 81     1.309 55040.61499031 14.09  83.407760  70.657546 13.572
 81     2.076 55040.61499096 17.65  83.403060  70.660506 13.572
 81     2.305 55040.61499160 23.25  83.398360  70.663476 13.572
 82    -0.675 55075.61497270 22.47  83.411370  70.660120 17.420
 82     1.442 55075.61497335 20.86  83.406670  70.663080 17.420
 83    -0.365 55110.61492203 27.43  83.403793  70.652550 21.127
 83    -0.441 55110.61492268 23.37  83.399103  70.655520 21.127
 83     1.780 55110.61492332 20.37  83.394403  70.658480 21.127
 83     2.565 55110.61492397 20.79  83.389703  70.661450 21.127
 84    -0.311 55145.61492533 27.09  83.408284  70.657131  5.721
 84    -0.239 55145.61492598 26.75  83.403584  70.660101  5.721
 84    -0.238 55145.61492662 23.90  83.398894  70.663061  5.721
 86    -0.168 55215.61492029 17.84  83.407720  70.659217  6.629
 86    -0.222 55215.61492093 13.16  83.403020  70.662187  6.629
 87     0.159 55250.61489610 16.08  83.402291  70.653957  5.375
 87     0.026 55250.61489675 14.64  83.397591  70.656917  5.375
 87    -0.005 55250.61489739 14.01  83.392901  70.659887  5.375
 87    -0.157 55250.61489804 13.69  83.388201  70.662847  5.375
 88     0.182 55285.61491382 10.70  83.413468  70.658535  2.434
 88     0.009 55285.61491446 10.61  83.408768  70.661495  2.434
 88    -0.290 55285.61491511 10.29  83.404068  70.664465  2.434
 89     0.326 55320.61488691  8.81  83.408627  70.656244  1.894
 89     0.120 55320.61488755  8.85  83.403927  70.659204  1.894
 89     0.046 55320.61488819  8.62  83.399227  70.662174  1.894
 90     1.702 55355.61488799 48.79  83.406545  70.659050 29.250
 90     1.642 55355.61488864 49.39  83.401845  70.662010 29.250
 91     0.150 55390.61488697 18.19  83.404590  70.651410 22.929
 91     1.131 55390.61488761 14.72  83.399890  70.654370 22.929
 91     2.003 55390.61488826 15.39  83.395190  70.657340 22.929
 91     2.330 55390.61488890 18.53  83.390500  70.660300 22.929
 92     1.239 55425.61490471 16.46  83.406843  70.657877 17.170
 92     2.306 55425.61490536 16.98  83.402143  70.660847 17.170
 92     2.499 55425.61490600 24.74  83.397443  70.663807 17.170
 93    -0.573 55460.61487318 22.81  83.414348  70.660783 28.579
 93     1.669 55460.61487383 20.76  83.409648  70.663753 28.579
