# NaN NaN NaN ;Mean Elev.(m), Avg Gradient(m/km), RMS Gradient(m/km) - SRTM1     
#   26.721  -4.090  16.105 ;Mean Elev.(m), Avg Gradient(m/km), RMS Gradient(m/km) - ASTER GDEM
#   33.888  -4.602  16.787 ;Mean Elev.(m), Avg Gradient(m/km), RMS Gradient(m/km) - GMTED2010 
  7    84.472 52475.62309984  0.22  89.795870  61.401804  4.263
  7    51.887 52475.62310048  6.15  89.793500  61.404954  4.263
  7    51.805 52475.62310113  6.63  89.791120  61.408114  4.263
  7    52.642 52475.62310177  6.79  89.788750  61.411264  4.263
  7    31.657 52475.62310371 29.58  89.781631  61.420733  4.143
  8    61.907 52510.62305474  6.21  89.813424  61.400784  5.302
  8    61.626 52510.62305538  4.64  89.811054  61.403944  5.302
  8    50.752 52510.62305667  7.27  89.806314  61.410254  5.302
  8    51.742 52510.62305732  7.27  89.803934  61.413404  5.302
  8    51.297 52510.62305796  8.14  89.801564  61.416564  5.302
  8    60.272 52510.62305861  3.99  89.799194  61.419724  5.302
  8    31.065 52510.62305990 24.16  89.794439  61.426025  3.766
  9    88.817 52545.62306972  0.32  89.794889  61.401022  3.608
  9    83.999 52545.62307037  0.67  89.792509  61.404182  3.608
  9    51.421 52545.62307230  8.29  89.785389  61.413642  3.608
  9    51.023 52545.62307294  6.70  89.783009  61.416802  3.608
  9    47.896 52545.62307359 10.38  89.780639  61.419952  3.608
 10    51.680 52580.62309711 12.52  89.796435  61.402882  4.478
 10    30.975 52580.62309904 36.39  89.789314  61.412350  7.415
 10    30.127 52580.62309968 42.16  89.786934  61.415500  7.415
 10    30.883 52580.62310033 41.16  89.784564  61.418660  7.415
 10    30.108 52580.62310097 41.16  89.782184  61.421810  7.415
 11    33.334 52615.62306578 13.27  89.805906  61.402719 10.326
 11    33.397 52615.62306642 19.81  89.803526  61.405869 10.326
 11    33.574 52615.62306706 20.66  89.801156  61.409029 10.326
 11    32.430 52615.62306771 17.82  89.798786  61.412179 10.326
 11    32.065 52615.62306835 18.36  89.796416  61.415339 10.326
 11    31.935 52615.62306900 17.50  89.794036  61.418489 10.326
 11    32.250 52615.62306964 15.94  89.791666  61.421649 10.326
 11    31.891 52615.62307029 15.15  89.789296  61.424799 10.326
 12    34.249 52650.62304405  9.83  89.800360  61.403953  3.227
 12    39.312 52650.62304469 11.70  89.797990  61.407103  3.227
 12    33.785 52650.62304534 12.36  89.795612  61.410261  6.663
 12    33.181 52650.62304598 11.04  89.793242  61.413421  6.663
 12    32.692 52650.62304663 10.17  89.790872  61.416571  6.663
 12    32.761 52650.62304727  9.30  89.788492  61.419731  6.663
 12    32.759 52650.62304791  8.25  89.786112  61.422881  6.663
 13    33.947 52685.62303210 10.59  89.808373  61.407237  8.319
 13    32.756 52685.62303274 18.10  89.806003  61.410397  8.319
 13    41.148 52685.62303339 17.34  89.803623  61.413547  8.319
 13    32.348 52685.62303403 14.74  89.801253  61.416707  8.319
 13    32.475 52685.62303468 14.40  89.798883  61.419857  8.319
 13    32.870 52685.62303532 12.82  89.796503  61.423017  8.319
 13    33.024 52685.62303597 11.72  89.794133  61.426167  8.319
 14    32.791 52720.62308228 15.01  89.798097  61.402772  3.862
 14    32.428 52720.62308293 13.90  89.795717  61.405922  3.862
 14    32.282 52720.62308357 14.64  89.793347  61.409082  3.862
 14    32.305 52720.62308421 12.72  89.790977  61.412232  3.862
 14    32.133 52720.62308486 13.29  89.788597  61.415392  3.862
 14    32.088 52720.62308550 12.15  89.786227  61.418542  3.862
 14    32.258 52720.62308615 10.83  89.783847  61.421702  3.862
 15    37.018 52755.62310900  2.24  89.785356  61.416940  5.548
 15    33.132 52755.62310964 11.37  89.782986  61.420090  5.548
 16    55.219 52790.62305521 12.17  89.788943  61.401918  5.060
 16    34.850 52790.62305650 33.47  89.784193  61.408228  5.060
 16    34.468 52790.62305715 34.58  89.781823  61.411388  5.060
 16    35.010 52790.62305779 33.04  89.779443  61.414538  5.060
 16    35.247 52790.62305844 33.04  89.777073  61.417698  5.060
 16    35.294 52790.62305908 32.14  89.774693  61.420848  5.060
 17    32.827 52825.62312471 31.50  89.794434  61.402830 11.933
 17    33.269 52825.62312536 32.36  89.792064  61.405980 11.933
 17    33.021 52825.62312600 36.33  89.789694  61.409140 11.933
 17    32.264 52825.62312665 38.34  89.787314  61.412290 11.933
 17    33.217 52825.62312729 31.40  89.784944  61.415450 11.933
 17    32.760 52825.62312794 29.32  89.782564  61.418600 11.933
 17    32.097 52825.62312858 29.35  89.780184  61.421760 11.933
 18    51.589 52860.62317009 12.07  89.798320  61.401311  5.846
 18    51.104 52860.62317073 13.54  89.795940  61.404471  5.846
 18    52.091 52860.62317138 12.73  89.793570  61.407621  5.846
 18    30.073 52860.62317267 38.54  89.788820  61.413931  5.846
 18    28.543 52860.62317331 38.47  89.786450  61.417091  5.846
 18    31.798 52860.62317396 29.31  89.784070  61.420241  5.846
 19    77.682 52895.62320077  4.08  89.800687  61.402603  6.350
 19    51.553 52895.62320206 13.67  89.795937  61.408913  6.350
 19    51.398 52895.62320270 16.73  89.793567  61.412073  6.350
 19    50.332 52895.62320335 17.47  89.791187  61.415223  6.350
 19    30.571 52895.62320464 27.93  89.786437  61.421533  6.350
 20    62.552 52930.62314877  7.30  89.810762  61.401416  5.378
 20    65.064 52930.62314942  5.67  89.808392  61.404566  5.378
 20    67.981 52930.62315006  4.76  89.806022  61.407726  5.378
 20    50.538 52930.62315135 17.39  89.801275  61.414031  4.942
 20    50.720 52930.62315199 17.54  89.798905  61.417191  4.942
 20    50.846 52930.62315264  9.76  89.796535  61.420341  4.942
 20    30.433 52930.62315328 30.25  89.794155  61.423501  4.942
 20    30.223 52930.62315393 34.18  89.791785  61.426651  4.942
 21    32.736 52965.62314317 10.91  89.793084  61.403356 12.037
 21    32.026 52965.62314382 17.94  89.790704  61.406516 12.037
 21    37.587 52965.62314446 17.35  89.788334  61.409666 12.037
 21    32.500 52965.62314511 20.39  89.785954  61.412826 12.037
 21    32.776 52965.62314575 20.04  89.783584  61.415976 12.037
 21    33.028 52965.62314640 18.87  89.781204  61.419136 12.037
 23    34.900 53035.62312386 13.89  89.810801  61.399462  6.287
 23    33.505 53035.62312450 15.30  89.808431  61.402612  6.287
 23    32.819 53035.62312515 16.37  89.806061  61.405772  6.287
 23    33.189 53035.62312579 16.11  89.803691  61.408922  6.287
 24    34.388 53070.62314435 12.70  89.801643  61.400355  9.003
 24    33.492 53070.62314500 13.90  89.799273  61.403515  9.003
 24    33.839 53070.62314564 14.37  89.796893  61.406665  9.003
 26    83.137 53140.62315134  0.34  89.797700  61.400493  8.827
 26    77.972 53140.62315199  2.35  89.795330  61.403653  8.827
 26    36.241 53140.62315327 19.93  89.790580  61.409963  8.827
 26    35.897 53140.62315392 28.48  89.788210  61.413113  8.827
 26    34.575 53140.62315456 32.59  89.785830  61.416273  8.827
 26    34.290 53140.62315521 33.43  89.783460  61.419423  8.827
 26    36.185 53140.62315585 27.78  89.781080  61.422583  8.827
 27    78.762 53175.62318350  7.90  89.800379  61.400892  4.559
 27    66.483 53175.62318415  8.18  89.798009  61.404042  4.559
 27    74.474 53175.62318479  3.69  89.795629  61.407202  4.559
 27    80.264 53175.62318544  0.69  89.793259  61.410352  4.559
 27    52.690 53175.62318608 10.02  89.790879  61.413512  4.559
 27    52.491 53175.62318673  9.27  89.788509  61.416662  4.559
 27    60.790 53175.62318737  9.34  89.786129  61.419822  4.559
 27    42.463 53175.62318802 17.11  89.783759  61.422972  4.559
 28    51.629 53210.62320214  5.56  89.800616  61.402510  4.330
 28    51.786 53210.62320279  3.08  89.798246  61.405660  4.330
 28    52.441 53210.62320343  2.83  89.795876  61.408820  4.330
 28    51.081 53210.62320407  3.58  89.793496  61.411970  4.330
 28    30.863 53210.62320536 25.01  89.788756  61.418280  4.330
 28    30.906 53210.62320601 23.36  89.786376  61.421440  4.330
 29    63.869 53245.62316936  4.96  89.809969  61.399585  5.017
 29    79.584 53245.62317001  2.65  89.807599  61.402745  5.017
 29    51.036 53245.62317130 12.27  89.802859  61.409055  5.017
 29    52.181 53245.62317194 15.26  89.800479  61.412205  5.017
 29    51.192 53245.62317259 18.82  89.798109  61.415365  5.017
 29    50.830 53245.62317323 11.22  89.795739  61.418515  5.017
 29    30.537 53245.62317387 29.49  89.793359  61.421675  5.017
 29    29.870 53245.62317452 30.03  89.790989  61.424825  5.017
 31    51.865 53315.62316877 15.70  89.798524  61.402489  8.413
 31    51.366 53315.62316942 19.56  89.796154  61.405639  8.413
 31    31.185 53315.62317135 42.03  89.789034  61.415109  8.413
 31    31.350 53315.62317199 42.19  89.786654  61.418259  8.413
 31    31.430 53315.62317264 42.74  89.784284  61.421419  8.413
 32    31.887 53350.62313642 13.00  89.801027  61.413559  9.226
 32    34.981 53350.62313706 19.46  89.798647  61.416719  9.226
 32    36.705 53350.62313771 20.54  89.796277  61.419869  9.226
 32    32.483 53350.62313835 18.47  89.793897  61.423029  9.226
 32    32.657 53350.62313900 16.95  89.791527  61.426179  9.226
 34    35.454 53420.62311987 17.05  89.811070  61.400505  5.953
 34    34.860 53420.62312052 17.05  89.808700  61.403665  5.953
 35    32.733 53455.62312909 11.18  89.781547  61.415560  2.657
 35    33.018 53455.62312973 12.64  89.779177  61.418720  2.657
 36    33.904 53490.62321261 15.33  89.788087  61.406834  8.315
 36    33.645 53490.62321325 18.66  89.785717  61.409994  8.315
 36    33.973 53490.62321390 19.56  89.783347  61.413144  8.315
 36    34.292 53490.62321454 16.48  89.780967  61.416304  8.315
 36    34.898 53490.62321519 17.07  89.778597  61.419454  8.315
 37    96.500 53525.62319481  5.20  89.805985  61.400519  9.827
 37    92.400 53525.62319546  4.81  89.803615  61.403679  9.827
 38    75.915 53560.62322381  2.09  89.795366  61.405764  4.187
 38    52.476 53560.62322446  9.69  89.792996  61.408924  4.187
 38    52.278 53560.62322510 10.44  89.790616  61.412074  4.187
 38    52.128 53560.62322575  8.82  89.788246  61.415234  4.187
 38    60.554 53560.62322639  7.77  89.785876  61.418384  4.187
 39    80.972 53595.62316073  3.21  89.816235  61.400834  5.968
 39    91.514 53595.62316137  0.15  89.813865  61.403994  5.968
 39    51.227 53595.62316266  8.76  89.809115  61.410304  5.968
 39    52.625 53595.62316330  8.44  89.806745  61.413454  5.968
 39    52.122 53595.62316395 14.24  89.804375  61.416614  5.968
 39    31.520 53595.62316524 30.00  89.799625  61.422924  5.968
 39    29.641 53595.62316588 36.32  89.797255  61.426074  5.968
 41    78.407 53665.62317835  5.48  89.796561  61.401364  5.009
 41    79.883 53665.62317900  1.21  89.794181  61.404514  5.009
 41    52.472 53665.62318029 15.31  89.789441  61.410824  5.009
 41    50.954 53665.62318093 13.51  89.787061  61.413984  5.009
 41    51.586 53665.62318158  9.29  89.784691  61.417134  5.009
 41    31.567 53665.62318222 29.78  89.782311  61.420294  5.009
 42    30.462 53700.62313298 38.64  89.801898  61.411488  7.416
 42    30.591 53700.62313362 36.53  89.799518  61.414648  7.416
 42    31.578 53700.62313427 34.91  89.797148  61.417798  7.416
 42    31.232 53700.62313491 37.75  89.794778  61.420958  7.416
 42    30.678 53700.62313556 38.63  89.792398  61.424108  7.416
 43    37.375 53735.62305240 16.81  89.822049  61.400458  6.860
 43    36.612 53735.62305305 16.94  89.819679  61.403618  6.860
 43    35.057 53735.62305369 16.39  89.817309  61.406774  4.836
 43    34.330 53735.62305434 17.17  89.814929  61.409924  4.836
 44    32.440 53770.62304673  8.64  89.790926  61.419089  5.906
 44    32.712 53770.62304738 10.77  89.788546  61.422239  5.906
 45    43.336 53805.62303537 13.65  89.815344  61.400907  9.435
 45    36.332 53805.62303602 12.70  89.812974  61.404057  9.435
 45    34.000 53805.62303666 12.75  89.810604  61.407217  9.435
 45    33.714 53805.62303731 12.25  89.808234  61.410367  9.435
 45    33.074 53805.62303795 12.37  89.805864  61.413527  9.435
 45    32.906 53805.62303860 11.24  89.803484  61.416677  9.435
 45    32.941 53805.62303924 10.73  89.801114  61.419837  9.435
 45    32.320 53805.62303989 10.53  89.798744  61.422987  9.435
 45    31.998 53805.62304053  9.60  89.796364  61.426147  9.435
 47    87.458 53875.62310323  7.13  89.799855  61.402167  7.288
 47    68.500 53875.62310387 12.23  89.797475  61.405317  7.288
 47    60.825 53875.62310452 12.20  89.795105  61.408477  7.288
 47    67.191 53875.62310516  9.97  89.792735  61.411627  7.288
 47    38.709 53875.62310710 36.32  89.785605  61.421097  7.288
 48    30.634 53910.62315094 31.88  89.792685  61.401365  8.372
 48    32.987 53910.62315159 26.09  89.790314  61.404526  7.208
 48    32.814 53910.62315223 25.44  89.787934  61.407676  7.208
 48    32.353 53910.62315287 25.18  89.785564  61.410836  7.208
 48    32.189 53910.62315352 24.42  89.783184  61.413986  7.208
 48    31.959 53910.62315416 24.87  89.780814  61.417146  7.208
 48    32.072 53910.62315481 23.91  89.778434  61.420296  7.208
 49    35.581 53945.62317052 33.04  89.794500  61.402375  8.998
 49    35.403 53945.62317116 31.79  89.792130  61.405535  8.998
 49    35.037 53945.62317181 32.76  89.789753  61.408688  8.022
 49    35.246 53945.62317245 32.00  89.787383  61.411838  8.022
 49    34.836 53945.62317310 31.20  89.785013  61.414998  8.022
 49    35.057 53945.62317374 31.09  89.782633  61.418148  8.022
 49    34.476 53945.62317439 30.18  89.780263  61.421308  8.022
 50    31.675 53980.62311864 13.04  89.799970  61.413392  6.018
 50    32.113 53980.62311928 12.73  89.797598  61.416544  2.426
 50    32.149 53980.62311992 12.71  89.795218  61.419694  2.426
 50    32.040 53980.62312057 11.87  89.792848  61.422854  2.426
 50    32.295 53980.62312121 10.81  89.790468  61.426004  2.426
 51    51.076 54015.62313667  7.81  89.790873  61.402741  6.137
 51    73.102 54015.62313731  2.70  89.788497  61.405898  6.394
 51    31.210 54015.62313860 24.51  89.783747  61.412208  6.394
 51    30.413 54015.62313925 24.20  89.781367  61.415368  6.394
 51    31.151 54015.62313989 22.46  89.778997  61.418518  6.394
 52    32.676 54050.62313693 31.38  89.808806  61.401115 11.840
 52    31.716 54050.62313758 39.44  89.806436  61.404275 11.840
 52    31.003 54050.62313822 42.58  89.804056  61.407425 11.840
 52    31.264 54050.62313886 38.81  89.801686  61.410585 11.840
 52    32.700 54050.62313951 33.95  89.799316  61.413735 11.840
 52    32.713 54050.62314015 35.41  89.796939  61.416893  8.108
 52    34.415 54050.62314080 37.76  89.794559  61.420043  8.108
 52    34.226 54050.62314144 38.43  89.792189  61.423203  8.108
 52    32.460 54050.62314209 36.59  89.789809  61.426353  8.108
 53    35.478 54085.62312886 16.75  89.808869  61.399709  7.091
 53    34.999 54085.62312950 18.19  89.806499  61.402869  7.091
 53    35.752 54085.62313015 17.01  89.804129  61.406019  7.091
 53    36.777 54085.62313079 18.71  89.801759  61.409179  7.091
 53    36.704 54085.62313143 18.35  89.799379  61.412329  7.091
 53    36.650 54085.62313208 16.79  89.797011  61.415489  5.956
 53    36.069 54085.62313272 17.87  89.794641  61.418639  5.956
 53    34.724 54085.62313337 18.66  89.792261  61.421799  5.956
 53    34.332 54085.62313401 17.31  89.789891  61.424949  5.956
 56    34.242 54190.62305647 13.51  89.800972  61.419970  2.849
 56    33.641 54190.62305711 16.98  89.798602  61.423130  2.849
 56    33.979 54190.62305776 16.34  89.796232  61.426280  2.849
 57    59.659 54225.62309925  9.70  89.797510  61.402641  7.956
 57    84.164 54225.62309989  5.08  89.795140  61.405791  7.956
 57    70.873 54225.62310054  5.12  89.792760  61.408951  7.956
 57    39.057 54225.62310247 34.86  89.785640  61.418411  7.956
 57    38.814 54225.62310312 43.39  89.783260  61.421571  7.956
 58    89.789 54260.62311889  6.22  89.802740  61.400117  4.213
 58    79.483 54260.62311954  7.85  89.800370  61.403267  4.213
 58    76.504 54260.62312018  7.83  89.798000  61.406427  4.213
 58    68.227 54260.62312083 11.63  89.795630  61.409577  4.213
 59    51.590 54295.62312285 12.15  89.803888  61.400964  5.651
 59    51.541 54295.62312350  9.50  89.801518  61.404124  5.651
 59    51.647 54295.62312414  6.99  89.799148  61.407274  5.651
 59    32.068 54295.62312543 27.43  89.794398  61.413584  5.651
 59    31.021 54295.62312608 28.54  89.792028  61.416744  5.651
 59    31.798 54295.62312672 26.69  89.789648  61.419894  5.651
 59    31.194 54295.62312736 26.21  89.787278  61.423054  5.651
 60    67.881 54330.62311506  5.82  89.809718  61.400991  5.336
 60    61.662 54330.62311570  6.07  89.807348  61.404141  5.336
 60    51.865 54330.62311699 11.45  89.802608  61.410451  5.336
 60    51.771 54330.62311764 15.26  89.800228  61.413611  5.336
 60    51.515 54330.62311828 10.34  89.797858  61.416761  5.336
 60    60.641 54330.62311893  6.07  89.795488  61.419921  5.336
 60    29.613 54330.62312022 28.75  89.790738  61.426231  5.336
 61    92.115 54365.62305942  5.36  89.813842  61.402585  6.192
 61    78.827 54365.62306007  5.17  89.811462  61.405745  6.192
 61    75.706 54365.62306071  5.11  89.809092  61.408895  6.192
 61    50.778 54365.62306329 10.08  89.799602  61.421515  6.192
 61    51.037 54365.62306394  9.30  89.797232  61.424675  6.192
 61    62.719 54365.62306458  7.05  89.794852  61.427825  6.192
 62    51.272 54400.62305697 10.76  89.804045  61.401528  6.364
 62    50.543 54400.62305762 10.42  89.801675  61.404678  6.364
 62    50.983 54400.62305826  7.93  89.799295  61.407838  6.364
 62    31.512 54400.62305891 27.60  89.796925  61.410988  6.364
 62    30.728 54400.62305955 33.62  89.794555  61.414148  6.364
 62    31.330 54400.62306020 32.16  89.792175  61.417298  6.364
 62    31.459 54400.62306084 30.19  89.789805  61.420458  6.364
 62    31.798 54400.62306149 28.79  89.787425  61.423608  6.364
 63    53.088 54435.62301375  2.49  89.813023  61.399708  8.415
 63    42.215 54435.62301440  4.02  89.810653  61.402868  8.415
 63    32.325 54435.62301569 19.44  89.805903  61.409178  8.415
 63    32.750 54435.62301633 20.63  89.803533  61.412328  8.415
 63    32.663 54435.62301698 21.20  89.801163  61.415488  8.415
 63    32.805 54435.62301762 19.59  89.798793  61.418638  8.415
 63    32.802 54435.62301826 18.32  89.796413  61.421798  8.415
 63    32.554 54435.62301891 17.57  89.794043  61.424948  8.415
 64    42.408 54470.62304163  1.41  89.796696  61.404387  4.272
 64    32.682 54470.62304227 14.58  89.794316  61.407547  4.272
 64    32.321 54470.62304292 15.47  89.791946  61.410697  4.272
 64    32.381 54470.62304356 13.67  89.789576  61.413857  4.272
 64    31.874 54470.62304421 11.99  89.787196  61.417007  4.272
 64    31.604 54470.62304485 11.04  89.784816  61.420167  4.272
 64    31.284 54470.62304550  9.68  89.782446  61.423317  4.272
 65    36.497 54505.62302732 13.05  89.813294  61.400645 10.429
 65    35.522 54505.62302797 15.32  89.810924  61.403795 10.429
 65    35.271 54505.62302861 14.35  89.808544  61.406955 10.429
 65    35.160 54505.62302926 12.78  89.806174  61.410105 10.429
 65    34.970 54505.62302990 11.87  89.803804  61.413265 10.429
 65    34.357 54505.62303054 11.97  89.801434  61.416415 10.429
 65    34.416 54505.62303119 11.90  89.799054  61.419575 10.429
 65    34.933 54505.62303183 10.25  89.796684  61.422725 10.429
 65    33.942 54505.62303248  9.52  89.794314  61.425885 10.429
 66    40.100 54540.62305739  5.18  89.799030  61.409382  3.230
 66    33.183 54540.62305803 12.92  89.796660  61.412542  3.230
 66    33.022 54540.62305868 15.40  89.794290  61.415692  3.230
 66    32.875 54540.62305932 14.42  89.791910  61.418852  3.230
 66    33.049 54540.62305997 13.42  89.789540  61.422002  3.230
 66    32.891 54540.62306061 12.86  89.787160  61.425162  3.230
 68    91.013 54610.62304763  5.21  89.804805  61.399928  5.389
 68    88.857 54610.62304828  4.58  89.802435  61.403088  5.389
 68    86.461 54610.62304892  2.72  89.800055  61.406238  5.389
 68    83.743 54610.62304957  2.42  89.797685  61.409398  5.389
 68    80.791 54610.62305021  2.90  89.795315  61.412548  5.389
 68    65.908 54610.62305086  6.45  89.792935  61.415708  5.389
 68    63.254 54610.62305150  7.07  89.790565  61.418858  5.389
 68    63.949 54610.62305215  8.29  89.788185  61.422018  5.389
 69    50.164 54645.62305775  3.03  89.794101  61.413270  4.433
 69    45.040 54645.62305839  4.56  89.791721  61.416430  4.433
 69    41.402 54645.62305904 12.63  89.789351  61.419580  4.433
 69    41.031 54645.62305968 17.98  89.786971  61.422740  4.433
 70    61.009 54680.62305940  3.51  89.793900  61.414977  3.681
 70    63.106 54680.62306004  2.88  89.791520  61.418137  3.681
 70    31.281 54680.62306133 17.40  89.786770  61.424447  3.681
 71    83.222 54715.62300621  4.32  89.816669  61.400397  8.604
 71    64.464 54715.62300686  6.41  89.814299  61.403547  8.604
 71    61.444 54715.62300750  7.90  89.811929  61.406707  8.604
 71    50.930 54715.62300879 14.21  89.807179  61.413017  8.604
 71    50.965 54715.62300944 13.92  89.804809  61.416167  8.604
 71    50.950 54715.62301008  8.33  89.802439  61.419327  8.604
 71    29.452 54715.62301137 34.77  89.797689  61.425637  8.604
 72    82.869 54750.62302746  4.99  89.798246  61.400925  5.711
 72    84.186 54750.62302810  3.88  89.795866  61.404075  5.711
 72    82.512 54750.62302875  2.80  89.793496  61.407235  5.711
 72    62.479 54750.62302939  9.82  89.791126  61.410385  5.711
 72    66.308 54750.62303003  7.39  89.788746  61.413545  5.711
 72    68.166 54750.62303068  2.06  89.786376  61.416695  5.711
 72    63.552 54750.62303132  4.50  89.783996  61.419855  5.711
 73    33.223 54785.62299534 26.09  89.810239  61.401193 10.380
 73    32.597 54785.62299598 29.51  89.807869  61.404343 10.380
 73    33.525 54785.62299663 28.35  89.805489  61.407503 10.380
 73    32.349 54785.62299727 37.26  89.803119  61.410653 10.380
 73    33.474 54785.62299792 34.37  89.800749  61.413813 10.380
 73    34.030 54785.62299856 34.09  89.798369  61.416963 10.380
 75    34.960 54855.62299552 16.29  89.796698  61.419154  4.275
 75    33.432 54855.62299616 21.35  89.794318  61.422314  4.275
 75    34.360 54855.62299681 15.44  89.791948  61.425464  4.275
 76    35.190 54890.62302462 13.74  89.802597  61.402194  8.390
 76    35.476 54890.62302527 13.50  89.800227  61.405344  8.390
 77    34.904 54925.62299274 13.93  89.806468  61.411532 12.996
 77    44.876 54925.62299338 19.92  89.804098  61.414682 12.996
 77    41.086 54925.62299403 29.26  89.801728  61.417842 12.996
 77    35.133 54925.62299467 19.39  89.799348  61.420992 12.996
 77    34.938 54925.62299532 16.78  89.796978  61.424152 12.996
 77    35.047 54925.62299596 12.09  89.794608  61.427302 12.996
 78    37.933 54960.62302466 27.87  89.792493  61.408847  8.987
 78    37.802 54960.62302530 28.92  89.790113  61.412007  8.987
 78    39.096 54960.62302595 26.53  89.787743  61.415157  8.987
 78    39.095 54960.62302659 27.41  89.785363  61.418317  8.987
 78    39.569 54960.62302724 28.08  89.782993  61.421467  8.987
 79    89.102 54995.62304439  0.79  89.801597  61.400896  5.313
 79    78.275 54995.62304503  4.26  89.799227  61.404046  5.313
 79    72.408 54995.62304568  7.49  89.796857  61.407206  5.313
 79    53.871 54995.62304632  8.88  89.794487  61.410356  5.313
 79    53.579 54995.62304697  8.90  89.792107  61.413516  5.313
 79    54.341 54995.62304761  8.67  89.789737  61.416666  5.313
 79    51.911 54995.62304826 11.76  89.787357  61.419826  5.313
 80    51.822 55030.62303422 12.07  89.803676  61.401808  5.358
 80    51.292 55030.62303486 10.93  89.801306  61.404958  5.358
 80    51.847 55030.62303551 10.82  89.798936  61.408118  5.358
 80    31.035 55030.62303680 36.19  89.794186  61.414428  5.358
 80    30.572 55030.62303744 32.92  89.791816  61.417578  5.358
 80    30.600 55030.62303809 28.74  89.789436  61.420738  5.358
 80    29.785 55030.62303873 27.41  89.787066  61.423888  5.358
 81    31.925 55065.62302440 43.79  89.808124  61.401047 14.179
 81    33.238 55065.62302504 36.26  89.805754  61.404197 14.179
 81    33.281 55065.62302569 36.10  89.803384  61.407357 14.179
 81    32.738 55065.62302633 37.89  89.801004  61.410507 14.179
 81    33.244 55065.62302698 39.58  89.798634  61.413667 14.179
 81    33.154 55065.62302762 34.45  89.796264  61.416817 14.179
 81    32.260 55065.62302827 30.93  89.793884  61.419977 14.179
 81    31.713 55065.62302891 28.84  89.791514  61.423127 14.179
 82    81.082 55100.62296703  4.71  89.813645  61.403525  4.765
 82    88.266 55100.62296768  2.69  89.811275  61.406675  4.765
 82    86.763 55100.62296832  0.85  89.808905  61.409835  4.765
 82    52.132 55100.62296961 11.44  89.804155  61.416145  4.765
 82    50.986 55100.62297026  9.56  89.801785  61.419295  4.765
 82    52.774 55100.62297090  6.90  89.799415  61.422455  4.765
 83    51.533 55135.62296986 12.22  89.799314  61.401678  8.182
 83    51.368 55135.62297050 15.31  89.796934  61.404828  8.182
 83    51.372 55135.62297115 16.60  89.794564  61.407988  8.182
 83    30.791 55135.62297244 34.82  89.789814  61.414298  8.182
 83    30.561 55135.62297308 39.95  89.787444  61.417448  8.182
 83    31.020 55135.62297373 38.48  89.785064  61.420608  8.182
 84    34.311 55170.62293389 20.36  89.807382  61.407460  6.391
 84    34.351 55170.62293454 17.90  89.805012  61.410610  6.391
 84    34.683 55170.62293518 18.13  89.802642  61.413770  6.391
 84    34.854 55170.62293583 16.90  89.800262  61.416920  6.391
 84    34.909 55170.62293647 16.64  89.797892  61.420080  6.391
 84    35.218 55170.62293712 16.50  89.795522  61.423230  6.391
 84    34.965 55170.62293776 15.96  89.793142  61.426390  6.391
 85    36.532 55205.62296323 11.53  89.799164  61.400965  4.903
 85    36.108 55205.62296388 10.38  89.796784  61.404115  4.903
 87    36.137 55275.62295691 10.10  89.806300  61.400827  7.841
 87    44.423 55275.62295755 10.47  89.803930  61.403977  7.841
 87    34.909 55275.62295819 10.57  89.801560  61.407137  7.841
 87    34.554 55275.62295884 10.63  89.799180  61.410287  7.841
 87    34.812 55275.62295948  9.25  89.796810  61.413447  7.841
 87    34.869 55275.62296013  8.52  89.794440  61.416597  7.841
 87    35.025 55275.62296077  8.18  89.792060  61.419757  7.841
 87    34.870 55275.62296142  7.90  89.789690  61.422907  7.841
 89    89.289 55345.62292619  2.46  89.805117  61.401685  4.011
 89    87.779 55345.62292683  1.50  89.802747  61.404845  4.011
 89    84.608 55345.62292748  1.52  89.800367  61.407995  4.011
 89    76.728 55345.62292812  2.42  89.797997  61.411155  4.011
 89    72.115 55345.62292877  3.57  89.795627  61.414305  4.011
 89    66.443 55345.62292941  4.29  89.793247  61.417465  4.011
 89    62.824 55345.62293006  7.28  89.790877  61.420615  4.011
 89    62.902 55345.62293070  9.78  89.788498  61.423774  5.752
 90    52.690 55380.62291958 13.37  89.806284  61.404007  5.541
 90    52.969 55380.62292023 11.10  89.803914  61.407157  5.541
 90    32.412 55380.62292152 28.94  89.799164  61.413467  5.541
 90    32.448 55380.62292216 30.56  89.796794  61.416627  5.541
 90    31.804 55380.62292281 30.62  89.794424  61.419777  5.541
 90    31.704 55380.62292345 28.55  89.792044  61.422937  5.541
 90    31.489 55380.62292410 27.68  89.789674  61.426087  5.541
 91    31.448 55415.62294601 37.27  89.797566  61.402119 13.094
 91    32.827 55415.62294666 29.50  89.795196  61.405279 13.094
 91    31.763 55415.62294730 28.38  89.792826  61.408429 13.094
 91    32.462 55415.62294795 25.09  89.790446  61.411589 13.094
 91    31.943 55415.62294859 24.45  89.788076  61.414739 13.094
 91    31.416 55415.62294924 24.58  89.785696  61.417899 13.094
 91    30.992 55415.62294988 23.59  89.783326  61.421049 13.094
 92    82.326 55450.62293044  5.86  89.811066  61.400443  4.935
 92    80.879 55450.62293109  4.99  89.808696  61.403603  4.935
 92    87.234 55450.62293173  2.37  89.806326  61.406753  4.935
 92    62.399 55450.62293238  6.21  89.803956  61.409913  4.935
 92    51.934 55450.62293302 14.74  89.801576  61.413063  4.935
 92    51.231 55450.62293366 17.69  89.799206  61.416223  4.935
 92    50.411 55450.62293431 12.71  89.796836  61.419373  4.935
 92    50.635 55450.62293495  7.82  89.794456  61.422533  4.935
 92    31.378 55450.62293560 27.41  89.792086  61.425683  4.935
 93    61.789 55485.62285908  4.74  89.802586  61.422542  3.785
 93    41.567 55485.62285973  9.76  89.800216  61.425692  3.785
 93    62.546 55485.62286037  7.21  89.797836  61.428852  3.785
