# NaN NaN NaN ;Mean Elev.(m), Avg Gradient(m/km), RMS Gradient(m/km) - SRTM1     
#   -5.999   1.693  13.087 ;Mean Elev.(m), Avg Gradient(m/km), RMS Gradient(m/km) - ASTER GDEM
#   27.528   0.172  11.196 ;Mean Elev.(m), Avg Gradient(m/km), RMS Gradient(m/km) - GMTED2010 
  7    28.247 52443.21830332 41.36  88.397401  62.874404 36.816
  7    29.336 52443.21830396 42.48  88.394811  62.871264 36.816
  7    28.054 52443.21830461 44.87  88.392221  62.868124 36.816
  9    60.475 52513.21824077 10.93  88.405193  62.872979 24.047
  9    22.379 52513.21824141 12.74  88.402603  62.869839 24.047
  9    23.590 52513.21824206 14.56  88.400023  62.866699 24.047
 10    26.238 52548.21828347 16.31  88.411791  62.869674 17.437
 10    26.648 52548.21828411 17.47  88.409201  62.866544 17.437
 10    27.721 52548.21828476 19.92  88.406611  62.863404 17.437
 11    62.643 52583.21828308  4.58  88.409586  62.872474  5.676
 11    37.082 52583.21828437 13.30  88.404406  62.866194  5.676
 11    37.146 52583.21828501 13.06  88.401816  62.863054  5.676
 13    67.345 52653.21823274  0.68  88.417106  62.869068  1.896
 13    66.073 52653.21823339  0.44  88.414516  62.865928  1.896
 14    66.107 52688.21823268  1.03  88.397779  62.873780  2.091
 14    64.722 52688.21823333  0.43  88.395189  62.870650  2.091
 15    20.915 52723.21827914 14.22  88.405928  62.871149  3.569
 15    24.199 52723.21827978 14.63  88.403338  62.868019  3.569
 15    20.653 52723.21828043 16.43  88.400743  62.864879  4.116
 17    70.555 52793.21825288 16.00  88.418118  62.869733 12.863
 17    69.893 52793.21825353 13.37  88.415518  62.866603 12.863
 17    69.312 52793.21825417 12.40  88.412938  62.863465  9.912
 18    62.325 52828.21832045  7.10  88.419424  62.870853  6.983
 18    61.651 52828.21832109  4.67  88.416834  62.867713  6.983
 18    38.072 52828.21832238  4.70  88.411655  62.861444 17.000
 19    17.686 52863.21836571 29.18  88.416961  62.869871  6.329
 19    19.302 52863.21836635 27.67  88.414371  62.866731  6.329
 19    25.460 52863.21836700 22.94  88.411781  62.863601  6.329
 23    66.667 53003.21837155  0.84  88.399465  62.875415  2.146
 23    65.792 53003.21837219  0.40  88.396875  62.872275  2.146
 23    63.596 53003.21837284  0.26  88.394285  62.869135  2.146
 25    68.093 53073.21834830  1.15  88.402246  62.873248  6.389
 25    66.530 53073.21834894  0.53  88.399656  62.870108  6.389
 26    67.583 53108.21832126  2.42  88.389706  62.875635  1.904
 26    66.408 53108.21832191  2.01  88.387116  62.872495  1.904
 26    64.498 53108.21832255  1.40  88.384536  62.869355  1.904
 27    60.483 53143.21835810  3.80  88.408065  62.869950 15.699
 27    55.775 53143.21835939  1.36  88.402885  62.863670 15.699
 28    69.197 53178.21837862  7.66  88.406703  62.870819  8.863
 28    68.376 53178.21837926  7.28  88.404113  62.867679  8.863
 28    63.922 53178.21837991  7.27  88.401523  62.864549  8.863
 30    67.601 53248.21836835  3.99  88.398478  62.873234  6.936
 30    65.123 53248.21836900  3.84  88.395898  62.870094  6.936
 30    63.589 53248.21836964  2.71  88.393300  62.866959 13.080
 31    69.359 53283.21836004  6.02  88.410719  62.870509 13.235
 31    68.792 53283.21836068  5.30  88.408129  62.867369 13.235
 31    68.104 53283.21836133  4.92  88.405539  62.864229 13.235
 32    38.438 53318.21835808  6.58  88.411900  62.871124  5.062
 32    38.083 53318.21835872  9.91  88.409310  62.867984  5.062
 32    37.988 53318.21835937 12.58  88.406720  62.864854  5.062
 34    66.023 53388.21832090  0.78  88.414247  62.870335  2.278
 34    64.735 53388.21832154  0.21  88.411658  62.867199  6.755
 36    66.900 53458.21832647  1.02  88.419076  62.869022  2.278
 36    64.825 53458.21832712  0.58  88.416490  62.865886  5.397
 38    70.059 53528.21838961 10.87  88.409100  62.871328  5.315
 38    68.767 53528.21839025 10.29  88.406520  62.868188  5.315
 38    68.567 53528.21839090  8.72  88.403930  62.865048  5.315
 39    50.033 53563.21841891  7.43  88.397261  62.876324  5.166
 39    40.137 53563.21842020  4.41  88.392091  62.870044  5.166
 39    59.930 53563.21842085  2.30  88.389501  62.866904  5.166
 42    67.209 53668.21837729  3.24  88.403930  62.874742  3.301
 42    66.162 53668.21837793  0.95  88.401340  62.871612  3.301
 42    64.319 53668.21837858  0.52  88.398753  62.868472  9.022
 42    61.925 53668.21837922  4.38  88.396163  62.865332  9.022
 43    61.926 53703.21832072  5.70  88.405793  62.872969  4.354
 43    41.850 53703.21832136  8.31  88.403203  62.869839  4.354
 43    42.093 53703.21832201  7.66  88.400613  62.866699  4.354
 48    54.433 53878.21830057 21.07  88.411101  62.869176  8.207
 48    53.157 53878.21830122 23.41  88.408511  62.866036  8.207
 48    54.296 53878.21830186 22.58  88.405921  62.862905 18.608
 49    40.197 53913.21835326 17.76  88.401204  62.872619 10.423
 49    40.193 53913.21835391 19.07  88.398614  62.869479 10.423
 49    40.738 53913.21835455 19.45  88.396024  62.866339 10.423
 52    38.014 54018.21833871 16.63  88.412243  62.866210  7.214
 52    38.267 54018.21833936 18.13  88.409653  62.863080  7.214
 53    64.163 54053.21833172  8.84  88.413618  62.868987  3.490
 53    43.745 54053.21833236 11.82  88.411028  62.865857  3.490
 53    57.547 54053.21833301  9.49  88.408438  62.862717  3.490
 54    68.324 54088.21832274  5.46  88.403023  62.874524  2.762
 54    67.035 54088.21832339  5.29  88.400433  62.871384  2.762
 54    65.390 54088.21832403  4.66  88.397843  62.868254  2.762
 54    64.181 54088.21832468  4.42  88.395253  62.865114  2.762
 56    68.406 54158.21828595  3.19  88.406562  62.874148  4.458
 56    67.109 54158.21828660  2.62  88.403972  62.871018  4.458
 56    65.806 54158.21828724  2.34  88.401382  62.867878  4.458
 56    64.350 54158.21828789  1.61  88.398792  62.864738  4.458
 58    49.207 54228.21829799 20.44  88.407836  62.872796 16.333
 58    49.088 54228.21829864 21.83  88.405246  62.869656 16.333
 58    49.247 54228.21829928 24.32  88.402656  62.866516 16.333
 58    48.527 54228.21829993 20.99  88.400066  62.863376 16.333
 59    69.394 54263.21831685 10.73  88.407882  62.871776 11.114
 59    68.701 54263.21831749  9.36  88.405292  62.868646 11.114
 59    68.803 54263.21831814  7.15  88.402702  62.865506 11.114
 63    65.880 54403.21825459  4.20  88.405477  62.874544 10.567
 63    38.035 54403.21825588 19.52  88.400297  62.868264 10.567
 63    38.194 54403.21825652 22.37  88.397707  62.865134 10.567
 65    66.321 54473.21824050  0.51  88.412602  62.872291  4.166
 65    65.230 54473.21824115  0.15  88.410012  62.869151  4.166
 67    68.110 54543.21825494  1.73  88.406829  62.873343  5.013
 67    67.083 54543.21825559  1.32  88.404239  62.870203  5.013
 67    65.306 54543.21825623  0.85  88.401649  62.867063  5.013
 67    64.186 54543.21825688  0.58  88.399059  62.863933  5.013
 69    64.547 54613.21824530 20.52  88.407050  62.873859  8.818
 69    48.844 54613.21824594 23.22  88.404462  62.870718 17.113
 69    48.877 54613.21824659 22.75  88.401872  62.867578 17.113
 69    48.815 54613.21824723 22.62  88.399282  62.864438 17.113
 73    67.644 54753.21822575  8.45  88.408665  62.872313 20.952
 73    65.749 54753.21822639  9.10  88.406075  62.869173 20.952
 73    63.973 54753.21822704  9.56  88.403485  62.866033 20.952
 75    64.476 54823.21822072  3.70  88.409848  62.870165  8.626
 75    63.820 54823.21822137  2.99  88.407258  62.867025  8.626
 75    60.868 54823.21822201  2.42  88.404668  62.863895  8.626
 80    69.049 54998.21824294 14.39  88.403035  62.873184 13.520
 80    65.883 54998.21824359 13.58  88.400445  62.870044 13.520
 80    64.465 54998.21824423 12.44  88.397855  62.866904 13.520
 82    58.396 55068.21821994  1.82  88.401965  62.875241  4.006
 82    54.555 55068.21822059  3.10  88.399375  62.872101  4.006
 82    53.517 55068.21822123  2.81  88.396787  62.868967  7.789
 84    37.928 55138.21816796  9.94  88.405323  62.870095  8.912
 84    37.885 55138.21816860 11.20  88.402733  62.866955  8.912
 84    38.016 55138.21816925 10.51  88.400143  62.863825  8.912
 90    70.276 55348.21812614 16.03  88.403478  62.872729 17.177
 90    68.128 55348.21812679 15.42  88.400888  62.869589 17.177
 90    68.493 55348.21812743 13.96  88.398298  62.866449 17.177
 91    69.923 55383.21811674  4.48  88.412356  62.870178 12.561
 91    69.680 55383.21811739  0.51  88.409766  62.867038 12.561
 91    68.845 55383.21811803  0.02  88.407176  62.863898 12.561
 93    67.731 55453.21812517  8.33  88.400338  62.874922  9.664
 93    65.921 55453.21812581  7.16  88.397748  62.871782  9.664
 93    64.135 55453.21812646  6.93  88.395166  62.868648 10.729
 93    63.574 55453.21812710  5.63  88.392576  62.865508 10.729
 94    67.007 55488.21804646  8.88  88.395112  62.876229  6.481
 94    65.568 55488.21804710  7.56  88.392532  62.873089  6.481
 94    63.834 55488.21804775  6.87  88.389942  62.869949  6.481
 94    62.370 55488.21804839  6.39  88.387352  62.866809  6.481
