# NaN NaN NaN ;Mean Elev.(m), Avg Gradient(m/km), RMS Gradient(m/km) - SRTM1     
#   28.032  -7.525  21.825 ;Mean Elev.(m), Avg Gradient(m/km), RMS Gradient(m/km) - ASTER GDEM
#   45.198  -6.716  20.817 ;Mean Elev.(m), Avg Gradient(m/km), RMS Gradient(m/km) - GMTED2010 
  8  90.110387  60.401687    43.604    43.570  4 52488.20879936 28.652
  9  90.105130  60.405175    42.824    43.151  4 52523.20877224 28.841
 11  90.106050  60.404371    40.824    40.661  4 52593.20882192 40.654
 12  90.121501  60.392324    47.606    47.702  4 52628.20874641 11.883
 13  90.108333  60.401300    50.870    50.544  4 52663.20878468  6.658
 14  90.121494  60.392583    49.732    49.854  3 52698.20876154  8.310
 15  90.113486  60.396320    46.960    46.773  4 52733.20878190 14.182
 16  90.098737  60.404687    48.991    48.935  3 52768.20878775 29.293
 18  90.116912  60.396640    45.569    45.558  4 52838.20887099 31.549
 19  90.114010  60.398556    42.622    42.602  4 52873.20891071 34.646
 20  90.109628  60.400271    42.999    42.561  5 52908.20889417 30.234
 21  90.124222  60.391275    41.395    41.401  3 52943.20882151 52.139
 23  90.105578  60.403501    51.293    51.287  5 53013.20887890  6.828
 24  90.115035  60.395631    47.757    47.820  4 53048.20884949 10.000
 25  90.102732  60.404731    48.140    48.200  4 53083.20888352 10.840
 26  90.112834  60.399131    51.221    51.220  4 53118.20885445  2.362
 29  90.108748  60.400939    44.576    44.266  5 53223.20891096 19.239
 30  90.100879  60.406317    47.220    47.148  4 53258.20888579 16.466
 31  90.112145  60.402582    51.627    51.627  2 53293.20890726 16.053
 32  90.111300  60.400852    45.707    45.388  4 53328.20888138 16.454
 35  90.106587  60.401540    49.494    49.395  4 53433.20884828  6.358
 36  90.115188  60.396459    50.317    50.342  4 53468.20888756  2.867
 37  90.107145  60.404051    44.101    43.893  4 53503.20893464 27.086
 38  90.108598  60.400984    44.917    44.870  4 53538.20893039 27.302
 39  90.104626  60.403827    42.588    42.380  4 53573.20893115 40.663
 40  90.101261  60.405104    44.707    44.839  4 53608.20888036 21.836
 41  90.115945  60.396208    45.779    46.032  4 53643.20888312 33.645
 42  90.105480  60.402733    42.199    42.200  4 53678.20890074 48.826
 43  90.106243  60.401908    46.490    46.493  4 53713.20882949 23.032
 44  90.123086  60.393403    48.669    48.481  4 53748.20874408 12.055
 45  90.111823  60.399533    47.185    47.117  4 53783.20877408 11.363
 46  90.102639  60.405217    46.760    46.946  4 53818.20873667  9.364
 47  90.111438  60.398168    44.893    44.901  4 53853.20881398 19.752
 48  90.116121  60.394870    47.256    47.156  4 53888.20882166 45.089
 49  90.105896  60.405227    43.665    42.819  4 53923.20888922 25.145
 50  90.101618  60.404236    42.973    42.717  4 53958.20888246 26.282
 51  90.123963  60.392206    43.643    43.633  4 53993.20881133 38.302
 52  90.116958  60.394870    41.992    41.935  3 54028.20887231 27.821
 54  90.104064  60.404427    48.446    48.440  4 54098.20883330 17.624
 55  90.117166  60.395474    48.343    48.337  3 54133.20878903 12.354
 56  90.104747  60.403049    50.034    50.125  4 54168.20880743  9.372
 58  90.111280  60.397781    55.252    55.495  4 54238.20882755 22.015
 59  90.110217  60.400187    45.519    46.074  4 54273.20884554 24.726
 60  90.111022  60.398256    42.412    42.456  4 54308.20884794 40.571
 61  90.104950  60.401983    46.121    45.538  4 54343.20882602 20.382
 62  90.114895  60.398826    47.376    47.573  3 54378.20878317 30.393
 63  90.109400  60.402197    41.866    41.860  4 54413.20877359 46.831
 64  90.116875  60.396730    48.162    48.151  4 54448.20874961 24.792
 65  90.112315  60.399399    50.729    49.547  4 54483.20876734  7.328
 66  90.115420  60.395118    49.698    49.444  4 54518.20876379  6.841
 68  90.113115  60.399059    48.232    48.198  4 54588.20875864 26.235
 69  90.108673  60.399847    58.873    56.041  4 54623.20877664 16.074
 70  90.108803  60.400381    52.947    52.878  4 54658.20878563 14.129
 71  90.108773  60.403200    43.028    43.032  4 54693.20876680 26.232
 72  90.112536  60.393109    45.760    45.760  2 54728.20874035 15.501
 73  90.109743  60.400576    45.421    45.460  4 54763.20874510 24.808
 75  90.108765  60.400042    46.940    46.992  4 54833.20873517 12.532
 76  90.117386  60.396037    50.898    50.921  4 54868.20872927  4.983
 78  90.112718  60.395807    49.555    49.390  4 54938.20871977 10.576
 79  90.112570  60.400141    45.490    45.250  4 54973.20875079 45.307
 80  90.107376  60.401150    45.500    45.401  4 55008.20876651 41.817
 81  90.111964  60.400672    43.103    43.142  4 55043.20875566 29.997
 82  90.106264  60.403156    42.689    42.658  4 55078.20873354 52.230
 83  90.113921  60.398114    45.309    46.674  4 55113.20868868 24.415
 84  90.109416  60.401780    43.139    43.053  4 55148.20868900 41.554
 85  90.115571  60.394868    48.423    48.402  4 55183.20867056  9.028
 86  90.107556  60.402151    49.770    49.560  5 55218.20868660  6.024
 88  90.103865  60.403298    53.776    53.958  4 55288.20867653  4.258
 89  90.108780  60.400588    49.601    49.591  4 55323.20865359 30.803
 90  90.108611  60.401183    48.230    48.219  4 55358.20865250 28.897
 91  90.112897  60.397490    43.318    43.332  3 55393.20865607 41.652
 92  90.110550  60.398052    46.249    46.237  4 55428.20866891 20.021
 93  90.105051  60.401855    55.888    55.760  4 55463.20863233 14.601
