# NaN NaN NaN ;Mean Elev.(m), Avg Gradient(m/km), RMS Gradient(m/km) - SRTM1     
#   58.569  -7.603  19.625 ;Mean Elev.(m), Avg Gradient(m/km), RMS Gradient(m/km) - ASTER GDEM
#   75.625  -6.383  18.220 ;Mean Elev.(m), Avg Gradient(m/km), RMS Gradient(m/km) - GMTED2010 
  7    78.664 52444.19731390 13.25  92.903247  58.132002  5.227
  7    82.405 52444.19731454 12.93  92.901257  58.128812  5.227
  8    78.723 52479.19730399 43.31  92.917199  58.148264  9.906
  8    77.378 52479.19730464 41.23  92.915209  58.145074  9.906
  8    77.690 52479.19730528 36.46  92.913219  58.141884  9.906
  9    82.211 52514.19725010  7.93  92.920712  58.146168 10.695
  9    78.686 52514.19725075 13.99  92.918722  58.142978 10.695
  9    77.880 52514.19725139 23.15  92.916732  58.139788 10.695
  9    77.641 52514.19725203 25.44  92.914732  58.136608 10.695
  9    79.552 52514.19725397 30.17  92.908762  58.127048 10.695
 10   125.933 52549.19729538  0.14  92.923828  58.140835  6.732
 10   125.320 52549.19729603  2.45  92.921838  58.137655  6.732
 10    97.105 52549.19729667  4.50  92.919838  58.134465  6.732
 10    77.676 52549.19729860 23.49  92.913858  58.124905  6.732
 11    78.391 52584.19728368 40.37  92.926443  58.146011 14.984
 11    79.984 52584.19728433 36.12  92.924453  58.142831 14.984
 11    78.481 52584.19728497 41.23  92.922463  58.139641 14.984
 11    76.903 52584.19728562 42.13  92.920473  58.136461 14.984
 12    81.249 52619.19726115 18.55  92.911039  58.147751  8.800
 12    81.553 52619.19726179 19.79  92.909049  58.144571  8.800
 12    81.537 52619.19726244 20.03  92.907059  58.141381  8.800
 12    82.621 52619.19726308 19.53  92.905069  58.138201  8.800
 12    83.121 52619.19726373 21.65  92.903069  58.135011  8.800
 12    82.393 52619.19726437 23.13  92.901079  58.131820  8.462
 12    82.049 52619.19726502 21.35  92.899089  58.128640  8.462
 13    78.541 52654.19724465  7.63  92.929396  58.139761  7.853
 13    81.004 52654.19724529 14.37  92.927406  58.136581  7.853
 13    80.167 52654.19724594 18.94  92.925416  58.133391  7.853
 15    81.366 52724.19728460 10.52  92.924147  58.147228  5.486
 15    81.290 52724.19728525 11.34  92.922160  58.144044  2.102
 15    80.497 52724.19728589 11.83  92.920160  58.140854  2.102
 15    82.973 52724.19728654 12.54  92.918170  58.137674  2.102
 15    83.175 52724.19728718 12.89  92.916180  58.134484  2.102
 15    81.435 52724.19728847 12.75  92.912190  58.128114  2.102
 15    80.280 52724.19728912 12.35  92.910200  58.124924  2.102
 16    82.173 52759.19730437 14.97  92.905300  58.150296  6.828
 16    80.752 52759.19730501 16.34  92.903310  58.147106  6.828
 17    98.593 52794.19725994 10.10  92.930746  58.139580  8.603
 17    97.868 52794.19726058  8.95  92.928756  58.136390  8.603
 17    98.392 52794.19726123 10.28  92.926756  58.133210  8.603
 18    77.844 52829.19732621 42.06  92.935161  58.144428  6.834
 18    76.506 52829.19732685 38.37  92.933171  58.141248  6.834
 18    77.868 52829.19732750 30.58  92.931171  58.138058  6.834
 18    78.126 52829.19732814 29.56  92.929181  58.134868  6.834
 19    76.580 52864.19737097 40.08  92.932856  58.144075  7.020
 19    77.575 52864.19737161 31.95  92.930866  58.140895  7.020
 19    77.652 52864.19737226 27.96  92.928876  58.137705  7.020
 19    78.249 52864.19737290 28.66  92.926876  58.134515  7.020
 20    80.042 52899.19739973 29.83  92.917973  58.148992 11.912
 20    80.139 52899.19740038 30.24  92.915973  58.145812 11.912
 20    80.186 52899.19740102 28.14  92.913983  58.142622 11.912
 20    80.239 52899.19740167 26.70  92.911993  58.139432 11.912
 21    77.339 52934.19734389 15.59  92.911361  58.149902  8.226
 21    77.458 52934.19734454 16.85  92.909361  58.146722  8.226
 21    77.847 52934.19734518 18.07  92.907371  58.143532  8.226
 21    79.225 52934.19734583 18.09  92.905381  58.140342  8.226
 21    79.946 52934.19734647 20.28  92.903391  58.137162  8.226
 21    80.129 52934.19734712 22.07  92.901401  58.133972  8.226
 21    78.957 52934.19734776 23.10  92.899401  58.130782  8.226
 23    80.771 53004.19738037  8.96  92.906137  58.133854  7.288
 23    80.067 53004.19738101 16.90  92.904142  58.130666  5.888
 23    79.360 53004.19738166 19.04  92.902152  58.127486  5.888
 26    80.420 53109.19732665  8.50  92.907782  58.149244  7.298
 26    79.713 53109.19732730 10.37  92.905792  58.146054  7.298
 26    79.647 53109.19732794 11.53  92.903792  58.142874  7.298
 26    80.955 53109.19732859 10.43  92.901802  58.139684  7.298
 26    81.224 53109.19732923  9.23  92.899812  58.136494  7.298
 26    81.778 53109.19732988  9.48  92.897822  58.133314  7.298
 26    81.782 53109.19733052  8.78  92.895833  58.130130  2.934
 28    78.740 53179.19738309 37.82  92.925813  58.148058 16.730
 28    78.881 53179.19738373 41.71  92.923823  58.144868 16.730
 28    79.074 53179.19738438 38.76  92.921823  58.141688 16.730
 28    79.304 53179.19738502 34.03  92.919833  58.138498 16.730
 28    79.930 53179.19738567 37.97  92.917833  58.135308 16.730
 28    79.933 53179.19738760 38.72  92.911864  58.125748  6.658
 30    78.938 53249.19737485  6.87  92.914493  58.146435 13.958
 30    78.089 53249.19737549 13.70  92.912503  58.143255 13.958
 30    77.947 53249.19737614 21.67  92.910513  58.140065 13.958
 30    77.931 53249.19737678 24.70  92.908523  58.136885 13.958
 30    75.772 53249.19737807 31.77  92.904533  58.130503 12.594
 30    77.544 53249.19737872 21.43  92.902543  58.127323 12.594
 31    99.798 53284.19736975  4.80  92.924063  58.143450  4.683
 31   116.236 53284.19737040  1.28  92.922063  58.140260  4.683
 31    76.339 53284.19737298 27.44  92.914092  58.127515  6.025
 31    78.443 53284.19737362 19.48  92.912102  58.124335  6.025
 33    77.904 53354.19732736 39.35  92.920551  58.146916 17.791
 33    78.579 53354.19732801 36.49  92.918551  58.143736 17.791
 33    79.938 53354.19732865 39.63  92.916561  58.140546 17.791
 33    78.672 53354.19732929 42.81  92.914571  58.137366 17.791
 33    77.360 53354.19733123 25.65  92.908591  58.127806 17.791
 33    77.562 53354.19733187 22.93  92.906601  58.124616 17.791
 34    82.037 53389.19732913 20.78  92.930384  58.146738 13.550
 34    82.071 53389.19732978 21.75  92.928384  58.143548 13.550
 35    81.306 53424.19732796 19.92  92.926608  58.148087 15.662
 35    81.427 53424.19732861 20.97  92.924618  58.144897 15.662
 35    81.086 53424.19732925 21.28  92.922618  58.141707 15.662
 35    81.523 53424.19732990 22.08  92.920628  58.138527 15.662
 35   179.734 53424.19733054  1.65  92.918638  58.135337 15.662
 36    79.716 53459.19733373 18.13  92.934004  58.142955 11.951
 36    80.238 53459.19733437 21.04  92.932004  58.139765 11.951
 36    80.327 53459.19733502 23.92  92.930014  58.136585 11.951
 36    81.403 53459.19733566 28.40  92.928024  58.133395 11.951
 37    81.975 53494.19742096  3.16  92.910138  58.135478  6.574
 37    79.443 53494.19742225 21.59  92.906150  58.129109 15.473
 37    77.747 53494.19742289 25.59  92.904160  58.125919 15.473
 38    98.887 53529.19739842  8.56  92.914181  58.126563  4.710
 38    99.287 53529.19739907  8.64  92.912180  58.123372  4.867
 39    78.080 53564.19742470 10.77  92.913594  58.149969 10.208
 39    80.410 53564.19742534 17.79  92.911604  58.146779 10.208
 39    79.295 53564.19742599 29.01  92.909604  58.143599 10.208
 39    78.784 53564.19742663 36.68  92.907614  58.140409 10.208
 39    79.542 53564.19742728 37.84  92.905624  58.137219 10.208
 39    79.032 53564.19742792 43.58  92.903634  58.134039 10.208
 39    79.946 53564.19742857 38.36  92.901634  58.130849 10.208
 39    79.900 53564.19742921 40.24  92.899652  58.127659  8.066
 40    79.915 53599.19736643 26.12  92.919444  58.147525  5.948
 40    79.085 53599.19736707 32.97  92.917455  58.144337 12.470
 40    79.092 53599.19736772 30.89  92.915465  58.141157 12.470
 40    80.482 53599.19736836 33.32  92.913465  58.137967 12.470
 40    79.069 53599.19737030 42.94  92.907495  58.128407 12.470
 40    79.279 53599.19737094 38.44  92.905505  58.125217 12.470
 42   100.052 53669.19738679  4.02  92.911491  58.135984  4.069
 42    78.484 53669.19738872 28.37  92.905517  58.126427  5.200
 43    80.542 53704.19732366 36.07  92.923956  58.147850 10.867
 43    77.284 53704.19732430 38.53  92.921966  58.144670 10.867
 44    83.462 53739.19723274 21.08  92.914143  58.149320 11.101
 44    83.472 53739.19723338 20.66  92.912153  58.146140 11.101
 44    83.222 53739.19723403 21.84  92.910163  58.142950 11.101
 44    82.963 53739.19723467 22.55  92.908173  58.139760 11.101
 44    82.772 53739.19723532 21.39  92.906173  58.136580 11.101
 44    82.831 53739.19723596 21.67  92.904183  58.133390 11.101
 44    82.570 53739.19723661 20.64  92.902193  58.130200 11.101
 44    82.130 53739.19723725 20.60  92.900203  58.127020 11.101
 45    81.408 53774.19725365  8.30  92.923576  58.134265  7.425
 45    80.769 53774.19725559 18.60  92.917596  58.124705  7.425
 46    80.158 53809.19723550 15.38  92.917107  58.149414 15.274
 46    80.235 53809.19723615 16.89  92.915117  58.146224 15.274
 46    80.212 53809.19723679 17.37  92.913127  58.143034 15.274
 46    80.760 53809.19723743 18.10  92.911127  58.139854 15.274
 48   164.802 53879.19730605  2.74  92.929642  58.146218  5.124
 48   162.950 53879.19730670  0.93  92.927652  58.143038  5.124
 48   160.538 53879.19730734  0.82  92.925662  58.139848  5.124
 48   152.285 53879.19730799  1.71  92.923662  58.136658  5.124
 50    81.396 53949.19737289 31.42  92.911066  58.147348 11.202
 50    82.095 53949.19737353 34.03  92.909066  58.144168 11.202
 50    81.838 53949.19737418 35.51  92.907076  58.140978 11.202
 50    83.054 53949.19737482 34.19  92.905086  58.137788 11.202
 51    80.975 53984.19731175 14.02  92.915823  58.148973 12.771
 51    80.996 53984.19731240 23.52  92.913833  58.145783 12.771
 51    80.149 53984.19731304 32.33  92.911843  58.142593 12.771
 51    80.183 53984.19731369 30.97  92.909843  58.139413 12.771
 51    80.718 53984.19731433 38.17  92.907853  58.136223 12.771
 51    80.395 53984.19731498 39.96  92.905863  58.133033 12.771
 51    80.288 53984.19731562 31.27  92.903873  58.129853 12.771
 51    80.008 53984.19731627 33.35  92.901883  58.126663 12.771
 52    78.623 54019.19734526 27.46  92.931144  58.146587 19.492
 52    76.873 54019.19734591 36.73  92.929144  58.143407 19.492
 52    78.709 54019.19734655 35.67  92.927154  58.140217 19.492
 52    77.643 54019.19734720 28.67  92.925154  58.137037 19.492
 52    76.597 54019.19734784 29.10  92.923164  58.133847 19.492
 52    76.948 54019.19734978 42.40  92.917184  58.124287 19.492
 53    80.265 54054.19733656 35.45  92.931810  58.144246 15.651
 53    79.708 54054.19733721 33.04  92.929810  58.141066 15.651
 53    78.633 54054.19733785 34.90  92.927820  58.137876 15.651
 53    79.095 54054.19733850 30.39  92.925830  58.134696 15.651
 53    80.821 54054.19734108 25.43  92.917860  58.121946 15.651
 54    78.862 54089.19732942  9.10  92.913228  58.138480  8.984
 54    77.848 54089.19733007 16.60  92.911238  58.135290  8.984
 54    78.251 54089.19733200 18.07  92.905258  58.125740  8.984
 55    79.924 54124.19725092 33.37  92.932542  58.144393 19.053
 55    78.850 54124.19725157 34.02  92.930552  58.141203 19.053
 55    80.256 54124.19725221 36.55  92.928552  58.138023 19.053
 55    81.550 54124.19725285 34.95  92.926562  58.134833 19.053
 55    81.756 54124.19725543 25.87  92.918592  58.122083 19.053
 56    82.560 54159.19729394 12.51  92.918208  58.141648  3.766
 56    81.358 54159.19729458 17.34  92.916216  58.138462  8.815
 56    81.227 54159.19729523 16.98  92.914226  58.135272  8.815
 56    81.974 54159.19729716 14.91  92.908246  58.125712  8.815
 57    79.549 54194.19725374 15.20  92.930796  58.144994 12.644
 57    80.555 54194.19725438 15.83  92.928796  58.141804 12.644
 57    80.575 54194.19725503 21.17  92.926806  58.138624 12.644
 57    80.122 54194.19725567 19.45  92.924816  58.135434 12.644
 57    82.620 54194.19725825 17.80  92.916836  58.122694 12.644
 59   125.915 54264.19732305  1.72  92.924767  58.146820  7.287
 59    99.347 54264.19732369  9.70  92.922777  58.143630  7.287
 59    98.898 54264.19732434  9.56  92.920777  58.140450  7.287
 59    99.121 54264.19732498  9.91  92.918787  58.137260  7.287
 59    79.109 54264.19732692 39.65  92.912808  58.127702  7.834
 59    78.910 54264.19732756 43.35  92.910818  58.124512  7.834
 60    78.595 54299.19732656 30.49  92.925023  58.147705  6.999
 60    78.457 54299.19732720 32.74  92.923033  58.144515  6.999
 60    77.070 54299.19732785 30.70  92.921033  58.141335  6.999
 60    78.755 54299.19732849 26.93  92.919043  58.138145  6.999
 60    78.576 54299.19732914 32.23  92.917053  58.134955  6.999
 63    79.505 54404.19726092 32.00  92.921258  58.148529  9.843
 63    79.395 54404.19726156 34.32  92.919258  58.145343 11.559
 63    79.348 54404.19726221 32.19  92.917268  58.142153 11.559
 63    78.995 54404.19726285 30.75  92.915278  58.138973 11.559
 63    78.776 54404.19726350 24.63  92.913278  58.135783 11.559
 63    79.297 54404.19726543 20.87  92.907308  58.126223 11.559
 65    81.806 54474.19724761 15.19  92.926897  58.145963 10.362
 65    81.925 54474.19724825 17.30  92.924907  58.142773 10.362
 65    81.878 54474.19724890 18.40  92.922907  58.139593 10.362
 65    82.414 54474.19724954 19.75  92.920917  58.136403 10.362
 65    83.145 54474.19725147 21.83  92.914937  58.126843 10.362
 66    81.408 54509.19723112 14.19  92.930814  58.143965  7.708
 66    81.537 54509.19723177 14.92  92.928824  58.140775  7.708
 66    81.154 54509.19723241 15.23  92.926824  58.137585  7.708
 66    82.801 54509.19723306 14.72  92.924836  58.134401  5.337
 66    83.347 54509.19723564 15.50  92.916856  58.121651  5.337
 67    80.476 54544.19726210 10.18  92.921801  58.146053  9.207
 67    80.306 54544.19726274 10.72  92.919811  58.142873  9.207
 67    80.453 54544.19726339 11.22  92.917821  58.139683  9.207
 67    80.800 54544.19726403 12.42  92.915831  58.136503  9.207
 67    81.663 54544.19726597 10.98  92.909851  58.126943  9.207
 70    77.969 54649.19726111 19.28  92.924338  58.147558  5.003
 70    78.240 54649.19726176 24.06  92.922348  58.144368  5.003
 70    76.321 54649.19726240 30.01  92.920348  58.141188  5.003
 70    77.583 54649.19726305 22.45  92.918358  58.137998  5.003
 70    78.352 54649.19726369 22.11  92.916367  58.134812 11.230
 71    81.174 54684.19725824 28.83  92.919430  58.148770 10.588
 71    79.675 54684.19725888 29.53  92.917440  58.145580 10.588
 71    78.726 54684.19725953 23.41  92.915440  58.142400 10.588
 71    79.763 54684.19726017 20.99  92.913450  58.139210 10.588
 71    81.231 54684.19726081 26.62  92.911460  58.136030 10.588
 72    78.356 54719.19720557 19.51  92.932781  58.144807  7.101
 72    78.353 54719.19720622 19.68  92.930791  58.141617  7.101
 73   116.321 54754.19723378  0.43  92.919049  58.138916  5.530
 73   113.310 54754.19723442  3.72  92.917059  58.135726  5.530
 73    78.025 54754.19723636 27.04  92.911079  58.126166  5.530
 74    78.987 54789.19719936 31.71  92.930629  58.145561 11.049
 74    77.121 54789.19720000 31.17  92.928639  58.142371 11.049
 74    78.324 54789.19720065 27.11  92.926639  58.139181 11.049
 74    78.601 54789.19720129 26.14  92.924649  58.135998  7.615
 75    78.287 54824.19722766 26.49  92.926093  58.145094 17.283
 75    79.429 54824.19722830 29.13  92.924103  58.141904 17.283
 75    85.742 54824.19722895 33.40  92.922103  58.138724 17.283
 75    81.967 54824.19722959 35.60  92.920113  58.135534 17.283
 75    82.524 54824.19723153 19.71  92.914133  58.125974 17.283
 75    83.059 54824.19723217 19.74  92.912141  58.122785 11.526
 76    81.088 54859.19719221 14.18  92.933036  58.144734 14.057
 76    81.913 54859.19719286 13.85  92.931046  58.141554 14.057
 76    88.136 54859.19719350 12.06  92.929046  58.138364 14.057
 76    86.027 54859.19719415 12.98  92.927056  58.135184 14.057
 76    86.150 54859.19719673 13.48  92.919086  58.122434 14.057
 77    80.425 54894.19722953 13.79  92.918549  58.147057  9.214
 77    81.337 54894.19723017 13.26  92.916559  58.143867  9.214
 77    82.084 54894.19723082 12.04  92.914569  58.140687  9.214
 77    82.326 54894.19723146 12.51  92.912569  58.137497  9.214
 77    82.555 54894.19723339 12.35  92.906599  58.127937  9.214
 78    80.130 54929.19719223 14.01  92.927584  58.144155  7.681
 78    80.389 54929.19719287 15.92  92.925584  58.140965  7.681
 78    80.629 54929.19719352 15.68  92.923594  58.137785  7.681
 78    79.593 54929.19719416 17.46  92.921604  58.134595  7.681
 79    82.154 54964.19722905 15.77  92.922500  58.146285  7.608
 79    81.288 54964.19722969 16.56  92.920510  58.143105  7.608
 79    80.846 54964.19723034 17.83  92.918520  58.139915  7.608
 79    80.252 54964.19723098 17.44  92.916520  58.136725  7.608
 79    81.732 54964.19723292 17.60  92.910550  58.127175  7.608
 79    83.732 54964.19723356 16.36  92.908550  58.123985  7.608
 81    79.625 55034.19723675 41.34  92.925228  58.146580 18.174
 81    79.449 55034.19723740 40.14  92.923228  58.143400 18.174
 81    79.358 55034.19723804 35.63  92.921238  58.140210 18.174
 81    79.130 55034.19723869 34.28  92.919248  58.137020 18.174
 81    78.819 55034.19724062 48.24  92.913268  58.127470 18.174
 81    79.066 55034.19724127 45.84  92.911278  58.124280 18.174
 84    78.160 55139.19717385 42.37  92.921985  58.145734 18.143
 84    79.429 55139.19717449 42.86  92.919995  58.142544 18.143
 84    78.920 55139.19717514 41.92  92.917995  58.139364 18.143
 84    79.672 55139.19717578 42.98  92.916005  58.136174 18.143
 84    77.704 55139.19717772 37.52  92.910025  58.126614 18.143
 85    79.409 55174.19713381 33.14  92.932763  58.145342 16.638
 85    78.948 55174.19713446 35.52  92.930773  58.142162 16.638
 85    81.089 55174.19713510 37.65  92.928773  58.138972 16.638
 85    80.923 55174.19713575 35.74  92.926783  58.135792 16.638
 85    79.936 55174.19713832 38.52  92.918803  58.123042 16.638
 86    82.214 55209.19716843 13.77  92.925010  58.146899 10.425
 86    82.541 55209.19716908 14.51  92.923020  58.143719 10.425
 86    82.857 55209.19716972 15.71  92.921030  58.140529 10.425
 86    83.733 55209.19717037 14.05  92.919030  58.137349 10.425
 86    83.924 55209.19717230 15.44  92.913060  58.127789 10.425
 86    83.921 55209.19717294 14.53  92.911060  58.124599 10.425
 87    83.136 55244.19714019 11.09  92.927784  58.144210  7.921
 87    82.563 55244.19714084 12.69  92.925784  58.141030  7.921
 87    82.930 55244.19714148 13.23  92.923794  58.137840  7.921
 87    83.812 55244.19714213 13.10  92.921804  58.134650  7.921
 87    83.708 55244.19714406 13.64  92.915818  58.125097  4.217
 88    80.623 55279.19716194 10.74  92.919882  58.149068 10.996
 88    81.001 55279.19716258 11.63  92.917882  58.145888 10.996
 88    81.401 55279.19716323 10.82  92.915892  58.142698 10.996
 88    80.839 55279.19716387 12.73  92.913902  58.139518 10.996
 88    81.346 55279.19716452 12.70  92.911902  58.136328 10.996
 89    79.297 55314.19712677 26.37  92.922141  58.143393 11.171
 89    79.465 55314.19712742 29.57  92.920151  58.140203 11.171
 89    79.915 55314.19712806 38.06  92.918161  58.137023 11.171
 89    80.223 55314.19713000 48.01  92.912178  58.127463 14.700
 89    80.592 55314.19713064 43.07  92.910188  58.124273 14.700
 91    99.624 55384.19712632  6.56  92.925754  58.141632  8.637
 91    99.545 55384.19712697  6.23  92.923754  58.138442  8.637
 91    99.454 55384.19712761  6.27  92.921760  58.135257  4.920
 91    78.841 55384.19712955 40.36  92.915790  58.125697  4.920
 91    78.437 55384.19713019 44.42  92.913790  58.122517  4.920
 92    79.018 55419.19715293 12.37  92.921663  58.140881  7.575
 92    79.657 55419.19715357 15.60  92.919673  58.137691  7.575
 92    78.826 55419.19715422 25.99  92.917673  58.134501  7.575
 92    78.423 55419.19715615 24.25  92.911703  58.124941  7.575
 93    78.110 55454.19713196 32.84  92.912599  58.140791 13.603
 93    77.496 55454.19713260 34.81  92.910599  58.137601 13.603
 93    77.852 55454.19713453 28.39  92.904629  58.128041 13.603
 94    81.995 55489.19705197  8.96  92.908324  58.141892  4.762
 94    80.339 55489.19705261 12.55  92.906334  58.138712  4.762
 94    81.103 55489.19705325 14.12  92.904344  58.135522  4.762
 94    79.572 55489.19705390 14.60  92.902354  58.132332  4.762
 94    80.177 55489.19705454 14.52  92.900354  58.129152  4.762
