# NaN NaN NaN ;Mean Elev.(m), Avg Gradient(m/km), RMS Gradient(m/km) - SRTM1     
#    0.518  -3.571   9.740 ;Mean Elev.(m), Avg Gradient(m/km), RMS Gradient(m/km) - ASTER GDEM
#    0.000  -4.019  11.394 ;Mean Elev.(m), Avg Gradient(m/km), RMS Gradient(m/km) - GMTED2010 
  8  83.598099  70.666862     0.525     0.435 10 52489.25455392 16.458
  9  83.589488  70.670598     1.026     1.249 12 52524.25452978 16.234
 11  83.594552  70.669396    41.390    41.022 12 52594.25458275  2.883
 13  83.574921  70.653694     0.291     0.291  2 52664.25454772 15.415
 14  83.588315  70.643898     8.648    -0.157  3 52699.25452323  9.502
 15  83.590502  70.660810     1.347     1.559  8 52734.25454708 10.703
 16  83.587381  70.672674    12.384    14.312 13 52769.25454147 10.857
 17  83.605890  70.659146    65.486    66.366 11 52804.25457159  4.351
 18  83.600909  70.659395    -0.985    -0.975 10 52839.25463409 16.671
 19  83.601689  70.663954     0.467     0.269  9 52874.25467283 14.819
 21  83.593493  70.645416     0.107     0.060  5 52944.25458787 32.298
 22  83.591521  70.654521     6.441    -0.153  7 52979.25464001 19.284
 23  83.586786  70.665929     4.570     0.105  9 53014.25463620 13.139
 24  83.589175  70.650930    -1.077    -1.083  5 53049.25461071 13.019
 25  83.585158  70.667647     1.650    -1.032 10 53084.25464375 10.957
 26  83.591207  70.656479     3.612    -1.283  8 53119.25461567 10.398
 27  83.614307  70.676684    66.789    68.645  3 53154.25466315  0.292
 28  83.585605  70.653044     1.525     1.620  6 53189.25465740 13.806
 29  83.596158  70.667771     1.343     1.146 10 53224.25466824 11.523
 30  83.586633  70.671713     1.147     0.782 12 53259.25464290 13.922
 32  83.602499  70.669187    25.598    30.946  8 53329.25464131 16.789
 34  83.585272  70.653170     3.919    -1.061  6 53399.25461968 12.975
 35  83.578007  70.659659    -1.399    -1.389  5 53434.25460923 12.964
 36  83.580867  70.647923    -1.132    -1.132  2 53469.25465359 11.983
 37  83.604145  70.673696    67.458    67.573  8 53504.25469206  0.840
 38  83.596920  70.667613    32.673    33.355 10 53539.25469141 11.841
 39  83.592405  70.670110    -0.292    -0.407 12 53574.25468863 22.812
 40  83.586786  70.672340     1.219     1.346 12 53609.25463848 14.455
 41  83.610262  70.663869     0.463     0.496  6 53644.25464169 11.338
 42  83.586542  70.664634    13.183    10.457  8 53679.25466007 30.554
 43  83.594932  70.671109    30.477    31.061 11 53714.25458698 14.676
 44  83.587338  70.642809    -0.826    -0.704  3 53749.25450712 15.757
 45  83.575809  70.652405    -0.509    -0.382  3 53784.25453637 14.796
 46  83.570045  70.662016     7.087     5.727  5 53819.25449593 11.750
 47  83.583949  70.653360     5.710    -0.741  5 53854.25457732 10.622
 48  83.613074  70.669237     0.404     0.667  6 53889.25458248 22.136
 49  83.596214  70.669102     1.242     1.268 10 53924.25464981 13.984
 50  83.591508  70.671869    -0.198    -0.629 12 53959.25464014 19.297
 51  83.612207  70.655307    -0.674    -0.509 14 53994.25457412 24.441
 52  83.586299  70.648543    -0.021    -0.099  5 54029.25463474 33.451
 53  83.587599  70.659999    -0.297    -0.298  8 54064.25462660 22.460
 54  83.596358  70.674632    30.666    34.649 10 54099.25459018 11.951
 55  83.580076  70.645181    -1.951    -1.951  2 54134.25455366 15.721
 57  83.580645  70.646464     0.898     0.905  3 54204.25455766  5.582
 59  83.611262  70.674713     2.567     2.678  5 54274.25460344 42.810
 60  83.602803  70.667303    -0.024    -0.321  9 54309.25460670 18.373
 61  83.592738  70.671567     0.528     0.466 11 54344.25458327 20.815
 62  83.595406  70.658159     0.804     0.837  9 54379.25454434 17.117
 63  83.585628  70.661575    10.276     7.530  8 54414.25453335 22.087
 64  83.578937  70.644743    -0.411    -0.411  2 54449.25451412 16.736
 65  83.592087  70.660360     4.097    -0.849  8 54484.25452766 13.226
 66  83.588420  70.652252    -1.650    -1.567  5 54519.25452622 13.702
 67  83.578864  70.661453     2.587    -1.575  7 54554.25453949 11.786
 68  83.581555  70.652162    -0.817    -0.788  4 54589.25452211 10.555
 69  83.573651  70.652830     3.939     3.939  2 54624.25453956 28.067
 70  83.601331  70.668956     1.421     1.440  9 54659.25454467 14.070
 71  83.593779  70.668002    -0.743    -0.946 11 54694.25452515 21.645
 72  83.608231  70.665767     0.553     0.543  8 54729.25449929 12.328
 73  83.586754  70.659280     6.136     1.983  8 54764.25450500 31.319
 74  83.586422  70.649362     7.401     4.896  5 54799.25449635 19.516
 75  83.581902  70.657502     7.590     5.093  5 54834.25449608 14.724
 76  83.582496  70.646283    -1.156    -1.168  3 54869.25449379 13.838
 77  83.576466  70.662052     2.841    -1.480  6 54904.25450486 12.464
 78  83.580344  70.649319    -0.037    -0.104  3 54939.25448436 12.204
 79  83.578247  70.651617     0.411     0.289  3 54974.25451476 10.217
 80  83.594031  70.667106     2.031     2.358 11 55009.25452533 18.651
 81  83.589635  70.659495     0.061    -0.001  8 55044.25451672 13.960
 82  83.589839  70.668565     0.772     0.478 12 55079.25449169 15.488
 83  83.597810  70.660820    42.897    43.333 11 55114.25444866  3.581
 84  83.581331  70.657147    12.154     5.082  6 55149.25444991 23.068
 85  83.605582  70.662096    25.573    29.325  8 55184.25443110 14.557
 86  83.581643  70.659691     6.637     2.810  6 55219.25444726 19.543
 87  83.581467  70.647959     0.343     0.388  3 55254.25443041 14.270
 88  83.578760  70.663420     5.420    -0.770  7 55289.25443635 12.904
 89  83.574444  70.652233    -0.032    -0.045  3 55324.25441660 11.483
 90  83.598286  70.669041    34.296    37.120 10 55359.25441127 10.718
 91  83.603333  70.664522     0.239     0.071  8 55394.25441604 16.318
 92  83.598203  70.664615     1.002     0.887 11 55429.25442767 14.288
 93  83.590776  70.670546     0.252    -0.423 13 55464.25438970 26.031
