# NaN NaN NaN ;Mean Elev.(m), Avg Gradient(m/km), RMS Gradient(m/km) - SRTM1     
#   58.569  -7.603  19.625 ;Mean Elev.(m), Avg Gradient(m/km), RMS Gradient(m/km) - ASTER GDEM
#   75.625  -6.383  18.220 ;Mean Elev.(m), Avg Gradient(m/km), RMS Gradient(m/km) - GMTED2010 
  7  92.902252  58.130407    80.534    80.534  2 52444.19731422 13.093
  8  92.915209  58.145074    77.930    77.690  3 52479.19730464 41.154
  9  92.916729  58.139792    79.194    78.858  5 52514.19725139 25.126
 10  92.919840  58.134465   106.509   111.213  4 52549.19729667 17.577
 11  92.923458  58.141236    78.440    78.436  4 52584.19728465 40.471
 12  92.905065  58.138197    82.075    81.972  7 52619.19726308 20.821
 13  92.927406  58.136578    79.904    80.167  3 52654.19724529 15.701
 15  92.918170  58.137670    81.574    81.399  7 52724.19728654 12.101
 16  92.904305  58.148701    81.462    81.462  2 52759.19730469 15.709
 17  92.928753  58.136393    98.284    98.392  3 52794.19726058  9.815
 18  92.932171  58.139651    77.586    77.856  4 52829.19732717 37.956
 19  92.929868  58.139297    77.514    77.614  4 52864.19737194 35.156
 20  92.914980  58.144214    80.152    80.163  4 52899.19740070 28.946
 21  92.905381  58.140345    78.700    79.012  7 52934.19734583 19.906
 23  92.904144  58.130669    80.066    80.067  3 53004.19738101 16.597
 26  92.901806  58.139684    80.788    80.945  7 53109.19732859  9.876
 28  92.920830  58.140090    79.310    79.166  6 53179.19738470 38.715
 30  92.909516  58.138473    77.703    77.925  6 53249.19737646 25.466
 31  92.918080  58.133890    92.704    89.121  4 53284.19737169 22.093
 33  92.915566  58.138954    78.336    78.325  6 53354.19732897 38.442
 34  92.929384  58.145143    82.054    82.054  2 53389.19732945 21.292
 35  92.922619  58.141712   101.015    81.387  5 53424.19732925 20.173
 36  92.931011  58.138175    80.421    80.282  4 53459.19733469 24.512
 37  92.906816  58.130169    79.722    79.443  3 53494.19742203 22.292
 38  92.913180  58.124967    99.087    99.087  2 53529.19739875  8.600
 39  92.906621  58.138815    79.374    79.476  8 53564.19742696 38.115
 40  92.914466  58.139559    79.487    79.134  6 53599.19736804 37.328
 42  92.908504  58.131205    89.268    89.268  2 53669.19738776 25.376
 43  92.922961  58.146260    78.913    78.913  2 53704.19732398 37.472
 44  92.907173  58.138170    82.928    82.950  8 53739.19723499 21.354
 45  92.920586  58.129485    81.089    81.089  2 53774.19725462 15.977
 46  92.914119  58.144632    80.341    80.223  4 53809.19723647 17.044
 48  92.926654  58.141441   160.144   161.744  4 53879.19730702  1.620
 50  92.908074  58.142571    82.096    81.966  4 53949.19737385 34.021
 51  92.908852  58.137817    80.464    80.569  8 53984.19731401 34.621
 52  92.926156  58.138626    77.565    77.729  6 54019.19734687 36.672
 53  92.927823  58.137876    79.705    79.893  5 54054.19733785 33.034
 54  92.909908  58.133170    78.320    78.251  3 54089.19733050 15.946
 55  92.928556  58.138019    80.467    80.442  5 54124.19725221 34.058
 56  92.914224  58.135273    81.780    81.666  4 54159.19729523 15.823
 57  92.926806  58.138622    80.684    80.451  5 54194.19725503 18.459
 59  92.919784  58.138853    96.884    96.897  6 54264.19732466 37.116
 60  92.921038  58.141330    78.291    78.146  5 54299.19732785 31.030
 63  92.916273  58.140563    79.219    79.325  6 54404.19726253 30.995
 65  92.922911  58.139589    82.233    82.169  5 54474.19724890 19.060
 66  92.926826  58.137589    82.049    81.840  5 54509.19723241 14.935
 67  92.917819  58.139683    80.740    80.577  5 54544.19726339 11.170
 70  92.920352  58.141185    77.693    78.158  5 54649.19726240 25.264
 71  92.915444  58.142397    80.114    79.719  5 54684.19725953 26.929
 72  92.931786  58.143212    78.355    78.355  2 54719.19720589 19.596
 73  92.915729  58.133603   102.552   113.310  3 54754.19723485 22.298
 74  92.927639  58.140778    78.258    78.462  4 54789.19720033 29.681
 75  92.921110  58.137127    81.835    80.359  6 54824.19722927 30.834
 76  92.929050  58.138364    84.663    82.624  5 54859.19719350 13.371
 77  92.914566  58.140683    81.745    81.581  5 54894.19723082 12.838
 78  92.924591  58.139375    80.185    80.260  4 54929.19719320 15.937
 79  92.917520  58.138322    81.667    81.421  6 54964.19723066 16.989
 81  92.920243  58.138617    79.241    79.289  6 55034.19723836 43.532
 84  92.917999  58.139360    78.777    78.920  5 55139.19717514 41.912
 85  92.928775  58.138972    80.061    79.561  5 55174.19713510 36.495
 86  92.920030  58.138937    83.198    82.956  6 55209.19717004 14.725
 87  92.923794  58.137839    83.230    82.943  5 55244.19714148 12.833
 88  92.915892  58.142698    81.042    80.985  5 55279.19716323 11.810
 89  92.918158  58.137018    79.898    79.729  5 55314.19712806 42.613
 91  92.921761  58.135257    91.180    95.323  5 55384.19712761 38.870
 92  92.917678  58.134504    78.981    78.922  4 55419.19715422 22.534
 93  92.909276  58.135478    77.819    77.852  3 55454.19713303 32.742
 94  92.904343  58.135522    80.637    81.084  5 55489.19705325 13.378
