# NaN NaN NaN ;Mean Elev.(m), Avg Gradient(m/km), RMS Gradient(m/km) - SRTM1     
#  -15.823  -0.457  15.098 ;Mean Elev.(m), Avg Gradient(m/km), RMS Gradient(m/km) - ASTER GDEM
#   19.373   0.614   8.209 ;Mean Elev.(m), Avg Gradient(m/km), RMS Gradient(m/km) - GMTED2010 
  8  87.925191  63.161023    40.036    38.985  5 52497.22020659 11.129
 10  87.934014  63.155897    26.753    26.658  6 52567.22021774 16.674
 11  87.918175  63.162460    29.190    23.957  5 52602.22022158 14.861
 12  87.931070  63.155995    29.725    25.752  4 52637.22019087 12.657
 13  87.924451  63.162200    38.084    35.348  5 52672.22019287  6.320
 14  87.933817  63.158018    43.232    43.663  6 52707.22019546  6.556
 15  87.921212  63.162708    49.654    50.170  6 52742.22022673  4.600
 16  87.917636  63.161840    26.879    26.902  4 52777.22016829 48.396
 17  87.934235  63.158859    29.708    32.609  5 52812.22024758 26.249
 18  87.931490  63.154316    26.791    26.778  5 52847.22030306 17.162
 19  87.923814  63.159386    24.683    25.400  3 52882.22033895 15.451
 20  87.923739  63.163193    44.281    44.491  6 52917.22029524 11.707
 21  87.941620  63.155285    31.332    36.576  4 52952.22025765 39.501
 22  87.930989  63.153110    26.550    26.637  4 52987.22027316 11.318
 23  87.926848  63.161024    36.735    32.050  5 53022.22026048  8.358
 24  87.935927  63.155882    36.004    30.436  5 53057.22025295  8.556
 25  87.916499  63.168450    45.723    48.115  5 53092.22028913  6.812
 26  87.935795  63.156028    49.977    49.841  6 53127.22026152  2.175
 27  87.923338  63.160569    28.819    27.321  4 53162.22032461 28.168
 28  87.930149  63.161018    41.214    42.528  5 53197.22032378 12.850
 29  87.930014  63.159339    45.065    44.663  6 53232.22030294  8.633
 30  87.916357  63.167685    39.485    42.752  4 53267.22027071 35.104
 31  87.926187  63.160049    17.205    17.221  5 53302.22032582 34.684
 32  87.925334  63.162122    39.954    43.031  4 53337.22029559 19.200
 33  87.918850  63.164101    35.968    39.381  5 53372.22023075 11.074
 35  87.917909  63.164611    35.791    35.110  5 53442.22025362  7.722
 36  87.927815  63.160131    51.474    50.903  5 53477.22032473  1.992
 37  87.926458  63.158563    33.094    27.496  5 53512.22033695 25.624
 38  87.920982  63.163213    35.973    37.900  6 53547.22035392 16.424
 39  87.923329  63.161601    20.117    19.544  6 53582.22032430 15.821
 40  87.917182  63.167895    30.296    34.021  5 53617.22027882 28.728
 41  87.932223  63.159504    47.088    48.040  6 53652.22029760 10.870
 42  87.925296  63.164138    36.607    36.639  4 53687.22030030 15.310
 43  87.919012  63.162443    22.574    22.327  4 53722.22022624 16.762
 44  87.937285  63.151599    25.997    25.901  4 53757.22016050 15.384
 45  87.926588  63.158753    31.080    25.538  5 53792.22018416 11.179
 46  87.939681  63.153310    35.156    36.992  6 53827.22014990 10.158
 47  87.928755  63.158568    19.527    19.659  6 53862.22023654 16.576
 48  87.929605  63.157683    31.556    23.422  3 53897.22025820 31.289
 49  87.919376  63.164070    41.825    40.907  6 53932.22030602 16.049
 50  87.919956  63.164459    42.137    41.760  5 53967.22028054 11.855
 51  87.940959  63.153817    37.858    37.947  6 54002.22024656 13.620
 52  87.934175  63.159574    32.905    37.075  5 54037.22028409 39.456
 53  87.929483  63.162708    51.480    52.013  5 54072.22027815  5.042
 54  87.915707  63.165319    47.651    49.794  6 54107.22022785  4.617
 55  87.932637  63.159199    44.620    44.350  6 54142.22021310  5.780
 56  87.920301  63.162980    42.561    42.535  6 54177.22021043  6.148
 57  87.929038  63.157966    21.982    22.035  6 54212.22022065 22.559
 58  87.924843  63.155109    25.868    25.868  2 54247.22025029 36.132
 60  87.926450  63.160517    38.550    37.005  6 54317.22025735 15.136
 61  87.921273  63.162976    43.937    45.427  5 54352.22022311 11.650
 62  87.929887  63.158926    34.979    30.224  5 54387.22019707 17.301
 63  87.917956  63.157362    16.296    16.198  3 54422.22017413 36.558
 64  87.935691  63.156405    31.123    26.756  6 54457.22017095 12.276
 65  87.923466  63.160828    34.756    35.403  6 54492.22017577 10.560
 66  87.931820  63.156972    39.264    41.224  6 54527.22018377  8.974
 67  87.921196  63.163721    51.100    51.142  5 54562.22018323  2.390
 68  87.927095  63.159761    29.680    21.263  4 54597.22017894 20.565
 69  87.926860  63.160851    38.464    36.129  4 54632.22019229 12.408
 70  87.926787  63.162514    36.840    41.568  5 54667.22019771 20.388
 71  87.924115  63.165663    40.505    40.311  4 54702.22016411  5.335
 72  87.934592  63.159383    41.987    42.748  4 54737.22015865  7.273
 73  87.922907  63.159522    16.505    16.446  4 54772.22014638 30.469
 74  87.930792  63.155248    32.002    26.550  5 54807.22015319 11.812
 75  87.924662  63.159308    31.240    25.823  4 54842.22014274  9.759
 76  87.926580  63.156620    25.704    25.907  4 54877.22015508  9.421
 77  87.918449  63.162726    29.808    24.631  5 54912.22014726 10.100
 78  87.929621  63.159473    21.747    21.808  6 54947.22014679 25.673
 79  87.926402  63.160945    40.244    40.024  4 54982.22017242 21.331
 80  87.928213  63.161648    35.362    40.467  4 55017.22017190 35.067
 81  87.926690  63.160909    28.364    23.837  5 55052.22016707 15.457
 82  87.919310  63.164658    40.787    40.740  4 55087.22013026  9.956
 83  87.929404  63.154290    30.236    27.652  4 55122.22010341 17.233
 84  87.920500  63.160754    19.014    18.909  5 55157.22009153 22.782
 85  87.929931  63.153543    26.169    26.112  4 55192.22009300 10.528
 86  87.920752  63.160841    32.062    25.648  4 55227.22009262  7.504
 87  87.927369  63.157733    31.796    26.521  5 55262.22008801  6.689
 89  87.924921  63.161128    32.566    32.671  5 55332.22006685 29.258
 90  87.924969  63.161486    37.228    36.064  5 55367.22005933 13.851
 91  87.934303  63.159827    31.641    35.900  4 55402.22007355 22.856
 92  87.926715  63.162105    46.258    46.254  6 55437.22007662  9.812
 93  87.921282  63.166446    50.811    52.879  4 55472.22002613  7.329
