# NaN NaN NaN ;Mean Elev.(m), Avg Gradient(m/km), RMS Gradient(m/km) - SRTM1     
#   -9.507  -0.655  12.827 ;Mean Elev.(m), Avg Gradient(m/km), RMS Gradient(m/km) - ASTER GDEM
#    2.119  -0.176  10.629 ;Mean Elev.(m), Avg Gradient(m/km), RMS Gradient(m/km) - GMTED2010 
  7  86.445733  66.700327     2.526     2.489  9 52472.62020043 36.142
  8  86.450100  66.703888     1.270     0.966  8 52507.62017396 27.174
  9  86.443108  66.699305   330.582   329.740  9 52542.62015584 16.923
 10  86.444487  66.697653     1.661     2.786  9 52577.62020639 33.245
 11  86.449779  66.704278     5.050     2.900  8 52612.62017162 17.506
 12  86.444574  66.700178     5.663     4.311  8 52647.62015490 15.851
 13  86.457905  66.705624     6.521     5.251  8 52682.62012816 12.456
 14  86.444573  66.697197     5.749     5.869 10 52717.62018489 12.620
 15  86.446560  66.700849     5.313     5.605  8 52752.62021055 12.949
 16  86.435644  66.694014    18.529    16.926  9 52787.62015516 20.427
 17  86.438689  66.697766     6.513     3.720 10 52822.62022789 18.780
 18  86.442520  66.700057     2.306     1.935  8 52857.62027506 19.440
 19  86.444610  66.700212     1.213     1.064  9 52892.62030699 27.878
 20  86.456287  66.705111     6.549     6.890  8 52927.62025899 18.790
 21  86.446277  66.695986     0.315     0.288 10 52962.62023066 23.706
 22  86.443248  66.700888     4.139     3.277  8 52997.62027232 17.213
 23  86.463218  66.698050     3.074     1.534  8 53032.62022825 16.897
 24  86.446947  66.700447     4.987     3.621  9 53067.62024074 15.522
 25  86.463137  66.699077     2.890     1.893  8 53102.62023144 14.933
 26  86.445011  66.700819     1.214     1.062  9 53137.62024419 12.156
 27  86.442283  66.700232    13.569    13.580  7 53172.62028993 30.078
 28  86.447459  66.701202     3.075     3.139  7 53207.62030486 25.142
 29  86.456069  66.702647     1.894     1.858  7 53242.62027251 26.227
 30  86.435947  66.695615     3.958     3.212 10 53277.62024606 24.452
 31  86.443374  66.700069     2.558     2.422  8 53312.62027999 27.477
 32  86.457953  66.697217     2.710     2.767  8 53347.62024482 13.083
 33  86.438747  66.696207     4.423     3.375 10 53382.62021040 11.095
 34  86.452635  66.704096     5.432     3.825  8 53417.62022514 13.194
 35  86.436053  66.695379     4.154     3.436  9 53452.62022539 10.770
 36  86.442276  66.695848     2.590     2.499 10 53487.62031061 10.444
 37  86.454957  66.697129    16.584    16.667  8 53522.62030082 36.762
 38  86.444123  66.699953     3.045     2.989  8 53557.62032691 50.332
 39  86.468744  66.698922     2.838     1.677  8 53592.62026303 22.581
 40  86.427315  66.695991     2.319     1.627  9 53627.62025438 16.690
 41  86.446012  66.696102     3.398     3.151 10 53662.62027888 26.810
 42  86.458917  66.698106     2.336     2.186  8 53697.62024320 24.593
 43  86.468666  66.700250     4.215     3.569  8 53732.62016588 15.383
 44  86.448191  66.700791     5.152     3.634  9 53767.62014350 15.890
 45  86.458182  66.705537     6.089     4.309  8 53802.62014339 13.904
 46  86.437061  66.696495     5.635     5.894 10 53837.62015513 12.928
 47  86.444432  66.700633     1.526     1.459  8 53872.62020733 35.933
 48  86.442727  66.697637     9.624     9.641 10 53907.62024805 26.948
 49  86.443248  66.696893     3.233     2.366 10 53942.62027409 19.478
 50  86.460528  66.698438     1.401     1.434  8 53977.62022653 45.846
 51  86.436776  66.695918     3.607     3.711 10 54012.62023407 20.505
 52  86.449995  66.702914     3.616     2.271  7 54047.62024513 16.574
 54  86.468470  66.699705     5.812     4.833  8 54117.62016793 12.739
 55  86.445987  66.701518     6.644     5.467  8 54152.62019062  9.783
 56  86.465084  66.699586     6.453     5.479  8 54187.62016160 11.671
 57  86.445848  66.696191     3.064     3.086 10 54222.62019959 22.423
 58  86.448614  66.700770    12.070    12.414  9 54257.62022254 21.825
 59  86.446860  66.702831     6.692     6.306  7 54292.62022525 13.166
 60  86.451740  66.703783     2.298     2.366  8 54327.62022121 21.640
 61  86.461541  66.704838     3.640     3.643  9 54362.62017032 45.975
 62  86.447519  66.700324     2.762     2.546  9 54397.62016047 42.567
 63  86.464482  66.698723     0.671     0.674  8 54432.62011875 26.043
 64  86.443625  66.700002     0.961     0.985  8 54467.62014233 22.898
 65  86.461185  66.698112     2.161     2.225  8 54502.62013402 19.329
 66  86.451417  66.700970     4.401     3.504  9 54537.62015784 16.325
 67  86.458677  66.704296     7.737     6.835  9 54572.62013672 10.734
 68  86.446611  66.701569    15.615    15.514  8 54607.62015156 38.966
 69  86.447837  66.703935     7.747     7.511  8 54642.62016053 48.250
 70  86.447212  66.701088     3.189     3.148  8 54677.62016196 48.267
 71  86.466833  66.699101     2.149     2.110  8 54712.62011480 45.423
 72  86.443910  66.700535     2.214     2.230  8 54747.62013066 51.669
 73  86.458338  66.697841     2.126     2.279  8 54782.62010109 29.386
 74  86.443292  66.701271     1.309     1.229  8 54817.62012359 21.420
 75  86.459406  66.698206     5.798     5.861  8 54852.62009866 13.778
 76  86.447087  66.700262     5.513     3.721  8 54887.62012763 13.063
 77  86.459914  66.705243     6.116     4.411  8 54922.62010028 12.564
 78  86.443184  66.699304     2.154     2.086  9 54957.62012436 21.449
 79  86.448239  66.698884    13.355    13.740  7 54992.62014680 20.359
 80  86.456612  66.697878     2.691     2.669  8 55027.62013680 21.215
 81  86.451310  66.700673     1.237     1.244  9 55062.62013008 48.869
 82  86.461415  66.705035     6.622     4.872  9 55097.62007800 16.899
 83  86.444179  66.701074     2.145     1.880  8 55132.62007364 41.920
 84  86.454618  66.703716     5.541     5.671  8 55167.62004021 18.823
 85  86.444721  66.700297     4.918     3.197  8 55202.62006598 15.296
 86  86.455573  66.703982     5.570     4.224  8 55237.62004753 13.621
 87  86.448725  66.702505     3.834     4.121  7 55272.62006031 13.829
 88  86.478205  66.688711     4.007     1.328  3 55307.62002672  6.307
 89  86.446953  66.703201     9.044     9.022  8 55342.62003003 34.696
 90  86.454956  66.701591     5.704     5.715  9 55377.62002334 51.963
 91  86.444426  66.700729     3.536     3.624  9 55412.62004749 15.819
 92  86.457944  66.697424     3.514     3.519  8 55447.62003689 48.494
 93  86.470756  66.700033     4.503     4.902  8 55482.61996648 22.415
