# NaN NaN NaN ;Mean Elev.(m), Avg Gradient(m/km), RMS Gradient(m/km) - SRTM1     
#  -65.849 -32.114  29.407 ;Mean Elev.(m), Avg Gradient(m/km), RMS Gradient(m/km) - ASTER GDEM
#    1.000  -1.299   5.231 ;Mean Elev.(m), Avg Gradient(m/km), RMS Gradient(m/km) - GMTED2010 
  8  85.952214  68.904880    11.254     6.457 10 52485.61466738 19.412
  9  85.953787  68.908663    11.831    12.222 11 52520.61463362 20.953
 10  85.946444  68.893579     2.796     3.456  9 52555.61468230 34.723
 11  85.952960  68.901026    22.431    25.841  9 52590.61467283 21.932
 12  85.954771  68.913747    12.089    13.353 11 52625.61460240 14.020
 13  85.952652  68.901463    31.831    30.979 10 52660.61463827  8.783
 14  85.947553  68.891813    37.766    35.919  8 52695.61461611  5.860
 15  85.953708  68.905075    22.900    23.781 10 52730.61464770  8.080
 16  85.953395  68.908886    29.502    29.093 10 52765.61465855  7.107
 17  85.941770  68.897518    17.864    15.203  6 52800.61465080 23.434
 18  85.947875  68.897232     1.317     0.554  9 52835.61471802 24.089
 19  85.951570  68.901313     7.900     4.656  9 52870.61475982 17.658
 20  85.951905  68.905848    20.606    20.678  8 52905.61476055 15.233
 21  85.950954  68.888781    22.648    25.307  6 52940.61468942 27.554
 23  85.950364  68.902003    29.078    29.663 10 53010.61474253  9.511
 24  85.947097  68.893924    34.013    34.412  9 53045.61470417  6.627
 25  85.950522  68.901830    30.136    30.396  9 53080.61473956  7.516
 26  85.946879  68.891389    35.918    36.123  9 53115.61470839  6.081
 27  85.952722  68.895085    20.312    26.056  7 53150.61475616 31.198
 28  85.951632  68.904924     4.835     5.386 10 53185.61474706 22.764
 29  85.953696  68.904385    14.219    17.206 10 53220.61477279 16.537
 30  85.953863  68.908299     2.778     3.542 11 53255.61475018 23.841
 32  85.952582  68.906079    21.168    23.293 11 53325.61473565 11.947
 33  85.955474  68.910553    23.195    23.393 11 53360.61469534  7.441
 34  85.947260  68.894984    33.184    33.709  9 53395.61471186  6.255
 35  85.954125  68.910718    24.187    24.873 10 53430.61470700  7.501
 36  85.946837  68.894645    35.160    35.207  9 53465.61473319  4.683
 37  85.949862  68.897663    35.340    33.487 10 53500.61479370  4.247
 38  85.953589  68.904538    15.236    18.009 10 53535.61478323 19.890
 39  85.950238  68.901768    13.058     9.733 10 53570.61479258 17.053
 40  85.954436  68.913181    11.877    12.652 11 53605.61474208 21.015
 41  85.948795  68.890953    22.766    23.526  9 53640.61473792 14.745
 42  85.953413  68.895428    17.974    21.177  7 53675.61475820 37.797
 43  85.956990  68.912139    16.822    18.097 11 53710.61469096 11.846
 44  85.947088  68.891089    36.046    36.221  8 53745.61459720  5.606
 45  85.951752  68.905207    26.158    26.642 10 53780.61463093  8.249
 46  85.957654  68.916728    19.534    20.034 12 53815.61460218 10.001
 47  85.947507  68.892442    35.024    35.202  9 53850.61466423  4.549
 48  85.952255  68.904905     4.563     4.609 10 53885.61467646 27.736
 49  85.947522  68.897217    17.177    17.852  9 53920.61474408 15.928
 50  85.949335  68.899247    16.091    16.665  9 53955.61474245 14.374
 51  85.957099  68.915824     0.862     0.268 12 53990.61466394 34.678
 52  85.948678  68.894508    23.367    27.550  8 54025.61472565 20.042
 53  85.953058  68.905427    22.545    24.946 10 54060.61472056 13.821
 54  85.954663  68.910860    22.816    23.247 11 54095.61469603 10.385
 55  85.947202  68.892939    36.344    37.870  9 54130.61463899  5.199
 56  85.953665  68.905024    28.205    28.581 10 54165.61466676  5.995
 57  85.946150  68.897125    16.948    18.924  8 54200.61464268 11.550
 58  85.955594  68.896185    23.503    28.495  7 54235.61467989 16.874
 59  85.951341  68.904192     9.978     7.417 10 54270.61470185 20.547
 60  85.951284  68.901795     9.043     2.349  9 54305.61470415 20.524
 61  85.952407  68.908664     8.307     7.401 11 54340.61468769 21.958
 62  85.949333  68.898860    17.456    18.983  9 54375.61463808 20.850
 63  85.950677  68.904061    24.798    25.401 10 54410.61463332 19.042
 64  85.947717  68.893291    37.157    37.870  9 54445.61460068  8.926
 65  85.953206  68.901956    31.652    30.764 10 54480.61462405  5.695
 66  85.947476  68.895080    36.062    35.198  9 54515.61461529  3.318
 67  85.953792  68.907262    28.192    28.142 10 54550.61463810  4.539
 68  85.950723  68.900515    31.940    31.793  9 54585.61461197  3.183
 69  85.951860  68.901425    17.229    18.738 10 54620.61463127 22.371
 70  85.950896  68.902163    15.635    16.475  9 54655.61464183 16.141
 71  85.952403  68.905606     6.587     4.602 10 54690.61462808 18.787
 72  85.948145  68.895453    24.871    23.761  6 54725.61459142 13.305
 73  85.951593  68.902921    19.654    20.347 10 54760.61460413 21.357
 74  85.946694  68.891895    41.093    39.597  8 54795.61458404 11.690
 75  85.950847  68.902567    33.301    33.492 10 54830.61460427  8.532
 76  85.948988  68.894734    34.592    34.323  8 54865.61457945  6.754
 77  85.952229  68.905546    26.304    26.943 11 54900.61460372  8.208
 78  85.950614  68.897449    32.444    32.396  9 54935.61457144  5.668
 79  85.955850  68.897487    23.798    27.183  8 54970.61460407 12.205
 80  85.951313  68.901195    15.194    10.811  9 55005.61462433 18.652
 81  85.951572  68.902982     8.464     5.276  9 55040.61461253 17.043
 82  85.953026  68.906961    13.811    15.723 10 55075.61459524 19.112
 83  85.949430  68.896567    18.349    18.900 10 55110.61454393 14.933
 84  85.951720  68.902590    22.290    24.433  9 55145.61454755 19.491
 85  85.948727  68.891816    36.859    35.741  9 55180.61452002 10.474
 86  85.953563  68.903143    26.757    27.036 10 55215.61454219 10.254
 87  85.950273  68.896546    32.061    32.635  9 55250.61451768  8.073
 88  85.952625  68.906896    26.080    25.795 11 55285.61453668  8.817
 89  85.950078  68.903095    29.311    29.763 10 55320.61450945  4.751
 90  85.952462  68.902963    11.241    11.267 10 55355.61450989 27.803
 91  85.947948  68.896904     1.326     1.331  9 55390.61450919 52.457
 92  85.952784  68.901795    13.609    15.677 10 55425.61452661 18.021
 93  85.953895  68.909140    19.884    23.025 11 55460.61449605 16.381
