# NaN NaN NaN ;Mean Elev.(m), Avg Gradient(m/km), RMS Gradient(m/km) - SRTM1     
#  -20.953  -1.980   6.193 ;Mean Elev.(m), Avg Gradient(m/km), RMS Gradient(m/km) - ASTER GDEM
#    2.901  -0.303   6.827 ;Mean Elev.(m), Avg Gradient(m/km), RMS Gradient(m/km) - GMTED2010 
  7  85.115476  69.775004   -18.557   -18.128  6 52448.24679690 20.095
  8  85.113172  69.774479     7.123     7.092  7 52483.24678537 18.697
  9  85.109389  69.774497     6.748     6.698  6 52518.24674358 16.251
 10  85.132842  69.776292    42.295    42.424  6 52553.24679256  5.113
 11  85.120489  69.775356    42.551    42.975  6 52588.24677389  3.398
 12  85.108405  69.773945    43.228    43.379  7 52623.24672891  1.003
 13  85.120803  69.770549    28.483    31.949  5 52658.24674546  4.047
 15  85.127107  69.775343     5.093     4.427  8 52728.24676535  8.027
 17  85.143989  69.774347     8.269     8.257  8 52798.24674941 48.638
 18  85.143166  69.774735     0.770     0.770  8 52833.24681992 45.530
 19  85.133684  69.774977     6.669     7.142  7 52868.24686267 18.181
 20  85.115134  69.774218     1.608    -0.793  6 52903.24687811 24.819
 21  85.103085  69.776792    45.152    44.431  6 52938.24681536 11.035
 22  85.128951  69.774874    43.064    43.925  7 52973.24684970  5.074
 23  85.115871  69.775220    44.749    44.587  7 53008.24685866  1.344
 24  85.126101  69.767883    18.362    18.362  2 53043.24681657  5.259
 25  85.102682  69.768406    34.370    35.961  3 53078.24685056  2.052
 26  85.130846  69.773339    12.493    13.332  6 53113.24681928  7.644
 27  85.115176  69.770320    18.412    17.293  4 53148.24686496  4.374
 28  85.129934  69.774915     6.175     5.865  7 53183.24686264 25.528
 29  85.119329  69.774925     6.899     6.986  6 53218.24688730 15.981
 30  85.101527  69.775147     6.644     6.548  7 53253.24686545 19.597
 31  85.132134  69.774788     6.137     5.865  8 53288.24686605 22.700
 32  85.129778  69.775463    38.228    36.074  7 53323.24684185  3.326
 34  85.132787  69.772325    11.883    11.757  6 53393.24682241  8.436
 35  85.106591  69.768349    22.399    26.500  3 53428.24681834  4.445
 36  85.139744  69.774115    -0.003    -0.181  8 53463.24683579  9.129
 37  85.119128  69.775874     7.452    11.504  7 53498.24690631  4.468
 38  85.121135  69.775304     6.921     6.540  7 53533.24688888 20.087
 39  85.111499  69.775291     7.073     6.971  7 53568.24690736 17.493
 40  85.107578  69.774470     4.519     6.597  6 53603.24685320 18.392
 41  85.133632  69.775223     7.417     7.870  7 53638.24685050 17.100
 42  85.118772  69.774115    31.597    33.430  7 53673.24687165 15.371
 43  85.114760  69.775493    46.028    45.776  6 53708.24680285  2.248
 44  85.096573  69.773103    44.864    45.729  7 53743.24671472  1.317
 45  85.126446  69.772242    36.742    35.586  5 53778.24674117  2.102
 46  85.092553  69.768418    38.377    38.377  2 53813.24671775  0.271
 47  85.124868  69.769909    20.371    20.408  4 53848.24677291  4.109
 49  85.113841  69.774654     7.240     7.385  7 53918.24685369 19.129
 50  85.110989  69.775167     6.672     6.096  6 53953.24685654 18.416
 52  85.138370  69.776087    41.654    41.065  7 54023.24683564  8.033
 53  85.133133  69.775605    41.618    42.820  7 54058.24682851  2.839
 54  85.100375  69.770173    41.076    41.905  3 54093.24681071  0.207
 55  85.139630  69.772740    13.134    15.061  5 54128.24674659  9.633
 56  85.106950  69.768405    33.268    33.268  2 54163.24678038  1.280
 57  85.129250  69.770988    12.928    10.572  5 54198.24674977  7.108
 58  85.134233  69.779011    30.488    32.306  5 54233.24679121  2.808
 59  85.123883  69.775621     4.020     3.991  7 54268.24681097 49.263
 60  85.123772  69.775119     6.893     7.173  7 54303.24681493 17.525
 61  85.115567  69.774601     7.114     7.314  7 54338.24680061 18.342
 62  85.131499  69.774778     6.810     6.981  7 54373.24674807 20.234
 63  85.118940  69.774835    35.512    35.724  6 54408.24674606  5.449
 64  85.141445  69.773420    19.268    19.000  6 54443.24670887  7.042
 65  85.113759  69.767915    13.844     9.290  3 54478.24673676  5.607
 66  85.137989  69.772745     0.832     0.416  7 54513.24672419 11.285
 67  85.105930  69.768347    15.597    11.172  3 54548.24675062  5.117
 68  85.127102  69.775120    17.309    17.108  7 54583.24671962  2.988
 69  85.123118  69.774027     7.730     7.703  7 54618.24674039 30.658
 70  85.120244  69.774571     7.202     7.284  7 54653.24675225 19.104
 71  85.114750  69.774952     6.336     6.948  7 54688.24674150 18.772
 72  85.141351  69.775312     5.724     5.703  8 54723.24669913 17.390
 73  85.120343  69.775739    43.358    43.434  7 54758.24671706  6.836
 74  85.143112  69.776629    42.307    42.904  7 54793.24669241  3.163
 75  85.126305  69.775294    42.127    41.526  7 54828.24671521  2.105
 76  85.137240  69.774819    31.695    34.067  8 54863.24668699  4.315
 77  85.116487  69.775151    39.935    39.675  7 54898.24671557  1.196
 78  85.134422  69.776763    27.099    29.009  7 54933.24668137  5.033
 79  85.125629  69.776217    21.447    27.354  4 54968.24671596 14.372
 81  85.122939  69.774652     5.432     5.591  6 55038.24672302 18.730
 82  85.112061  69.774362     6.655     6.386  6 55073.24670877 16.487
 83  85.135243  69.774561     5.445     5.344  8 55108.24665506 20.361
 84  85.118900  69.776161    46.177    46.022  6 55143.24665986  4.279
 85  85.143438  69.775117    26.622    26.798  8 55178.24662721  8.580
 86  85.114863  69.770564    31.308    32.177  4 55213.24665549  2.960
 87  85.130012  69.772070    24.299    26.043  6 55248.24662877  5.797
 88  85.108933  69.770688    33.094    32.737  3 55283.24664940  2.105
 89  85.121599  69.775724    22.270    24.934  6 55318.24661803  5.678
 90  85.117375  69.774606     5.668     5.665  6 55353.24662115 35.771
 91  85.135566  69.775811     0.635     0.732  8 55388.24661778 34.803
 92  85.121465  69.774316     6.655     7.037  7 55423.24663865 20.270
 93  85.111882  69.774533     7.237     7.309  7 55458.24661100 18.339
