# NaN NaN NaN ;Mean Elev.(m), Avg Gradient(m/km), RMS Gradient(m/km) - SRTM1     
#  -18.930  -2.518  12.069 ;Mean Elev.(m), Avg Gradient(m/km), RMS Gradient(m/km) - ASTER GDEM
#    1.629  -2.572   9.285 ;Mean Elev.(m), Avg Gradient(m/km), RMS Gradient(m/km) - GMTED2010 
  6    36.435 52442.23906572 14.03  86.368242  68.590805  5.730
  6    15.807 52442.23906701 13.06  86.360432  68.584745  5.730
  6    16.653 52442.23906766 14.18  86.356522  68.581715  5.730
  6    17.695 52442.23906830 14.38  86.352622  68.578685  5.730
  6    19.596 52442.23906895 13.83  86.348712  68.575655  5.730
  6    20.603 52442.23906959 13.93  86.344812  68.572615  5.730
  6    20.910 52442.23907024 13.65  86.340912  68.569585  5.730
  6    20.747 52442.23907153 15.97  86.333112  68.563525  5.730
  6    21.764 52442.23907217 15.73  86.329212  68.560495  5.730
  6    21.987 52442.23907281 17.08  86.325312  68.557465  5.730
  6    22.641 52442.23907346 15.80  86.321412  68.554435  5.730
  6    22.646 52442.23907410 17.17  86.317522  68.551405  5.730
  7    38.373 52477.23905863 22.14  86.388708  68.602990 11.897
  7    41.655 52477.23905927  9.51  86.384798  68.599960 11.897
  7    39.477 52477.23905992  9.23  86.380887  68.596934  6.845
  7    39.819 52477.23906056  7.33  86.376977  68.593904  6.845
  7    37.630 52477.23906121  6.31  86.373067  68.590874  6.845
  7    34.913 52477.23906185  8.84  86.369157  68.587844  6.845
  7    32.918 52477.23906250  8.54  86.365247  68.584814  6.845
  7    29.218 52477.23906314  7.99  86.361337  68.581784  6.845
  7    29.581 52477.23906379  6.30  86.357437  68.578754  6.845
  7    25.706 52477.23906443  8.43  86.353537  68.575724  6.845
  7    22.136 52477.23906508  6.88  86.349627  68.572694  6.845
  7    21.957 52477.23906572  7.46  86.345727  68.569654  6.845
  7    19.061 52477.23906637 11.34  86.341827  68.566624  6.845
  7     6.209 52477.23906701 15.84  86.337927  68.563594  6.845
  7     6.619 52477.23906830 15.35  86.330127  68.557534  6.845
  7    19.167 52477.23906894 13.87  86.326227  68.554504  6.845
  7    21.031 52477.23906959 13.69  86.322337  68.551474  6.845
  7    20.704 52477.23907023 16.95  86.318437  68.548444  6.845
  8    40.532 52512.23900386 16.69  86.388293  68.601337  4.788
  8    41.616 52512.23900451 10.00  86.384383  68.598307  4.788
  8    40.925 52512.23900515  9.29  86.380483  68.595277  4.788
  8    38.036 52512.23900580  9.48  86.376573  68.592247  4.788
  8    35.702 52512.23900644 10.32  86.372663  68.589217  4.788
  8    30.693 52512.23900709 11.50  86.368753  68.586187  4.788
  8    28.262 52512.23900773 11.45  86.364853  68.583157  4.788
  8    13.364 52512.23900837 12.04  86.360953  68.580127  4.788
  8    26.823 52512.23900966  5.56  86.353143  68.574057  4.788
  8    22.653 52512.23901031  7.20  86.349243  68.571027  4.788
  8    21.143 52512.23901095  9.05  86.345343  68.567997  4.788
  8    20.603 52512.23901160  8.86  86.341443  68.564967  4.788
  8    20.604 52512.23901224  9.80  86.337543  68.561937  4.788
  8    20.720 52512.23901289 10.17  86.333653  68.558907  4.788
  8    21.645 52512.23901353 10.21  86.329753  68.555877  4.788
  8    24.922 52512.23901418 10.02  86.325863  68.552847  4.788
  8    26.267 52512.23901482 10.54  86.321963  68.549817  4.788
  8    27.528 52512.23901547 11.27  86.318073  68.546777  4.788
  9    38.474 52547.23904012 17.28  86.392691  68.591607  8.102
  9    37.202 52547.23904076 15.19  86.388781  68.588577  8.102
  9    36.368 52547.23904141 14.53  86.384871  68.585547  8.102
  9    35.050 52547.23904205 12.73  86.380961  68.582517  8.102
  9    33.566 52547.23904270 11.43  86.377051  68.579487  8.102
  9    31.286 52547.23904334 10.86  86.373141  68.576457  8.102
  9    30.353 52547.23904399 10.47  86.369241  68.573427  8.102
  9    30.057 52547.23904463 11.22  86.365333  68.570395  5.781
  9    22.132 52547.23904527 13.63  86.361433  68.567365  5.781
  9    17.190 52547.23904592 16.61  86.357533  68.564335  5.781
  9    18.025 52547.23904656 15.30  86.353633  68.561305  5.781
  9    17.762 52547.23904721 16.56  86.349723  68.558275  5.781
  9    19.149 52547.23904785 15.25  86.345833  68.555245  5.781
  9    21.202 52547.23904850 14.36  86.341933  68.552215  5.781
  9    22.207 52547.23904914 14.53  86.338033  68.549185  5.781
  9    25.374 52547.23904979 14.08  86.334133  68.546155  5.781
  9    26.562 52547.23905043 14.05  86.330243  68.543125  5.781
  9    26.806 52547.23905108 14.77  86.326343  68.540085  5.781
  9    27.691 52547.23905172 16.03  86.322453  68.537055  5.781
  9    27.852 52547.23905237 17.09  86.318563  68.534025  5.781
 10    39.626 52582.23904974 14.02  86.391069  68.597686  6.603
 10    38.800 52582.23905038 12.20  86.387159  68.594666  6.603
 10    38.634 52582.23905103 10.10  86.383249  68.591626  6.603
 10    37.617 52582.23905167  9.71  86.379339  68.588606  6.603
 10    36.600 52582.23905231  8.87  86.375429  68.585576  6.603
 10    33.849 52582.23905296  8.77  86.371519  68.582536  6.603
 10     0.141 52582.23905618 25.03  86.351999  68.567386  6.603
 10     0.309 52582.23905683 24.30  86.348099  68.564356  6.603
 10     0.342 52582.23905747 23.97  86.344199  68.561326  6.603
 10     0.599 52582.23905812 23.83  86.340299  68.558296  6.603
 10     0.792 52582.23905876 23.46  86.336409  68.555266  6.603
 10     0.820 52582.23905941 24.20  86.332509  68.552236  6.603
 10     1.026 52582.23906005 23.93  86.328613  68.549206  3.473
 10     1.131 52582.23906070 22.97  86.324723  68.546176  3.473
 10     1.021 52582.23906134 24.49  86.320823  68.543146  3.473
 10     0.509 52582.23906198 22.16  86.316933  68.540116  3.473
 11    39.120 52617.23902091 11.74  86.379144  68.605425  3.454
 11    38.269 52617.23902155 11.49  86.375234  68.602395  3.454
 11    37.641 52617.23902220 10.08  86.371324  68.599365  3.454
 11    36.630 52617.23902284  9.87  86.367414  68.596335  3.454
 11    35.457 52617.23902348  9.39  86.363504  68.593305  3.454
 11    34.212 52617.23902413  7.71  86.359594  68.590275  3.454
 11    32.731 52617.23902477  7.96  86.355694  68.587245  3.454
 11    30.375 52617.23902542  8.91  86.351784  68.584205  3.454
 11     2.187 52617.23902671 13.91  86.343984  68.578145  3.454
 11     3.221 52617.23902735 14.26  86.340084  68.575115  3.454
 11     4.094 52617.23902800 14.08  86.336174  68.572085  3.454
 11     5.125 52617.23902864 14.05  86.332274  68.569055  3.454
 11     6.330 52617.23902929 13.50  86.328384  68.566025  3.454
 11     8.782 52617.23902993 13.19  86.324484  68.562995  3.454
 11     7.673 52617.23903058 12.76  86.320584  68.559965  3.454
 11     7.644 52617.23903122 12.89  86.316688  68.556932  3.361
 12    38.789 52652.23899757  9.00  86.396753  68.593784  3.015
 12    37.602 52652.23899822  8.15  86.392843  68.590754  3.015
 12    36.773 52652.23899886  7.76  86.388933  68.587714  3.015
 12    35.162 52652.23899951  7.55  86.385033  68.584694  3.015
 12    33.604 52652.23900015  7.17  86.381123  68.581664  3.015
 12    32.016 52652.23900080  6.97  86.377213  68.578624  3.015
 12    30.634 52652.23900144  6.89  86.373313  68.575604  3.015
 12    23.102 52652.23900209 10.59  86.369403  68.572574  3.015
 12    15.706 52652.23900273 11.77  86.365503  68.569534  3.015
 12     0.847 52652.23900337 12.50  86.361603  68.566504  3.015
 12    15.281 52652.23900402 11.98  86.357703  68.563474  3.015
 12    15.072 52652.23900466 12.70  86.353803  68.560444  3.015
 12    16.103 52652.23900531 12.53  86.349903  68.557414  3.015
 12     5.344 52652.23900595 12.06  86.346003  68.554384  3.015
 12     5.308 52652.23900660 11.50  86.342103  68.551354  3.015
 12     1.474 52652.23900724 11.43  86.338213  68.548324  3.015
 12    16.813 52652.23900789 10.98  86.334309  68.545294  2.503
 12    26.537 52652.23900853 10.14  86.330419  68.542264  2.503
 12    26.308 52652.23900918  9.70  86.326529  68.539234  2.503
 12    24.136 52652.23900982  9.68  86.322639  68.536204  2.503
 12    26.993 52652.23901047  9.42  86.318739  68.533164  2.503
 14    40.081 52722.23904040  7.58  86.391483  68.600128  2.620
 14    38.618 52722.23904104  7.96  86.387573  68.597098  2.620
 14    37.478 52722.23904169  7.39  86.383653  68.594058  2.620
 14    35.097 52722.23904233  8.71  86.379753  68.591038  2.620
 14    32.964 52722.23904297  9.13  86.375843  68.588008  2.620
 14    35.200 52722.23904362  4.77  86.371933  68.584978  2.620
 14    32.086 52722.23904426  4.07  86.368023  68.581948  2.620
 14    29.835 52722.23904491  4.17  86.364123  68.578918  2.620
 14    28.568 52722.23904555  4.10  86.360213  68.575878  2.620
 14    28.415 52722.23904620  4.08  86.356313  68.572858  2.620
 14    27.969 52722.23904684  4.10  86.352413  68.569818  2.620
 14    29.408 52722.23904749  3.76  86.348513  68.566788  2.620
 14    13.051 52722.23904813  7.44  86.344613  68.563758  2.620
 14     9.662 52722.23904878  9.57  86.340716  68.560735  2.820
 14    13.410 52722.23904942  9.97  86.336816  68.557705  2.820
 14     8.129 52722.23905007  9.47  86.332916  68.554665  2.820
 14    16.979 52722.23905071  8.91  86.329016  68.551635  2.820
 14    18.865 52722.23905136  8.36  86.325126  68.548605  2.820
 14    20.159 52722.23905200  7.81  86.321226  68.545575  2.820
 14    30.366 52722.23905264  4.13  86.317336  68.542545  2.820
 15    38.083 52757.23906181  5.98  86.377303  68.608005  2.911
 15    37.580 52757.23906246  5.48  86.373383  68.604975  2.911
 15    38.103 52757.23906310  4.83  86.369473  68.601955  2.911
 15    36.830 52757.23906375  4.17  86.365563  68.598915  2.911
 15    36.778 52757.23906439  4.00  86.361653  68.595885  2.911
 15    34.765 52757.23906504  3.92  86.357753  68.592865  2.911
 15    33.630 52757.23906568  4.15  86.353843  68.589825  2.911
 15    31.628 52757.23906632  4.33  86.349933  68.586795  2.911
 15    28.137 52757.23906697  5.50  86.346033  68.583765  2.911
 15    24.274 52757.23906761  7.56  86.342123  68.580735  2.911
 15    21.296 52757.23906826  9.13  86.338223  68.577705  2.911
 15    19.597 52757.23906890  9.70  86.334323  68.574675  2.911
 15     4.757 52757.23906955  9.66  86.330423  68.571645  2.911
 15     6.514 52757.23907019  9.22  86.326523  68.568615  2.911
 15    10.110 52757.23907084  9.41  86.322623  68.565585  2.911
 15     9.574 52757.23907148  9.04  86.318720  68.562556  2.123
 17    39.909 52827.23908362 20.44  86.396587  68.591694 13.288
 17    36.751 52827.23908426 13.30  86.392667  68.588674 13.288
 17     9.047 52827.23908491 11.91  86.388767  68.585644 13.288
 17    10.579 52827.23908555 12.20  86.384857  68.582614 13.288
 17     8.730 52827.23908620 13.96  86.380947  68.579584 13.288
 17    11.348 52827.23908684 11.21  86.377037  68.576554 13.288
 17    13.209 52827.23908748 10.65  86.373137  68.573524 13.288
 17    12.635 52827.23908813 11.66  86.369227  68.570494 13.288
 17    15.581 52827.23908877  9.96  86.365327  68.567464 13.288
 17    16.343 52827.23908942  8.99  86.361427  68.564424 13.288
 17    16.946 52827.23909006 10.09  86.357527  68.561394 13.288
 17    18.605 52827.23909071  7.91  86.353619  68.558364 14.816
 17    19.175 52827.23909135  8.26  86.349719  68.555334 14.816
 17    17.953 52827.23909200  9.50  86.345829  68.552304 14.816
 17    22.157 52827.23909264  8.82  86.341929  68.549274 14.816
 17    19.638 52827.23909329  9.21  86.338029  68.546244 14.816
 17    19.540 52827.23909393 11.36  86.334139  68.543214 14.816
 17    10.905 52827.23909458 15.25  86.330239  68.540184 14.816
 17     1.112 52827.23909651 33.19  86.318559  68.531084 14.816
 18    -0.460 52862.23912924 25.73  86.393669  68.590376  6.813
 18    -2.170 52862.23912988 26.38  86.389759  68.587356  6.813
 18    -0.184 52862.23913053 26.46  86.385849  68.584326  6.813
 18    -0.063 52862.23913117 26.53  86.381939  68.581296  6.813
 18     0.520 52862.23913181 26.73  86.378029  68.578266  6.813
 18     0.729 52862.23913246 32.40  86.374129  68.575236  6.813
 18     0.512 52862.23913310 28.38  86.370219  68.572196  6.813
 18     0.755 52862.23913375 34.38  86.366319  68.569176  6.813
 18     0.661 52862.23913439 41.72  86.362419  68.566146  6.813
 18     0.749 52862.23913504 36.28  86.358519  68.563106  6.813
 18     0.639 52862.23913568 41.86  86.354619  68.560076  6.813
 18     0.677 52862.23913633 47.23  86.350717  68.557044 30.668
 18     0.534 52862.23913697 49.17  86.346817  68.554014 30.668
 18     0.567 52862.23913762 50.66  86.342917  68.550984 30.668
 18     0.644 52862.23913826 50.34  86.339017  68.547954 30.668
 18     0.502 52862.23913891 51.53  86.335127  68.544924 30.668
 18     0.548 52862.23913955 50.95  86.331227  68.541894 30.668
 18     0.633 52862.23914020 49.92  86.327337  68.538864 30.668
 18     0.546 52862.23914084 51.27  86.323447  68.535834 30.668
 18     0.478 52862.23914148 52.07  86.319557  68.532804 30.668
 19    36.947 52897.23915828 16.73  86.379332  68.597367 12.227
 19     0.322 52897.23916086 16.50  86.363702  68.585247 12.227
 19     0.223 52897.23916151 17.74  86.359802  68.582227 12.227
 19     0.380 52897.23916215 17.10  86.355892  68.579187 12.227
 19    -0.245 52897.23916280 17.12  86.351992  68.576157 12.227
 19    -0.175 52897.23916344 17.69  86.348092  68.573127 12.227
 19    -0.495 52897.23916408 19.57  86.344182  68.570097 12.227
 19    -0.149 52897.23916473 19.79  86.340282  68.567067 12.227
 19     0.011 52897.23916537 18.78  86.336392  68.564037 12.227
 19     0.251 52897.23916602 19.69  86.332492  68.561009 19.701
 19     0.370 52897.23916666 21.16  86.328592  68.557979 19.701
 19     0.323 52897.23916731 21.68  86.324692  68.554949 19.701
 19     0.520 52897.23916795 18.83  86.320802  68.551919 19.701
 19     0.512 52897.23916860 22.93  86.316902  68.548879 19.701
 20    41.895 52932.23910334 21.46  86.378767  68.607037  4.814
 20    41.644 52932.23910399 20.04  86.374857  68.604007  4.814
 20    38.725 52932.23910463 18.90  86.370947  68.600977  4.814
 20    37.746 52932.23910528 17.24  86.367037  68.597947  4.814
 20    39.022 52932.23910592 15.56  86.363127  68.594917  4.814
 20    35.205 52932.23910657 14.80  86.359217  68.591877  4.814
 20    33.384 52932.23910721 13.07  86.355317  68.588857  4.814
 20    32.238 52932.23910786 12.82  86.351407  68.585817  4.814
 20    29.156 52932.23910850 13.79  86.347507  68.582787  4.814
 20    24.683 52932.23910915 15.37  86.343607  68.579757  4.814
 20    22.776 52932.23910979 15.58  86.339697  68.576727  4.814
 20    23.147 52932.23911043 15.79  86.335797  68.573697  4.814
 20    23.191 52932.23911108 16.44  86.331897  68.570667  4.814
 20    24.057 52932.23911172 16.68  86.327997  68.567637  4.814
 20    24.364 52932.23911237 16.82  86.324107  68.564607  4.814
 20    23.655 52932.23911301 18.40  86.320207  68.561577  4.814
 20    25.253 52932.23911366 16.84  86.316309  68.558543  7.338
 21    38.796 52967.23910839 14.33  86.395317  68.592779  4.284
 21    38.217 52967.23910904 13.78  86.391407  68.589759  4.284
 21    36.854 52967.23910968 11.96  86.387497  68.586729  4.284
 21    35.622 52967.23911033 11.60  86.383587  68.583689  4.284
 21    33.084 52967.23911097 11.32  86.379687  68.580669  4.284
 21    31.364 52967.23911162 12.43  86.375777  68.577639  4.284
 21    29.211 52967.23911226 13.05  86.371867  68.574599  4.284
 21    -0.420 52967.23911419 20.59  86.360157  68.565509  4.284
 21     1.923 52967.23911484 19.72  86.356257  68.562479  4.284
 21     2.361 52967.23911548 20.17  86.352357  68.559449  4.284
 21     3.287 52967.23911613 19.47  86.348457  68.556419  4.284
 21     3.883 52967.23911677 18.57  86.344557  68.553389  4.284
 21     4.738 52967.23911742 18.32  86.340664  68.550366  4.452
 21     5.883 52967.23911806 17.28  86.336764  68.547336  4.452
 21     6.119 52967.23911871 17.63  86.332874  68.544296  4.452
 21    24.786 52967.23911935 16.95  86.328974  68.541266  4.452
 21    22.931 52967.23912000 16.09  86.325084  68.538236  4.452
 21    20.681 52967.23912064 16.36  86.321184  68.535206  4.452
 21    27.509 52967.23912129 15.59  86.317294  68.532176  4.452
 22    39.312 53002.23913304 12.58  86.385931  68.604096  4.220
 22    39.423 53002.23913368 10.29  86.382021  68.601066  4.220
 22    37.729 53002.23913433 10.76  86.378111  68.598036  4.220
 22    37.007 53002.23913497  9.34  86.374191  68.595006  4.220
 22    36.029 53002.23913562  8.67  86.370291  68.591976  4.220
 22    34.746 53002.23913626  8.11  86.366381  68.588946  4.220
 22    32.919 53002.23913691  8.69  86.362471  68.585916  4.220
 22    30.027 53002.23913755 10.67  86.358561  68.582896  4.220
 22    20.855 53002.23913820 12.56  86.354661  68.579856  4.220
 22     1.863 53002.23913949 15.48  86.346851  68.573796  4.220
 22     3.037 53002.23914013 15.17  86.342951  68.570766  4.220
 22     4.315 53002.23914077 14.46  86.339051  68.567736  4.220
 22     6.048 53002.23914142 14.20  86.335151  68.564706  4.220
 22     6.128 53002.23914206 13.75  86.331250  68.561681  2.936
 22     6.978 53002.23914271 13.09  86.327350  68.558651  2.936
 22     7.064 53002.23914335 12.69  86.323460  68.555611  2.936
 22    13.457 53002.23914400 12.37  86.319560  68.552581  2.936
 23    39.469 53037.23908199  9.14  86.378571  68.605673  3.950
 23    38.815 53037.23908263  8.58  86.374661  68.602653  3.950
 23    37.588 53037.23908328  8.05  86.370751  68.599613  3.950
 23    36.687 53037.23908392  6.92  86.366841  68.596583  3.950
 23    35.463 53037.23908457  6.53  86.362941  68.593563  3.950
 23    34.670 53037.23908521  6.11  86.359031  68.590523  3.950
 23    32.407 53037.23908586  6.29  86.355121  68.587493  3.950
 23    27.899 53037.23908650  8.55  86.351221  68.584463  3.950
 23    18.007 53037.23908715 12.06  86.347321  68.581433  3.950
 23     8.755 53037.23908779 13.65  86.343411  68.578403  3.950
 23     0.112 53037.23908844 14.17  86.339511  68.575373  3.950
 23     2.773 53037.23908908 14.09  86.335611  68.572343  3.950
 23     4.490 53037.23908972 13.31  86.331711  68.569313  3.950
 23     6.239 53037.23909037 13.02  86.327811  68.566283  3.950
 23     7.835 53037.23909101 12.57  86.323917  68.563252  2.810
 23     7.025 53037.23909166 12.47  86.320017  68.560222  2.810
 23     6.805 53037.23909230 12.03  86.316127  68.557192  2.810
 24    38.794 53072.23910742  8.23  86.387616  68.599934  3.241
 24    37.991 53072.23910806  8.42  86.383706  68.596904  3.241
 24    37.058 53072.23910871  7.56  86.379796  68.593874  3.241
 24    36.495 53072.23910935  6.48  86.375896  68.590844  3.241
 24    34.848 53072.23911000  6.31  86.371986  68.587814  3.241
 24    33.521 53072.23911064  6.17  86.368076  68.584784  3.241
 24    32.038 53072.23911129  6.00  86.364166  68.581754  3.241
 24    29.253 53072.23911193  7.37  86.360266  68.578724  3.241
 24    26.332 53072.23911258  9.15  86.356366  68.575694  3.241
 24     5.639 53072.23911322 12.05  86.352456  68.572664  3.241
 24     3.111 53072.23911387 12.35  86.348558  68.569634  2.813
 24     4.711 53072.23911451 12.07  86.344658  68.566604  2.813
 24     4.832 53072.23911516 12.30  86.340758  68.563574  2.813
 24     5.909 53072.23911580 12.07  86.336858  68.560544  2.813
 24     6.575 53072.23911644 11.47  86.332958  68.557514  2.813
 24     9.227 53072.23911709 10.91  86.329058  68.554484  2.813
 24    15.052 53072.23911773 10.57  86.325168  68.551454  2.813
 24    18.412 53072.23911838 10.44  86.321268  68.548424  2.813
 24    20.310 53072.23911902  9.78  86.317378  68.545394  2.813
 25    38.564 53107.23908211  9.04  86.378639  68.609542  3.457
 25    38.532 53107.23908276  7.98  86.374729  68.606512  3.457
 25    37.857 53107.23908340  6.65  86.370819  68.603492  3.457
 25    37.122 53107.23908405  6.00  86.366909  68.600452  3.457
 25    36.538 53107.23908469  5.66  86.362999  68.597422  3.457
 25    35.378 53107.23908534  5.29  86.359099  68.594392  3.457
 25    34.058 53107.23908598  5.70  86.355189  68.591362  3.457
 25    31.699 53107.23908662  5.94  86.351289  68.588332  3.457
 25    27.425 53107.23908727  8.57  86.347379  68.585302  3.457
 25    18.536 53107.23908791 10.13  86.343479  68.582272  3.457
 25     8.478 53107.23908856 10.89  86.339579  68.579242  3.457
 25     5.863 53107.23908920 11.74  86.335679  68.576212  3.457
 25     4.428 53107.23908985 11.61  86.331779  68.573182  3.457
 25     9.888 53107.23909049 11.36  86.327879  68.570152  3.457
 25     9.193 53107.23909114 10.56  86.323979  68.567122  3.457
 25     7.437 53107.23909178 10.62  86.320074  68.564089  3.018
 25     7.695 53107.23909243 10.28  86.316184  68.561059  3.018
 26    40.685 53142.23911617  0.38  86.393632  68.596647  3.984
 26    40.478 53142.23911682  0.21  86.389722  68.593617  3.984
 26    38.968 53142.23911746  0.75  86.385812  68.590597  3.984
 26    37.575 53142.23911811  0.91  86.381902  68.587567  3.984
 26    36.199 53142.23911875  1.42  86.377992  68.584537  3.984
 26    33.478 53142.23911940  1.68  86.374092  68.581507  3.984
 26    31.646 53142.23912004  1.73  86.370182  68.578477  3.984
 26    17.259 53142.23912069  5.69  86.366272  68.575437  3.984
 26    19.446 53142.23912133  6.56  86.362372  68.572417  3.984
 26    17.209 53142.23912198  7.73  86.358467  68.569379  3.370
 26    17.800 53142.23912262  7.71  86.354567  68.566349  3.370
 26    19.073 53142.23912327  7.40  86.350667  68.563319  3.370
 26    19.645 53142.23912391  7.33  86.346767  68.560289  3.370
 26    21.065 53142.23912456  6.34  86.342867  68.557259  3.370
 26    22.541 53142.23912520  6.00  86.338967  68.554229  3.370
 26    23.418 53142.23912584  5.51  86.335067  68.551199  3.370
 26    25.110 53142.23912649  4.70  86.331177  68.548169  3.370
 26    28.811 53142.23912713  4.06  86.327277  68.545139  3.370
 26    29.355 53142.23912778  3.76  86.323387  68.542109  3.370
 26    30.357 53142.23912842  3.58  86.319487  68.539069  3.370
 28    39.977 53212.23916074 11.39  86.386273  68.600067 12.000
 28    39.808 53212.23916139  9.70  86.382363  68.597037 12.000
 28    38.052 53212.23916203  9.42  86.378453  68.594007 12.000
 28    36.036 53212.23916268  9.49  86.374543  68.590977 12.000
 28    33.346 53212.23916332 10.99  86.370643  68.587947 12.000
 28     2.230 53212.23916397 11.59  86.366733  68.584917 12.000
 28     3.326 53212.23916461 11.20  86.362823  68.581887 12.000
 28     3.190 53212.23916526 11.78  86.358923  68.578847 12.000
 28    11.061 53212.23916590 11.37  86.355023  68.575817 12.000
 28     6.004 53212.23916654 10.90  86.351113  68.572787 12.000
 28     6.202 53212.23916719 11.24  86.347213  68.569757 12.000
 28     6.710 53212.23916783 11.54  86.343313  68.566727 12.000
 28     6.205 53212.23916848 11.73  86.339413  68.563697 12.000
 28    10.517 53212.23916912 11.04  86.335515  68.560671 13.464
 28    14.120 53212.23916977 10.54  86.331615  68.557641 13.464
 28    20.538 53212.23917041 10.03  86.327725  68.554601 13.464
 28    20.310 53212.23917106  9.97  86.323825  68.551571 13.464
 28    21.679 53212.23917170  9.68  86.319925  68.548541 13.464
 28    27.964 53212.23917235  9.54  86.316035  68.545511 13.464
 29    42.811 53247.23912882 15.91  86.385672  68.603538 15.642
 29    44.424 53247.23912947  8.74  86.381762  68.600508 15.642
 29    39.550 53247.23913011 10.48  86.377852  68.597468 15.642
 29    36.972 53247.23913076 10.97  86.373942  68.594448 15.642
 29     2.071 53247.23913140 11.85  86.370032  68.591418 15.642
 29     2.186 53247.23913205 12.41  86.366122  68.588378 15.642
 29     1.502 53247.23913269 13.89  86.362222  68.585348 15.642
 29     1.912 53247.23913334 13.63  86.358312  68.582318 15.642
 29    30.328 53247.23913398  5.17  86.354412  68.579288 15.642
 29    26.214 53247.23913462  5.74  86.350512  68.576258 15.642
 29    19.678 53247.23913527 10.50  86.346602  68.573228 15.642
 29    18.946 53247.23913591 13.07  86.342702  68.570198 15.642
 29    19.740 53247.23913656 12.38  86.338802  68.567168 15.642
 29    20.455 53247.23913720 12.73  86.334906  68.564140 13.809
 29    21.130 53247.23913785 12.85  86.331006  68.561110 13.809
 29    21.842 53247.23913849 11.77  86.327116  68.558080 13.809
 29    25.199 53247.23913914 11.38  86.323216  68.555040 13.809
 29    22.599 53247.23913978 12.15  86.319316  68.552010 13.809
 30    40.108 53282.23911880 16.31  86.393845  68.594045  9.861
 30    39.081 53282.23911944 13.55  86.389935  68.591015  9.861
 30    37.803 53282.23912009 13.39  86.386025  68.587985  9.861
 30    35.199 53282.23912073 13.45  86.382115  68.584955  9.861
 30    33.497 53282.23912138 14.00  86.378205  68.581925  9.861
 30    29.878 53282.23912202 13.88  86.374295  68.578895  9.861
 30     9.472 53282.23912266 14.34  86.370395  68.575865  9.861
 30    29.066 53282.23912331  8.54  86.366485  68.572835  9.861
 30    30.084 53282.23912395  8.92  86.362578  68.569802  6.444
 30    17.916 53282.23912460 12.79  86.358678  68.566772  6.444
 30    17.154 53282.23912524 14.75  86.354778  68.563742  6.444
 30    17.141 53282.23912589 16.05  86.350868  68.560712  6.444
 30    18.000 53282.23912653 15.99  86.346968  68.557682  6.444
 30    18.978 53282.23912718 15.29  86.343068  68.554652  6.444
 30    19.579 53282.23912782 15.36  86.339178  68.551622  6.444
 30    19.156 53282.23912847 15.86  86.335278  68.548592  6.444
 30    24.951 53282.23912911 15.24  86.331378  68.545562  6.444
 30    26.286 53282.23912976 15.64  86.327488  68.542522  6.444
 30    26.802 53282.23913040 15.33  86.323588  68.539492  6.444
 30    27.196 53282.23913105 15.86  86.319698  68.536462  6.444
 31    39.659 53317.23912362  9.87  86.391174  68.595450 11.225
 31    38.787 53317.23912426  8.54  86.387264  68.592420 11.225
 31    37.753 53317.23912491  7.33  86.383364  68.589390 11.225
 31    36.731 53317.23912555  6.32  86.379454  68.586360 11.225
 31    35.459 53317.23912620  6.24  86.375544  68.583330 11.225
 31     0.280 53317.23913006 24.29  86.352118  68.565140  4.181
 31     0.530 53317.23913071 22.10  86.348218  68.562110  4.181
 31     0.704 53317.23913135 22.39  86.344318  68.559080  4.181
 31     0.651 53317.23913200 21.44  86.340428  68.556050  4.181
 31     0.848 53317.23913264 21.28  86.336528  68.553020  4.181
 31     0.936 53317.23913329 21.74  86.332628  68.549990  4.181
 31     0.904 53317.23913393 21.19  86.328738  68.546960  4.181
 31     1.013 53317.23913458 20.93  86.324838  68.543930  4.181
 31     1.098 53317.23913522 21.03  86.320948  68.540900  4.181
 31     1.150 53317.23913587 20.61  86.317058  68.537870  4.181
 32    39.713 53352.23908802  9.24  86.388988  68.602750  3.499
 32    38.590 53352.23908867  8.41  86.385068  68.599720  3.499
 32    37.920 53352.23908931  7.89  86.381168  68.596690  3.499
 32    37.407 53352.23908996  6.33  86.377258  68.593660  3.499
 32    36.622 53352.23909060  5.83  86.373348  68.590630  3.499
 32    35.069 53352.23909125  5.59  86.369438  68.587600  3.499
 32    33.743 53352.23909189  5.61  86.365538  68.584570  3.499
 32    32.196 53352.23909254  5.43  86.361628  68.581530  3.499
 32    28.292 53352.23909318  7.62  86.357728  68.578500  3.499
 32     2.724 53352.23909447 13.10  86.349918  68.572440  3.499
 32     3.023 53352.23909512 14.17  86.346018  68.569410  3.499
 32     3.706 53352.23909576 13.68  86.342126  68.566385  3.640
 32     5.158 53352.23909640 13.25  86.338226  68.563355  3.640
 32     4.909 53352.23909705 13.17  86.334326  68.560315  3.640
 32     5.664 53352.23909769 12.88  86.330426  68.557285  3.640
 32     6.251 53352.23909834 12.50  86.326536  68.554255  3.640
 32     7.112 53352.23909898 12.44  86.322636  68.551225  3.640
 32    17.587 53352.23909963 11.98  86.318746  68.548195  3.640
 33    38.403 53387.23908037  7.68  86.396157  68.593612  3.378
 33    38.717 53387.23908101  7.05  86.392247  68.590582  3.378
 33    36.517 53387.23908166  6.37  86.388337  68.587552  3.378
 33    35.353 53387.23908230  6.32  86.384427  68.584522  3.378
 33    33.716 53387.23908295  5.86  86.380517  68.581492  3.378
 33    31.706 53387.23908359  6.25  86.376617  68.578462  3.378
 33    29.389 53387.23908424  8.94  86.372707  68.575432  3.378
 33    14.224 53387.23908488 10.94  86.368797  68.572402  3.378
 33     0.125 53387.23908617 14.16  86.360992  68.566338  2.872
 33     0.349 53387.23908682 14.37  86.357092  68.563308  2.872
 33     2.928 53387.23908746 13.00  86.353192  68.560278  2.872
 33     2.815 53387.23908810 13.34  86.349292  68.557248  2.872
 33     4.077 53387.23908875 12.70  86.345392  68.554218  2.872
 33     4.662 53387.23908939 12.35  86.341492  68.551188  2.872
 33     5.579 53387.23909004 12.01  86.337592  68.548158  2.872
 33     6.018 53387.23909068 11.43  86.333702  68.545128  2.872
 33    16.317 53387.23909133 11.26  86.329802  68.542098  2.872
 33    19.417 53387.23909197 10.96  86.325912  68.539068  2.872
 33    20.366 53387.23909262 11.05  86.322012  68.536038  2.872
 33    22.977 53387.23909326 10.83  86.318122  68.532998  2.872
 34    38.804 53422.23908189  8.15  86.390084  68.595964  3.193
 34    37.311 53422.23908253  8.08  86.386184  68.592934  3.193
 34    36.463 53422.23908318  7.21  86.382274  68.589904  3.193
 34    35.269 53422.23908382  6.69  86.378364  68.586874  3.193
 34    34.165 53422.23908447  6.47  86.374454  68.583844  3.193
 34    32.160 53422.23908511  6.15  86.370554  68.580814  3.193
 34    29.791 53422.23908576  6.12  86.366644  68.577784  3.193
 34    18.646 53422.23908640 10.88  86.362744  68.574744  3.193
 34    15.666 53422.23908705 11.54  86.358844  68.571714  3.193
 34     1.392 53422.23908769 12.92  86.354944  68.568684  3.193
 34     3.326 53422.23908834 12.48  86.351045  68.565662  2.390
 34     4.064 53422.23908898 12.32  86.347145  68.562622  2.390
 34     4.194 53422.23908963 11.80  86.343245  68.559592  2.390
 34     6.070 53422.23909027 11.34  86.339345  68.556562  2.390
 34     5.603 53422.23909091 11.23  86.335445  68.553532  2.390
 34     5.916 53422.23909156 11.18  86.331555  68.550502  2.390
 34    16.125 53422.23909220 10.61  86.327655  68.547472  2.390
 34    19.279 53422.23909285 10.22  86.323765  68.544442  2.390
 34    19.651 53422.23909349 10.07  86.319875  68.541412  2.390
 35    37.550 53457.23908823  5.47  86.396984  68.589148  2.850
 35    36.314 53457.23908887  5.07  86.393074  68.586118  2.850
 35    34.973 53457.23908951  4.84  86.389164  68.583088  2.850
 35    33.372 53457.23909016  4.76  86.385254  68.580058  2.850
 35    31.393 53457.23909080  4.87  86.381354  68.577028  2.850
 35    30.242 53457.23909145  5.03  86.377444  68.573998  2.850
 35    27.763 53457.23909209  5.00  86.373544  68.570968  2.850
 35     0.467 53457.23909403 12.21  86.361834  68.561874  3.265
 35     0.630 53457.23909467 12.21  86.357934  68.558844  3.265
 35     1.709 53457.23909532 11.92  86.354034  68.555814  3.265
 35     0.705 53457.23909596 11.96  86.350134  68.552784  3.265
 35     4.202 53457.23909661 11.25  86.346234  68.549754  3.265
 35     0.765 53457.23909725 11.05  86.342334  68.546724  3.265
 35     5.051 53457.23909790 10.61  86.338444  68.543694  3.265
 35     7.434 53457.23909854 10.05  86.334544  68.540664  3.265
 35    16.931 53457.23909918 10.04  86.330654  68.537624  3.265
 35    16.723 53457.23909983  9.68  86.326754  68.534594  3.265
 35    21.825 53457.23910047  9.45  86.322864  68.531564  3.265
 35    21.532 53457.23910112  9.34  86.318974  68.528534  3.265
 36    40.127 53492.23917179  4.63  86.386323  68.600109  3.114
 36    39.363 53492.23917243  4.54  86.382413  68.597069  3.114
 36    38.306 53492.23917308  4.67  86.378503  68.594049  3.114
 36    36.859 53492.23917372  5.04  86.374593  68.591019  3.114
 36    35.867 53492.23917436  5.43  86.370683  68.587989  3.114
 36    33.562 53492.23917501  5.53  86.366773  68.584959  3.114
 36    32.010 53492.23917565  5.49  86.362873  68.581929  3.114
 36    29.437 53492.23917630  5.77  86.358963  68.578889  3.114
 36    26.608 53492.23917694  5.62  86.355063  68.575859  3.114
 36    22.282 53492.23917759  8.50  86.351153  68.572839  3.114
 36    22.089 53492.23917823  8.36  86.347258  68.569799  2.134
 36    21.168 53492.23917888  9.57  86.343348  68.566769  2.134
 36    21.387 53492.23917952  9.57  86.339448  68.563739  2.134
 36    21.941 53492.23918017  9.65  86.335548  68.560709  2.134
 36    22.050 53492.23918081  9.61  86.331658  68.557679  2.134
 36    22.571 53492.23918146  9.22  86.327758  68.554649  2.134
 36    25.845 53492.23918210  8.83  86.323858  68.551619  2.134
 36    26.286 53492.23918275  8.74  86.319968  68.548589  2.134
 36    28.401 53492.23918339  8.31  86.316068  68.545559  2.134
 37    39.945 53527.23915246 17.82  86.390398  68.596895 11.019
 37    37.464 53527.23915311 18.17  86.386478  68.593855 11.019
 37    11.849 53527.23915375 19.68  86.382578  68.590825 11.019
 37    10.240 53527.23915440 22.58  86.378668  68.587805 11.019
 37    10.135 53527.23915504 22.72  86.374758  68.584765 11.019
 37    10.126 53527.23915569 23.26  86.370848  68.581735 11.019
 37     9.838 53527.23915633 22.68  86.366948  68.578705 11.019
 37     9.719 53527.23915697 22.93  86.363038  68.575675 11.019
 37     9.335 53527.23915762 22.87  86.359138  68.572645 11.019
 37     9.695 53527.23915826 22.20  86.355238  68.569615 11.019
 37     9.559 53527.23915891 23.16  86.351336  68.566591 14.625
 37     9.513 53527.23915955 23.02  86.347436  68.563551 14.625
 37     9.845 53527.23916020 22.79  86.343536  68.560521 14.625
 37     9.915 53527.23916084 22.71  86.339636  68.557491 14.625
 37    10.133 53527.23916149 22.62  86.335746  68.554461 14.625
 37    10.419 53527.23916213 22.07  86.331846  68.551431 14.625
 37    20.838 53527.23916278 21.82  86.327956  68.548401 14.625
 37    21.189 53527.23916342 21.62  86.324056  68.545371 14.625
 37    10.970 53527.23916407 25.74  86.320166  68.542341 14.625
 38    43.182 53562.23918037 15.04  86.383658  68.605154 12.697
 38    43.258 53562.23918101 10.74  86.379738  68.602124 12.697
 38    40.942 53562.23918166  9.22  86.375828  68.599104 12.697
 38    38.736 53562.23918230  9.45  86.371918  68.596074 12.697
 38    35.663 53562.23918295 10.37  86.368018  68.593034 12.697
 38    33.561 53562.23918359 10.55  86.364108  68.590004 12.697
 38    28.409 53562.23918424 11.30  86.360198  68.586974 12.697
 38     9.850 53562.23918488 12.28  86.356298  68.583944 12.697
 38    13.022 53562.23918553 10.08  86.352388  68.580914 12.697
 38    26.392 53562.23918617  6.74  86.348488  68.577884 12.697
 38    22.217 53562.23918681  9.16  86.344578  68.574854 12.697
 38    17.485 53562.23918746 10.63  86.340678  68.571824 12.697
 38    17.300 53562.23918810 10.76  86.336781  68.568800  9.693
 38    20.493 53562.23918875 10.34  86.332881  68.565770  9.693
 38    22.342 53562.23918939 10.39  86.328981  68.562730  9.693
 38    23.658 53562.23919004 10.29  86.325081  68.559700  9.693
 38    22.267 53562.23919068 10.93  86.321191  68.556670  9.693
 38    13.637 53562.23919133 18.70  86.317291  68.553640  9.693
 39    38.309 53597.23912172 10.40  86.378284  68.596106 16.188
 39    36.188 53597.23912236 11.18  86.374374  68.593076 16.188
 39     1.286 53597.23912301 12.14  86.370464  68.590056 16.188
 39     1.188 53597.23912365 13.30  86.366564  68.587016 16.188
 39     2.182 53597.23912429 13.79  86.362654  68.583986 16.188
 39     1.053 53597.23912494 14.55  86.358754  68.580956 16.188
 39     1.753 53597.23912558 13.51  86.354844  68.577926 16.188
 39     1.674 53597.23912623 13.36  86.350944  68.574896 16.188
 39     1.769 53597.23912687 13.93  86.347044  68.571866 16.188
 39     1.557 53597.23912752 15.43  86.343141  68.568840 18.698
 39     2.352 53597.23912816 13.91  86.339241  68.565810 18.698
 39     1.646 53597.23912881 14.84  86.335351  68.562780 18.698
 39     0.393 53597.23912945 18.04  86.331451  68.559740 18.698
 39     0.629 53597.23913010 16.53  86.327551  68.556710 18.698
 39     7.038 53597.23913074 15.80  86.323661  68.553680 18.698
 39     7.362 53597.23913139 18.20  86.319761  68.550650 18.698
 39     7.300 53597.23913203 17.88  86.315871  68.547620 18.698
 40    37.802 53632.23911670 19.58  86.395116  68.593577 10.608
 40    39.184 53632.23911734 10.15  86.391206  68.590547 10.608
 40    38.055 53632.23911799  8.10  86.387296  68.587517 10.608
 40    36.942 53632.23911863  7.76  86.383386  68.584487 10.608
 40    35.626 53632.23911928  8.15  86.379476  68.581457 10.608
 40    33.025 53632.23911992  7.41  86.375566  68.578427 10.608
 40    30.605 53632.23912056  7.55  86.371666  68.575397 10.608
 40    27.514 53632.23912121  8.41  86.367756  68.572367 10.608
 40    19.721 53632.23912185  9.55  86.363846  68.569337 10.608
 40    18.395 53632.23912250 10.77  86.359952  68.566304  9.465
 40    17.978 53632.23912314 12.21  86.356042  68.563274  9.465
 40    18.422 53632.23912379 13.13  86.352142  68.560244  9.465
 40    19.266 53632.23912443 12.80  86.348242  68.557214  9.465
 40    19.393 53632.23912508 13.58  86.344342  68.554184  9.465
 40    20.085 53632.23912572 13.66  86.340442  68.551154  9.465
 40    20.156 53632.23912637 13.82  86.336542  68.548124  9.465
 40    21.289 53632.23912701 12.67  86.332652  68.545094  9.465
 40    21.587 53632.23912766 12.77  86.328752  68.542064  9.465
 40    22.266 53632.23912830 13.86  86.324862  68.539024  9.465
 40    22.238 53632.23912895 16.75  86.320962  68.535994  9.465
 40    22.638 53632.23912959 16.89  86.317072  68.532964  9.465
 41    41.262 53667.23913803 16.31  86.388925  68.601389  4.567
 41    38.971 53667.23913868 15.30  86.385005  68.598369  4.567
 41    38.509 53667.23913932 13.80  86.381095  68.595329  4.567
 41    37.573 53667.23913997 12.82  86.377185  68.592299  4.567
 41    36.462 53667.23914061 11.76  86.373285  68.589279  4.567
 41    34.882 53667.23914126 11.23  86.369375  68.586239  4.567
 41    33.598 53667.23914190 11.07  86.365465  68.583209  4.567
 41    31.784 53667.23914254 10.93  86.361565  68.580189  4.567
 41    27.323 53667.23914319 12.52  86.357655  68.577149  4.567
 41    25.944 53667.23914383 13.22  86.353755  68.574119  4.567
 41    20.259 53667.23914448 14.29  86.349845  68.571089  4.567
 41    20.548 53667.23914512 13.73  86.345949  68.568059  4.534
 41    20.040 53667.23914577 13.90  86.342049  68.565029  4.534
 41    20.675 53667.23914641 13.34  86.338149  68.561999  4.534
 41    20.719 53667.23914706 14.50  86.334249  68.558969  4.534
 41    20.354 53667.23914770 13.95  86.330349  68.555939  4.534
 41    21.505 53667.23914835 13.14  86.326449  68.552909  4.534
 41    21.057 53667.23914899 14.76  86.322559  68.549879  4.534
 41    27.564 53667.23914964 13.74  86.318659  68.546849  4.534
 42    40.278 53702.23908477  9.85  86.390039  68.602032  5.434
 42    41.100 53702.23908541  7.67  86.386119  68.599002  5.434
 42    38.998 53702.23908606  6.90  86.382209  68.595972  5.434
 42    39.306 53702.23908670  6.37  86.378309  68.592942  5.434
 42    36.569 53702.23908735  6.35  86.374399  68.589912  5.434
 42    35.274 53702.23908799  5.76  86.370489  68.586882  5.434
 42    33.902 53702.23908863  5.44  86.366589  68.583852  5.434
 42    31.991 53702.23908928  5.61  86.362679  68.580822  5.434
 42    -0.505 53702.23909186 20.80  86.347069  68.568702  5.434
 42    -0.456 53702.23909250 20.42  86.343175  68.565677  2.968
 42    -0.433 53702.23909315 19.53  86.339275  68.562647  2.968
 42    -0.447 53702.23909379 18.53  86.335375  68.559607  2.968
 42    -0.282 53702.23909444 17.99  86.331485  68.556577  2.968
 42    -0.352 53702.23909508 17.51  86.327585  68.553547  2.968
 42    -0.158 53702.23909573 17.38  86.323685  68.550517  2.968
 42    -0.429 53702.23909637 17.23  86.319795  68.547487  2.968
 43    39.702 53737.23899382  7.61  86.382284  68.607947  3.638
 43    38.971 53737.23899446  7.42  86.378374  68.604917  3.638
 43    38.544 53737.23899511  6.89  86.374464  68.601887  3.638
 43    37.301 53737.23899575  5.93  86.370564  68.598857  3.638
 43    36.627 53737.23899640  5.83  86.366654  68.595827  3.638
 43    35.219 53737.23899704  5.33  86.362744  68.592787  3.638
 43    34.064 53737.23899768  4.99  86.358844  68.589757  3.638
 43    33.517 53737.23899833  5.01  86.354934  68.586727  3.638
 43    29.944 53737.23899897  5.28  86.351034  68.583697  3.638
 43    -0.955 53737.23900155 15.12  86.335434  68.571577  3.638
 43    -1.121 53737.23900220 14.58  86.331530  68.568545  2.363
 43    -1.001 53737.23900284 14.11  86.327640  68.565515  2.363
 43    -0.859 53737.23900349 13.03  86.323740  68.562485  2.363
 43     5.223 53737.23900413 12.82  86.319840  68.559455  2.363
 43    -0.669 53737.23900478 12.62  86.315950  68.556425  2.363
 44    38.317 53772.23900513  6.13  86.393016  68.593338  3.254
 44    37.462 53772.23900577  5.83  86.389096  68.590298  3.254
 44    36.310 53772.23900642  5.62  86.385196  68.587268  3.254
 44    34.781 53772.23900706  5.68  86.381286  68.584248  3.254
 44    33.231 53772.23900771  5.50  86.377376  68.581218  3.254
 44    30.241 53772.23900835  5.35  86.373476  68.578178  3.254
 44    28.716 53772.23900899  7.26  86.369566  68.575158  3.254
 44    17.404 53772.23900964 10.38  86.365666  68.572118  3.254
 44    -0.565 53772.23901093 14.58  86.357856  68.566058  3.254
 44    -0.777 53772.23901157 14.07  86.353961  68.563027  2.812
 44    -0.533 53772.23901222 13.57  86.350061  68.559997  2.812
 44    -0.523 53772.23901286 13.16  86.346161  68.556967  2.812
 44    -0.910 53772.23901351 12.92  86.342261  68.553937  2.812
 44    -0.408 53772.23901415 12.31  86.338361  68.550907  2.812
 44    -0.791 53772.23901480 12.23  86.334471  68.547877  2.812
 44    -0.954 53772.23901544 11.35  86.330571  68.544847  2.812
 44    -0.969 53772.23901609 11.14  86.326681  68.541817  2.812
 44    -0.492 53772.23901673 11.20  86.322791  68.538787  2.812
 44    -0.863 53772.23901738 11.19  86.318901  68.535757  2.812
 45    40.110 53807.23899223  6.63  86.386153  68.605187  3.131
 45    39.417 53807.23899287  5.57  86.382243  68.602157  3.131
 45    37.832 53807.23899352  5.21  86.378333  68.599127  3.131
 45    37.812 53807.23899416  4.83  86.374423  68.596097  3.131
 45    36.408 53807.23899481  4.67  86.370513  68.593067  3.131
 45    35.066 53807.23899545  4.53  86.366603  68.590037  3.131
 45    34.783 53807.23899610  4.23  86.362703  68.586997  3.131
 45    31.976 53807.23899674  4.53  86.358793  68.583967  3.131
 45    29.648 53807.23899739  5.49  86.354893  68.580937  3.131
 45     0.108 53807.23899868 12.39  86.347093  68.574877  3.131
 45    -0.180 53807.23899932 13.01  86.343183  68.571847  3.131
 45    -1.007 53807.23899997 13.43  86.339290  68.568820  2.656
 45     0.153 53807.23900061 12.54  86.335390  68.565790  2.656
 45    -0.300 53807.23900126 12.10  86.331490  68.562750  2.656
 45     0.282 53807.23900190 11.66  86.327590  68.559720  2.656
 45    -0.063 53807.23900254 11.46  86.323700  68.556690  2.656
 45     5.323 53807.23900319 10.99  86.319800  68.553660  2.656
 45     5.397 53807.23900383 10.51  86.315910  68.550630  2.656
 47    13.460 53877.23906526  4.76  86.374980  68.581370  5.121
 47     0.508 53877.23906784 14.59  86.359360  68.569240  5.121
 47     0.580 53877.23906848 13.23  86.355463  68.566210  3.117
 47     0.715 53877.23906912 12.35  86.351563  68.563180  3.117
 47     0.875 53877.23906977 11.84  86.347663  68.560150  3.117
 47     0.690 53877.23907041 11.56  86.343763  68.557120  3.117
 47     1.076 53877.23907106 10.95  86.339863  68.554090  3.117
 47     1.031 53877.23907170 10.50  86.335963  68.551060  3.117
 47     1.263 53877.23907235  9.57  86.332073  68.548030  3.117
 47     1.543 53877.23907299  9.08  86.328173  68.545000  3.117
 47     1.490 53877.23907364  9.08  86.324283  68.541970  3.117
 47     1.268 53877.23907428  8.78  86.320393  68.538940  3.117
 48    45.291 53912.23911277 12.80  86.386422  68.599178 12.750
 48    39.314 53912.23911342 10.06  86.382502  68.596148 12.750
 48    39.170 53912.23911406  9.43  86.378602  68.593118 12.750
 48    36.757 53912.23911471 10.47  86.374692  68.590088 12.750
 48    33.758 53912.23911535 11.20  86.370782  68.587058 12.750
 48    30.478 53912.23911600 10.96  86.366872  68.584028 12.750
 48    13.338 53912.23911664 11.95  86.362962  68.580998 12.750
 48    13.297 53912.23911728 12.07  86.359062  68.577968 12.750
 48    18.735 53912.23911793 11.12  86.355152  68.574938 12.750
 48    19.517 53912.23911857 11.24  86.351252  68.571908 12.750
 48    19.941 53912.23911922 11.31  86.347352  68.568878 12.750
 48    20.629 53912.23911986 11.26  86.343452  68.565848 12.750
 48    20.724 53912.23912051 10.71  86.339542  68.562814 11.947
 48    21.070 53912.23912115 10.96  86.335652  68.559784 11.947
 48    22.242 53912.23912180 10.91  86.331752  68.556754 11.947
 48    22.107 53912.23912244 10.97  86.327852  68.553724 11.947
 48    24.870 53912.23912309 10.86  86.323952  68.550694 11.947
 48    22.482 53912.23912373 12.61  86.320062  68.547664 11.947
 48    22.590 53912.23912438 15.14  86.316162  68.544634 11.947
 49    34.284 53947.23912906 16.40  86.374792  68.598307  7.679
 49     0.704 53947.23912971 15.69  86.370872  68.595267  7.679
 49     0.474 53947.23913035 17.27  86.366972  68.592237  7.679
 49     0.442 53947.23913100 17.90  86.363062  68.589217  7.679
 49    -0.260 53947.23913164 18.75  86.359152  68.586177  7.679
 49    -0.160 53947.23913229 18.90  86.355252  68.583147  7.679
 49     0.144 53947.23913293 17.70  86.351342  68.580117  7.679
 49     0.057 53947.23913358 18.59  86.347442  68.577087  7.679
 49     0.069 53947.23913422 18.56  86.343532  68.574057  7.679
 49    -0.084 53947.23913486 18.98  86.339632  68.571027  7.679
 49     0.092 53947.23913551 19.00  86.335733  68.568003 14.179
 49     0.380 53947.23913615 18.06  86.331833  68.564963 14.179
 49     6.447 53947.23913680 16.23  86.327933  68.561933 14.179
 49     6.446 53947.23913744 16.33  86.324033  68.558903 14.179
 49    13.510 53947.23913809 13.37  86.320143  68.555873 14.179
 49    13.638 53947.23913873 16.33  86.316243  68.552843 14.179
 50    42.242 53982.23907063 21.16  86.384729  68.605920 10.675
 50    41.816 53982.23907127 13.10  86.380819  68.602890 10.675
 50    41.122 53982.23907192 11.12  86.376899  68.599850 10.675
 50    40.264 53982.23907256  9.67  86.372999  68.596830 10.675
 50    38.912 53982.23907321  8.14  86.369089  68.593800 10.675
 50    37.703 53982.23907385  6.81  86.365179  68.590760 10.675
 50    35.378 53982.23907450  6.82  86.361269  68.587740 10.675
 50    32.577 53982.23907514  7.31  86.357369  68.584700 10.675
 50    29.299 53982.23907579  7.96  86.353469  68.581670 10.675
 50    24.181 53982.23907643  9.77  86.349559  68.578640 10.675
 50    18.604 53982.23907708 11.53  86.345659  68.575610 10.675
 50    21.196 53982.23907772 11.74  86.341759  68.572580 10.675
 50    21.011 53982.23907837 11.47  86.337859  68.569550 10.675
 50    22.196 53982.23907901 11.48  86.333954  68.566523 11.532
 50    21.166 53982.23907966 12.12  86.330054  68.563493 11.532
 50    21.535 53982.23908030 13.74  86.326164  68.560453 11.532
 50    26.290 53982.23908094 12.51  86.322264  68.557423 11.532
 50    20.010 53982.23908159 19.28  86.318374  68.554393 11.532
 51    39.409 54017.23909893 14.62  86.395136  68.590905 10.177
 51    38.279 54017.23909957 13.86  86.391226  68.587885 10.177
 51    36.877 54017.23910022 13.36  86.387316  68.584855 10.177
 51    35.357 54017.23910086 11.94  86.383406  68.581825 10.177
 51    33.329 54017.23910151 11.80  86.379506  68.578795 10.177
 51    31.159 54017.23910215 12.19  86.375596  68.575765 10.177
 51    29.379 54017.23910280 11.79  86.371696  68.572735 10.177
 51    26.075 54017.23910344 12.17  86.367786  68.569705 10.177
 51    16.680 54017.23910409 16.00  86.363886  68.566675 10.177
 51    16.817 54017.23910473 16.62  86.359979  68.563638  7.214
 51    17.299 54017.23910538 17.64  86.356079  68.560608  7.214
 51    19.649 54017.23910602 16.75  86.352179  68.557578  7.214
 51    21.904 54017.23910667 16.63  86.348279  68.554548  7.214
 51    22.903 54017.23910731 16.96  86.344379  68.551518  7.214
 51    24.034 54017.23910796 15.40  86.340489  68.548488  7.214
 51    25.194 54017.23910860 16.17  86.336589  68.545458  7.214
 51    25.987 54017.23910924 15.45  86.332689  68.542428  7.214
 51    26.438 54017.23910989 16.58  86.328799  68.539398  7.214
 51    27.289 54017.23911053 17.09  86.324909  68.536358  7.214
 51    27.887 54017.23911118 17.28  86.321009  68.533328  7.214
 52    39.581 54052.23909455 10.97  86.395073  68.595686  4.843
 52    38.710 54052.23909520 10.22  86.391163  68.592666  4.843
 52    37.885 54052.23909584  9.08  86.387263  68.589636  4.843
 52    36.678 54052.23909648  8.53  86.383353  68.586606  4.843
 52    35.422 54052.23909713  8.42  86.379443  68.583576  4.843
 52    32.232 54052.23909777  8.86  86.375543  68.580546  4.843
 52    -0.123 54052.23910035 22.92  86.359923  68.568416  4.843
 52     0.134 54052.23910100 21.04  86.356023  68.565386  4.843
 52     0.092 54052.23910164 20.77  86.352124  68.562354  2.831
 52     0.310 54052.23910229 19.52  86.348224  68.559324  2.831
 52     0.442 54052.23910293 19.19  86.344324  68.556294  2.831
 52     0.614 54052.23910358 18.98  86.340434  68.553264  2.831
 52     0.692 54052.23910422 18.55  86.336534  68.550234  2.831
 52     0.490 54052.23910487 18.98  86.332644  68.547204  2.831
 52     0.526 54052.23910551 18.04  86.328744  68.544174  2.831
 52     0.470 54052.23910616 18.39  86.324854  68.541144  2.831
 52     0.549 54052.23910680 17.65  86.320964  68.538114  2.831
 52     0.345 54052.23910744 17.25  86.317064  68.535074  2.831
 53    39.803 54087.23908557 10.16  86.387042  68.602163  4.095
 53    39.588 54087.23908621  8.20  86.383132  68.599123  4.095
 53    38.816 54087.23908686  6.95  86.379222  68.596103  4.095
 53    37.652 54087.23908750  6.76  86.375312  68.593073  4.095
 53    37.430 54087.23908815  5.89  86.371402  68.590033  4.095
 53    35.311 54087.23908879  6.07  86.367492  68.587013  4.095
 53    34.466 54087.23908944  5.72  86.363592  68.583983  4.095
 53    30.913 54087.23909008  5.79  86.359682  68.580943  4.095
 53    24.692 54087.23909073 11.44  86.355782  68.577913  4.095
 53     0.589 54087.23909202 15.19  86.347972  68.571853  4.095
 53     2.479 54087.23909266 15.26  86.344072  68.568823  4.095
 53     1.663 54087.23909330 14.84  86.340178  68.565798  2.455
 53     0.200 54087.23909395 14.34  86.336278  68.562768  2.455
 53     5.490 54087.23909459 13.70  86.332378  68.559728  2.455
 53     5.581 54087.23909524 13.33  86.328478  68.556698  2.455
 53     6.790 54087.23909588 12.84  86.324588  68.553668  2.455
 53     7.355 54087.23909653 12.85  86.320688  68.550638  2.455
 53     7.943 54087.23909717 12.05  86.316798  68.547608  2.455
 54    40.281 54122.23900821  9.64  86.377846  68.611424  3.330
 54    39.779 54122.23900886  8.59  86.373936  68.608394  3.330
 54    39.057 54122.23900950  8.18  86.370026  68.605364  3.330
 54    38.480 54122.23901015  7.68  86.366116  68.602334  3.330
 54    37.229 54122.23901079  7.03  86.362216  68.599304  3.330
 54    36.402 54122.23901144  5.52  86.358306  68.596274  3.330
 54    35.023 54122.23901208  5.60  86.354396  68.593244  3.330
 54    33.948 54122.23901273  5.34  86.350496  68.590214  3.330
 54    31.598 54122.23901337  5.41  86.346596  68.587184  3.330
 54    29.464 54122.23901402  6.88  86.342686  68.584154  3.330
 54    27.296 54122.23901466  7.40  86.338786  68.581124  3.330
 54     2.617 54122.23901531 12.30  86.334886  68.578094  3.330
 54     4.356 54122.23901595 12.14  86.330986  68.575064  3.330
 54     4.600 54122.23901660 12.47  86.327086  68.572034  3.330
 54     5.402 54122.23901724 12.27  86.323190  68.568999  2.681
 54     7.420 54122.23901788 11.91  86.319290  68.565969  2.681
 54     8.390 54122.23901853 11.53  86.315400  68.562939  2.681
 55    40.100 54157.23904699  5.76  86.390721  68.600804  2.850
 55    39.165 54157.23904764  5.03  86.386801  68.597784  2.850
 55    38.498 54157.23904828  4.78  86.382901  68.594754  2.850
 55    37.396 54157.23904893  4.28  86.378981  68.591724  2.850
 55    36.414 54157.23904957  4.30  86.375081  68.588694  2.850
 55    34.595 54157.23905022  3.86  86.371171  68.585664  2.850
 55    33.318 54157.23905086  4.18  86.367261  68.582634  2.850
 55    30.942 54157.23905151  4.63  86.363361  68.579604  2.850
 55    29.244 54157.23905215  4.57  86.359451  68.576564  2.850
 55     1.389 54157.23905280 10.56  86.355551  68.573534  2.850
 55     1.104 54157.23905344 11.19  86.351651  68.570504  2.850
 55     1.223 54157.23905409 11.66  86.347751  68.567474  2.850
 55     2.364 54157.23905473 11.49  86.343843  68.564451  2.503
 55    -0.028 54157.23905537 11.41  86.339943  68.561411  2.503
 55     3.533 54157.23905602 10.64  86.336053  68.558381  2.503
 55     5.049 54157.23905666 10.21  86.332153  68.555351  2.503
 55     6.999 54157.23905731  9.53  86.328253  68.552321  2.503
 55     6.747 54157.23905795  9.75  86.324363  68.549291  2.503
 55    18.590 54157.23905860  9.12  86.320463  68.546261  2.503
 55    18.760 54157.23905924  9.00  86.316573  68.543231  2.503
 56    40.057 54192.23900797  5.23  86.380902  68.607784  2.631
 56    40.021 54192.23900861  4.19  86.376992  68.604754  2.631
 56    37.968 54192.23900926  3.87  86.373082  68.601724  2.631
 56    38.384 54192.23900990  3.42  86.369172  68.598694  2.631
 56    37.240 54192.23901055  2.96  86.365272  68.595654  2.631
 56    36.875 54192.23901119  2.93  86.361362  68.592634  2.631
 56    34.577 54192.23901184  2.84  86.357451  68.589596  2.999
 56    32.311 54192.23901248  2.86  86.353551  68.586566  2.999
 56    30.746 54192.23901313  3.71  86.349651  68.583536  2.999
 56    26.231 54192.23901377  5.88  86.345741  68.580506  2.999
 56    23.045 54192.23901442  6.92  86.341841  68.577476  2.999
 56     2.925 54192.23901506 10.27  86.337941  68.574446  2.999
 56     1.917 54192.23901571 10.64  86.334041  68.571416  2.999
 56     4.207 54192.23901635 10.18  86.330141  68.568386  2.999
 56     3.594 54192.23901699 10.02  86.326241  68.565356  2.999
 56     8.490 54192.23901764  9.22  86.322351  68.562316  2.999
 56     6.662 54192.23901828  9.31  86.318451  68.559286  2.999
 57    40.628 54227.23905925  3.17  86.389100  68.597206  4.578
 57    38.539 54227.23905990  2.52  86.385190  68.594176  4.578
 57    38.639 54227.23906054  2.07  86.381280  68.591146  4.578
 57    36.661 54227.23906119  2.02  86.377370  68.588116  4.578
 57    32.756 54227.23906183  6.96  86.373457  68.585084 12.389
 57     1.650 54227.23906441 21.87  86.357837  68.572964 12.389
 57     1.639 54227.23906505 21.65  86.353937  68.569934 12.389
 57     1.340 54227.23906570 23.54  86.350037  68.566904 12.389
 57     1.392 54227.23906634 23.64  86.346137  68.563874 12.389
 57     1.883 54227.23906699 23.11  86.342237  68.560844 12.389
 57     2.235 54227.23906763 22.00  86.338337  68.557814 12.389
 57     2.431 54227.23906828 21.94  86.334437  68.554784 12.389
 57     2.707 54227.23906892 21.89  86.330537  68.551744 12.389
 57     2.767 54227.23906957 25.82  86.326647  68.548714 12.389
 57     2.716 54227.23907021 23.39  86.322747  68.545684 12.389
 57     3.089 54227.23907086 25.54  86.318857  68.542654 12.389
 58     7.259 54262.23907796 48.18  86.392290  68.599425 14.108
 58     8.100 54262.23907861 49.58  86.388380  68.596395 14.108
 58     7.267 54262.23907925 48.72  86.384470  68.593365 14.108
 58     7.258 54262.23907989 49.58  86.380560  68.590335 14.108
 58     7.072 54262.23908054 49.89  86.376650  68.587305 14.108
 58     7.159 54262.23908118 48.89  86.372745  68.584272 32.851
 58     7.141 54262.23908183 48.80  86.368835  68.581242 32.851
 58     7.098 54262.23908247 47.78  86.364935  68.578212 32.851
 58     7.190 54262.23908312 45.32  86.361025  68.575182 32.851
 58     7.070 54262.23908376 41.77  86.357125  68.572152 32.851
 58     7.185 54262.23908441 39.73  86.353225  68.569122 32.851
 58     7.155 54262.23908505 40.17  86.349325  68.566092 32.851
 58     7.023 54262.23908570 39.35  86.345425  68.563062 32.851
 58     7.032 54262.23908634 44.01  86.341525  68.560032 32.851
 58     7.084 54262.23908699 44.29  86.337625  68.557002 32.851
 58     7.134 54262.23908763 46.36  86.333725  68.553972 32.851
 58     7.170 54262.23908828 46.92  86.329835  68.550932 32.851
 58     7.194 54262.23908892 46.46  86.325935  68.547902 32.851
 58     7.191 54262.23908956 47.31  86.322045  68.544872 32.851
 58     7.153 54262.23909021 52.59  86.318145  68.541842 32.851
 59    39.213 54297.23908309 18.81  86.387128  68.598960 18.436
 59    40.891 54297.23908373 13.01  86.383218  68.595930 18.436
 59     2.528 54297.23908438 13.66  86.379308  68.592900 18.436
 59     2.424 54297.23908502 13.54  86.375398  68.589870 18.436
 59     2.664 54297.23908567 13.87  86.371494  68.586839  7.953
 59     2.634 54297.23908631 15.44  86.367584  68.583809  7.953
 59     2.737 54297.23908696 15.62  86.363684  68.580779  7.953
 59     2.227 54297.23908760 17.05  86.359774  68.577749  7.953
 59     1.380 54297.23908825 16.82  86.355874  68.574719  7.953
 59     1.424 54297.23908889 17.38  86.351974  68.571689  7.953
 59     1.315 54297.23908953 17.56  86.348074  68.568659  7.953
 59     1.502 54297.23909018 17.41  86.344174  68.565629  7.953
 59     1.555 54297.23909082 16.55  86.340274  68.562599  7.953
 59     1.651 54297.23909147 15.24  86.336374  68.559559  7.953
 59     5.983 54297.23909211 14.79  86.332474  68.556529  7.953
 59     7.138 54297.23909276 14.23  86.328574  68.553499  7.953
 59     7.438 54297.23909340 14.28  86.324684  68.550469  7.953
 59    21.414 54297.23909405 12.90  86.320784  68.547439  7.953
 59    22.212 54297.23909469 12.53  86.316894  68.544409  7.953
 60    43.378 54332.23907301 16.64  86.386915  68.602315 11.975
 60    42.776 54332.23907365 12.73  86.382995  68.599285 11.975
 60    41.316 54332.23907430 10.14  86.379085  68.596255 11.975
 60    38.846 54332.23907494 10.22  86.375185  68.593225 11.975
 60    37.041 54332.23907559 10.92  86.371275  68.590195 11.975
 60    15.386 54332.23907623 12.64  86.367364  68.587160 10.670
 60    15.530 54332.23907687 12.64  86.363464  68.584130 10.670
 60    16.584 54332.23907752 13.18  86.359554  68.581100 10.670
 60    17.698 54332.23907816 13.07  86.355654  68.578070 10.670
 60    19.142 54332.23907881 12.27  86.351754  68.575040 10.670
 60    20.964 54332.23907945 11.84  86.347844  68.572010 10.670
 60    20.870 54332.23908010 12.53  86.343944  68.568980 10.670
 60    21.316 54332.23908074 14.07  86.340044  68.565950 10.670
 60    22.419 54332.23908139 14.03  86.336154  68.562920 10.670
 60    21.092 54332.23908203 16.63  86.332254  68.559890 10.670
 60    21.847 54332.23908268 16.63  86.328354  68.556860 10.670
 60    21.995 54332.23908332 17.41  86.324464  68.553820 10.670
 60    22.270 54332.23908397 19.17  86.320564  68.550790 10.670
 60    22.233 54332.23908461 19.87  86.316674  68.547760 10.670
 61    42.397 54367.23901400 16.43  86.380744  68.606074 15.450
 61    41.432 54367.23901465 12.96  86.376834  68.603044 15.450
 61    40.952 54367.23901529 10.64  86.372924  68.600014 15.450
 61    39.975 54367.23901594  9.10  86.369014  68.596984 15.450
 61    38.319 54367.23901658  8.02  86.365114  68.593944 15.450
 61    35.678 54367.23901722  7.06  86.361204  68.590924 15.450
 61    34.637 54367.23901787  7.47  86.357296  68.587885 12.101
 61    33.278 54367.23901851  7.35  86.353396  68.584855 12.101
 61    29.314 54367.23901916  7.96  86.349486  68.581825 12.101
 61    23.514 54367.23901980  9.88  86.345586  68.578795 12.101
 61    21.198 54367.23902045 10.66  86.341686  68.575765 12.101
 61    22.245 54367.23902109 11.26  86.337786  68.572735 12.101
 61    20.678 54367.23902174 10.77  86.333886  68.569705 12.101
 61    23.696 54367.23902238 11.14  86.329986  68.566675 12.101
 61    21.015 54367.23902303 12.49  86.326086  68.563645 12.101
 61    22.007 54367.23902367 11.99  86.322196  68.560605 12.101
 61    22.050 54367.23902432 13.50  86.318296  68.557575 12.101
 62    40.838 54402.23901637 13.00  86.387370  68.599100  6.177
 62    39.955 54402.23901701 11.61  86.383460  68.596070  6.177
 62    37.696 54402.23901766 12.04  86.379555  68.593041 22.971
 62     1.233 54402.23902217 42.35  86.352215  68.571831 22.971
 62     1.281 54402.23902282 44.17  86.348315  68.568801 22.971
 62     1.246 54402.23902346 44.48  86.344415  68.565761 22.971
 62     1.368 54402.23902411 41.62  86.340515  68.562741 22.971
 62     1.498 54402.23902475 38.05  86.336615  68.559701 22.971
 62     1.754 54402.23902540 38.91  86.332715  68.556671 22.971
 62     1.997 54402.23902604 40.44  86.328825  68.553641 22.971
 62     1.789 54402.23902668 44.64  86.324925  68.550611 22.971
 62     2.223 54402.23902733 39.63  86.321035  68.547581 22.971
 62     1.519 54402.23902797 36.78  86.317145  68.544551 22.971
 63    41.349 54437.23897283 11.09  86.382535  68.603990  5.259
 63    40.652 54437.23897348 10.29  86.378625  68.600960  5.259
 63    40.185 54437.23897412  9.20  86.374715  68.597930  5.259
 63    38.076 54437.23897477  7.20  86.370807  68.594898  3.197
 63    36.678 54437.23897541  6.45  86.366897  68.591868  3.197
 63    35.841 54437.23897606  6.17  86.362997  68.588838  3.197
 63    35.230 54437.23897670  5.98  86.359087  68.585808  3.197
 63    30.915 54437.23897735  5.66  86.355187  68.582778  3.197
 63    28.321 54437.23897799  7.11  86.351277  68.579748  3.197
 63    24.676 54437.23897863  8.39  86.347377  68.576718  3.197
 63     2.609 54437.23897928 13.53  86.343477  68.573688  3.197
 63     3.870 54437.23897992 13.77  86.339577  68.570658  3.197
 63     4.262 54437.23898057 14.77  86.335677  68.567628  3.197
 63     5.865 54437.23898121 14.14  86.331777  68.564598  3.197
 63     6.035 54437.23898186 13.82  86.327877  68.561558  3.197
 63     6.398 54437.23898250 12.95  86.323987  68.558528  3.197
 63     7.357 54437.23898315 12.80  86.320087  68.555498  3.197
 63     7.729 54437.23898379 12.63  86.316197  68.552468  3.197
 64    39.285 54472.23900214  7.07  86.392409  68.594045  5.750
 64    38.076 54472.23900279  5.82  86.388506  68.591020  3.233
 64    37.487 54472.23900343  4.76  86.384596  68.587990  3.233
 64    34.859 54472.23900408  4.71  86.380686  68.584960  3.233
 64    34.494 54472.23900472  4.43  86.376776  68.581930  3.233
 64    32.540 54472.23900537  4.64  86.372876  68.578900  3.233
 64    29.367 54472.23900601  6.17  86.368966  68.575870  3.233
 64    21.844 54472.23900666  8.80  86.365066  68.572840  3.233
 64     0.747 54472.23900730 12.10  86.361156  68.569810  3.233
 64    17.054 54472.23900794 11.37  86.357256  68.566780  3.233
 64     0.665 54472.23900859 11.73  86.353356  68.563740  3.233
 64     0.482 54472.23900923 12.03  86.349456  68.560720  3.233
 64     3.522 54472.23900988 11.37  86.345556  68.557680  3.233
 64     4.090 54472.23901052 11.59  86.341656  68.554650  3.233
 64     5.552 54472.23901117 10.33  86.337766  68.551620  3.233
 64     6.261 54472.23901181  9.81  86.333866  68.548590  3.233
 64    17.302 54472.23901246  9.21  86.329966  68.545560  3.233
 64    19.046 54472.23901310  9.23  86.326076  68.542530  3.233
 64    20.545 54472.23901375  8.83  86.322186  68.539500  3.233
 64    22.229 54472.23901439  8.59  86.318286  68.536470  3.233
 65    39.595 54507.23898437  6.09  86.381090  68.604808  3.671
 65    39.242 54507.23898502  5.11  86.377180  68.601788  3.671
 65    39.275 54507.23898566  3.56  86.373270  68.598758  3.671
 65    37.391 54507.23898631  2.99  86.369360  68.595718  3.671
 65    36.444 54507.23898695  2.41  86.365450  68.592698  3.671
 65    35.311 54507.23898759  2.30  86.361550  68.589658  3.671
 65    33.657 54507.23898824  2.08  86.357640  68.586628  3.671
 65    31.732 54507.23898888  2.73  86.353740  68.583598  3.671
 65    29.600 54507.23898953  3.44  86.349830  68.580568  3.671
 65    26.650 54507.23899017  4.51  86.345930  68.577538  3.671
 65    21.579 54507.23899082  6.23  86.342030  68.574508  3.671
 65    20.421 54507.23899146  6.85  86.338126  68.571482  2.563
 65    20.166 54507.23899211  6.79  86.334226  68.568452  2.563
 65    14.943 54507.23899275  6.38  86.330336  68.565412  2.563
 65    12.760 54507.23899340  6.74  86.326436  68.562382  2.563
 65    21.952 54507.23899404  5.88  86.322536  68.559352  2.563
 65    22.722 54507.23899469  5.77  86.318646  68.556322  2.563
 66    39.764 54542.23901612  4.41  86.388365  68.598279  2.761
 66    38.784 54542.23901677  4.10  86.384455  68.595249  2.761
 66    38.047 54542.23901741  4.36  86.380545  68.592219  2.761
 66    36.595 54542.23901805  4.38  86.376645  68.589189  2.761
 66    34.542 54542.23901870  4.59  86.372735  68.586159  2.761
 66    33.590 54542.23901934  4.29  86.368825  68.583119  2.761
 66    31.181 54542.23901999  4.67  86.364925  68.580099  2.761
 66    25.704 54542.23902063  7.35  86.361015  68.577059  2.761
 66    26.564 54542.23902128  8.01  86.357115  68.574029  2.761
 66    17.904 54542.23902192 10.34  86.353215  68.570999  2.761
 66     2.249 54542.23902257 10.64  86.349315  68.567969  2.761
 66    17.389 54542.23902321 10.58  86.345415  68.564939  2.761
 66     5.079 54542.23902386  9.97  86.341515  68.561909  2.761
 66    12.456 54542.23902450  9.87  86.337615  68.558879  2.761
 66     6.025 54542.23902515  9.44  86.333715  68.555849  2.761
 66    14.443 54542.23902579  9.09  86.329815  68.552819  2.761
 66    19.120 54542.23902644  8.85  86.325927  68.549788  2.286
 66    24.033 54542.23902708  8.44  86.322027  68.546758  2.286
 66    23.331 54542.23902772  8.43  86.318137  68.543728  2.286
 67    39.906 54577.23898593  3.07  86.382294  68.606972  2.756
 67    40.194 54577.23898657  2.10  86.378384  68.603942  2.756
 67    39.440 54577.23898722  1.96  86.374474  68.600902  2.756
 67    38.089 54577.23898786  2.09  86.370574  68.597882  2.756
 67    37.781 54577.23898851  1.87  86.366664  68.594852  2.756
 67    35.276 54577.23898915  2.09  86.362754  68.591812  2.756
 67    34.392 54577.23898980  2.29  86.358844  68.588782  2.756
 67    32.463 54577.23899044  2.21  86.354944  68.585752  2.756
 67    30.580 54577.23899109  2.56  86.351044  68.582722  2.756
 67    25.978 54577.23899173  3.84  86.347134  68.579692  2.756
 67    20.548 54577.23899238  6.66  86.343234  68.576662  2.756
 67    20.262 54577.23899302  7.16  86.339334  68.573632  2.756
 67     7.342 54577.23899367  7.92  86.335434  68.570602  2.756
 67     6.480 54577.23899431  8.14  86.331537  68.567571  2.255
 67     9.477 54577.23899495  7.83  86.327637  68.564541  2.255
 67    21.617 54577.23899560  7.34  86.323747  68.561511  2.255
 67    21.211 54577.23899624  6.94  86.319847  68.558481  2.255
 67    21.546 54577.23899689  6.75  86.315947  68.555441  2.255
 68     8.261 54612.23900665 31.59  86.390445  68.600683 13.008
 68     8.179 54612.23900730 29.32  86.386525  68.597653 13.008
 68     7.716 54612.23900794 21.30  86.382615  68.594623 13.008
 68     7.827 54612.23900859 19.25  86.378715  68.591593 13.008
 68     7.698 54612.23900923 19.59  86.374805  68.588563 13.008
 68     7.792 54612.23900988 18.88  86.370895  68.585533 13.008
 68     7.810 54612.23901052 18.59  86.366985  68.582493 13.008
 68     6.908 54612.23901117 17.92  86.363085  68.579463 13.008
 68     6.999 54612.23901181 17.88  86.359185  68.576433 13.008
 68     6.911 54612.23901246 18.26  86.355275  68.573403 13.008
 68     6.620 54612.23901310 17.71  86.351375  68.570373 13.008
 68     6.479 54612.23901374 18.31  86.347474  68.567350 13.287
 68     6.462 54612.23901439 19.28  86.343574  68.564310 13.287
 68     6.703 54612.23901503 18.74  86.339674  68.561280 13.287
 68     6.917 54612.23901568 19.17  86.335774  68.558250 13.287
 68     7.593 54612.23901632 20.05  86.331884  68.555220 13.287
 68     8.207 54612.23901697 19.20  86.327984  68.552190 13.287
 68     8.214 54612.23901761 21.66  86.324094  68.549160 13.287
 68     7.124 54612.23901826 29.96  86.320194  68.546130 13.287
 68     7.380 54612.23901890 31.54  86.316304  68.543100 13.287
 69    36.136 54647.23901637 10.66  86.374772  68.588870 14.615
 69    33.547 54647.23901701 11.29  86.370862  68.585840 14.615
 69    32.418 54647.23901766 11.86  86.366952  68.582800 14.615
 69    15.358 54647.23901830 12.20  86.363052  68.579780 14.615
 69    16.317 54647.23901895 12.21  86.359142  68.576740 14.615
 69    17.605 54647.23901959 11.98  86.355242  68.573710 14.615
 69    18.138 54647.23902024 12.60  86.351342  68.570680 14.615
 69    20.288 54647.23902088 11.73  86.347437  68.567658 11.846
 69    19.858 54647.23902153 11.45  86.343537  68.564618 11.846
 69    20.551 54647.23902217 10.92  86.339637  68.561588 11.846
 69    21.354 54647.23902282 10.66  86.335747  68.558558 11.846
 69    25.315 54647.23902346 10.34  86.331847  68.555528 11.846
 69    22.276 54647.23902410 11.70  86.327947  68.552498 11.846
 69    22.025 54647.23902475 13.17  86.324057  68.549468 11.846
 69    22.134 54647.23902539 14.61  86.320157  68.546438 11.846
 69    13.729 54647.23902604 23.55  86.316267  68.543408 11.846
 70    42.346 54682.23901460 12.40  86.385730  68.600775  8.749
 70    44.548 54682.23901524  8.72  86.381820  68.597745  8.749
 70    38.433 54682.23901589  8.84  86.377910  68.594715  8.749
 70    36.841 54682.23901653  8.81  86.374010  68.591685  8.749
 70    33.541 54682.23901718 10.26  86.370100  68.588655  8.749
 70     2.016 54682.23901782 11.46  86.366190  68.585625  8.749
 70     2.181 54682.23901847 11.76  86.362290  68.582595  8.749
 70     2.554 54682.23901911 11.41  86.358380  68.579565  8.749
 70     3.075 54682.23901976 11.28  86.354480  68.576535  8.749
 70     3.663 54682.23902040 10.74  86.350580  68.573505  8.749
 70     3.890 54682.23902105 11.32  86.346670  68.570475  8.749
 70     7.897 54682.23902169 10.53  86.342779  68.567450 13.898
 70    11.734 54682.23902233 11.15  86.338879  68.564420 13.898
 70    19.786 54682.23902298 10.99  86.334979  68.561390 13.898
 70    20.687 54682.23902362 10.31  86.331079  68.558350 13.898
 70    21.117 54682.23902427 10.04  86.327179  68.555320 13.898
 70    21.102 54682.23902491 10.88  86.323289  68.552290 13.898
 70    21.309 54682.23902556 12.14  86.319389  68.549260 13.898
 71    41.398 54717.23896221 15.72  86.380711  68.605320 11.032
 71    40.702 54717.23896286 12.73  86.376801  68.602290 11.032
 71    40.502 54717.23896350 10.22  86.372891  68.599260 11.032
 71    39.807 54717.23896415  9.59  86.368981  68.596220 11.032
 71    38.643 54717.23896479  7.63  86.365081  68.593200 11.032
 71    36.353 54717.23896544  6.49  86.361171  68.590160 11.032
 71    34.113 54717.23896608  6.35  86.357261  68.587130 11.032
 71    33.104 54717.23896672  6.31  86.353361  68.584100 11.032
 71    30.057 54717.23896737  7.34  86.349461  68.581070 11.032
 71    25.192 54717.23896801  8.42  86.345561  68.578040 11.032
 71    18.192 54717.23896866 11.99  86.341661  68.575010 11.032
 71    19.270 54717.23896930 11.91  86.337761  68.571980 11.032
 71    20.084 54717.23896995 11.34  86.333861  68.568950 11.032
 71    20.404 54717.23897059 12.00  86.329961  68.565920 11.032
 71    22.709 54717.23897124 11.25  86.326056  68.562887 15.245
 71    27.133 54717.23897188 11.61  86.322166  68.559857 15.245
 71    21.189 54717.23897253 13.25  86.318266  68.556827 15.245
 72    40.135 54752.23898743 20.33  86.390395  68.596338  8.131
 72    39.360 54752.23898808 17.72  86.386485  68.593308  8.131
 72    38.508 54752.23898872 15.45  86.382575  68.590278  8.131
 72    37.284 54752.23898937 13.11  86.378665  68.587248  8.131
 72    36.073 54752.23899001 10.73  86.374765  68.584218  8.131
 72    34.218 54752.23899065 10.27  86.370855  68.581188  8.131
 72    32.037 54752.23899130 10.07  86.366955  68.578158  8.131
 72    28.262 54752.23899194 11.73  86.363045  68.575128  8.131
 72     6.002 54752.23899259 15.07  86.359145  68.572098  8.131
 72     9.223 54752.23899323 15.13  86.355235  68.569062 11.288
 72     3.697 54752.23899388 16.31  86.351335  68.566032 11.288
 72     4.134 54752.23899452 16.75  86.347435  68.563002 11.288
 72     5.121 54752.23899517 16.75  86.343535  68.559972 11.288
 72     5.263 54752.23899581 18.68  86.339635  68.556942 11.288
 72     6.382 54752.23899646 18.72  86.335745  68.553912 11.288
 72     6.660 54752.23899710 20.94  86.331845  68.550882 11.288
 72     6.996 54752.23899775 22.68  86.327945  68.547852 11.288
 72    19.866 54752.23899839 21.03  86.324055  68.544822 11.288
 72     7.022 54752.23899904 25.08  86.320165  68.541782 11.288
 73    39.630 54787.23895226 15.20  86.385978  68.605901  9.646
 73    39.201 54787.23895291 13.59  86.382068  68.602871  9.646
 73    40.127 54787.23895355 13.39  86.378148  68.599841  9.646
 73    37.779 54787.23895420 12.56  86.374248  68.596811  9.646
 73    38.216 54787.23895484 11.52  86.370338  68.593781  9.646
 73    37.315 54787.23895549  9.89  86.366428  68.590751  9.646
 73    36.526 54787.23895613  9.35  86.362518  68.587721  9.646
 73     0.060 54787.23895935 32.67  86.343008  68.572571  9.646
 73     0.043 54787.23896000 33.00  86.339108  68.569541  9.646
 73     0.090 54787.23896064 30.96  86.335205  68.566514  7.471
 73     0.089 54787.23896129 30.47  86.331315  68.563484  7.471
 73     0.085 54787.23896193 29.75  86.327415  68.560444  7.471
 73     0.034 54787.23896258 29.04  86.323515  68.557414  7.471
 73    -0.023 54787.23896322 27.94  86.319625  68.554384  7.471
 73     0.148 54787.23896387 27.06  86.315725  68.551354  7.471
 74    39.524 54822.23898133 10.51  86.393602  68.596654  4.649
 74    38.762 54822.23898198  9.73  86.389692  68.593624  4.649
 74    37.901 54822.23898262  9.54  86.385782  68.590594  4.649
 74    36.077 54822.23898327  8.30  86.381872  68.587564  4.649
 74    34.255 54822.23898391  8.11  86.377962  68.584534  4.649
 74    32.620 54822.23898456  7.94  86.374062  68.581504  4.649
 74    30.773 54822.23898520  9.24  86.370152  68.578474  4.649
 74     0.407 54822.23898714 18.34  86.358442  68.569376  3.091
 74     0.623 54822.23898778 17.49  86.354542  68.566346  3.091
 74     0.507 54822.23898843 16.86  86.350642  68.563316  3.091
 74     0.655 54822.23898907 16.73  86.346742  68.560286  3.091
 74     0.586 54822.23898971 15.68  86.342842  68.557256  3.091
 74     0.788 54822.23899036 15.43  86.338942  68.554226  3.091
 74     0.613 54822.23899100 15.12  86.335042  68.551196  3.091
 74     0.956 54822.23899165 14.51  86.331152  68.548166  3.091
 74     0.709 54822.23899229 14.34  86.327252  68.545136  3.091
 74     0.722 54822.23899294 14.74  86.323362  68.542106  3.091
 74     7.010 54822.23899358 14.40  86.319462  68.539076  3.091
 75    39.790 54857.23894880  7.19  86.383694  68.602726  3.440
 75    38.955 54857.23894945  6.95  86.379784  68.599696  3.440
 75    38.579 54857.23895009  6.26  86.375874  68.596676  3.440
 75    37.013 54857.23895074  5.51  86.371964  68.593636  3.440
 75    36.026 54857.23895138  5.53  86.368054  68.590606  3.440
 75    34.301 54857.23895203  5.59  86.364144  68.587586  3.440
 75    31.856 54857.23895267  6.32  86.360244  68.584546  3.440
 75    26.946 54857.23895332  9.31  86.356344  68.581516  3.440
 75     9.609 54857.23895396 11.70  86.352434  68.578486  3.440
 75     0.115 54857.23895525 15.40  86.344634  68.572426  3.440
 75     0.243 54857.23895589 15.27  86.340734  68.569396  3.440
 75     0.238 54857.23895654 14.75  86.336829  68.566370  2.483
 75     0.441 54857.23895718 14.02  86.332939  68.563340  2.483
 75     1.179 54857.23895783 13.41  86.329039  68.560300  2.483
 75     5.131 54857.23895847 12.95  86.325139  68.557270  2.483
 75     5.962 54857.23895912 12.81  86.321249  68.554240  2.483
 75     6.022 54857.23895976 12.83  86.317349  68.551210  2.483
 76    39.574 54892.23898373  6.53  86.386954  68.601810  2.818
 76    39.121 54892.23898437  5.62  86.383044  68.598780  2.818
 76    38.373 54892.23898502  5.21  86.379134  68.595740  2.818
 76    37.433 54892.23898566  4.87  86.375224  68.592720  2.818
 76    36.229 54892.23898631  4.67  86.371324  68.589690  2.818
 76    35.311 54892.23898695  4.76  86.367414  68.586650  2.818
 76    32.569 54892.23898760  4.92  86.363504  68.583630  2.818
 76    30.020 54892.23898824  6.25  86.359604  68.580600  2.818
 76    25.807 54892.23898889  8.01  86.355704  68.577560  2.818
 76     0.325 54892.23899018 13.55  86.347896  68.571500  2.918
 76     0.247 54892.23899082 14.39  86.343996  68.568470  2.918
 76     0.190 54892.23899147 13.94  86.340096  68.565440  2.918
 76     0.176 54892.23899211 13.76  86.336196  68.562410  2.918
 76     0.195 54892.23899276 13.05  86.332296  68.559380  2.918
 76     0.181 54892.23899340 12.73  86.328396  68.556350  2.918
 76     0.155 54892.23899404 12.07  86.324506  68.553320  2.918
 76     0.378 54892.23899469 11.61  86.320606  68.550290  2.918
 76     6.813 54892.23899533 11.64  86.316716  68.547260  2.918
 77    44.011 54927.23894621  4.21  86.380048  68.607623  2.226
 77    42.686 54927.23894685  4.24  86.376128  68.604593  2.226
 77    41.463 54927.23894750  4.14  86.372218  68.601563  2.226
 77    40.803 54927.23894814  4.06  86.368318  68.598533  2.226
 77    37.776 54927.23894879  4.31  86.364408  68.595493  2.226
 77    35.794 54927.23894943  4.74  86.360498  68.592463  2.226
 77    34.715 54927.23895008  4.44  86.356598  68.589433  2.226
 77    32.876 54927.23895072  4.84  86.352688  68.586403  2.226
 77    30.762 54927.23895137  4.96  86.348788  68.583373  2.226
 77    28.280 54927.23895201  4.93  86.344878  68.580343  2.226
 77    26.262 54927.23895265  6.67  86.340978  68.577313  2.226
 77    25.502 54927.23895330  7.04  86.337078  68.574283  2.226
 77    26.079 54927.23895394  7.73  86.333178  68.571253  2.226
 77    25.764 54927.23895459  8.00  86.329281  68.568222  1.784
 77    27.200 54927.23895523  7.34  86.325381  68.565192  1.784
 77    28.354 54927.23895588  7.17  86.321491  68.562162  1.784
 77    29.591 54927.23895652  6.93  86.317591  68.559132  1.784
 78    41.366 54962.23898373  0.03  86.385999  68.594965  2.888
 78    39.060 54962.23898438  0.72  86.382089  68.591925  2.888
 78    37.247 54962.23898502  0.97  86.378179  68.588905  2.888
 78    36.030 54962.23898567  1.11  86.374279  68.585875  2.888
 78    34.130 54962.23898631  1.84  86.370369  68.582835  2.888
 78    31.944 54962.23898696  1.90  86.366459  68.579815  2.888
 78    18.949 54962.23898760  6.47  86.362559  68.576775  2.888
 78    17.095 54962.23898825  7.68  86.358659  68.573745  2.888
 78     1.243 54962.23898954 11.91  86.350850  68.567693  7.094
 78     1.321 54962.23899018 12.41  86.346950  68.564653  7.094
 78     1.132 54962.23899083 13.73  86.343050  68.561623  7.094
 78     1.008 54962.23899147 16.11  86.339150  68.558593  7.094
 78     1.311 54962.23899212 15.18  86.335250  68.555563  7.094
 78     1.755 54962.23899276 17.00  86.331350  68.552533  7.094
 78     1.476 54962.23899340 20.99  86.327460  68.549503  7.094
 78     1.306 54962.23899405 12.22  86.323560  68.546473  7.094
 79    43.182 54997.23900340 20.39  86.389624  68.602690 12.490
 79    41.599 54997.23900405 16.42  86.385704  68.599670 12.490
 79    41.036 54997.23900469 12.96  86.381794  68.596630 12.490
 79    39.221 54997.23900534 11.41  86.377884  68.593600 12.490
 79    37.102 54997.23900598 11.48  86.373974  68.590580 12.490
 79    34.095 54997.23900662 12.58  86.370074  68.587540 12.490
 79    29.722 54997.23900727 12.52  86.366164  68.584510 12.490
 79    15.346 54997.23900791 13.20  86.362254  68.581490 12.490
 79    25.305 54997.23900856 13.02  86.358354  68.578450 12.490
 79    17.166 54997.23900920 13.45  86.354454  68.575420 12.490
 79    18.054 54997.23900985 13.25  86.350544  68.572390 12.490
 79    18.816 54997.23901049 13.11  86.346650  68.569359 14.068
 79    19.564 54997.23901114 14.17  86.342750  68.566329 14.068
 79    20.376 54997.23901178 13.50  86.338850  68.563299 14.068
 79    21.392 54997.23901243 13.39  86.334950  68.560269 14.068
 79    21.646 54997.23901307 14.35  86.331050  68.557239 14.068
 79    21.806 54997.23901372 14.02  86.327150  68.554209 14.068
 79    22.034 54997.23901436 15.65  86.323260  68.551179 14.068
 79    22.180 54997.23901501 17.03  86.319360  68.548149 14.068
 80    40.791 55032.23899362 14.26  86.386369  68.599724 13.712
 80    41.612 55032.23899427  9.99  86.382449  68.596694 13.712
 80    37.705 55032.23899491  9.99  86.378539  68.593664 13.712
 80    35.668 55032.23899556 11.16  86.374639  68.590634 13.712
 80     2.582 55032.23899620 11.51  86.370729  68.587604 13.712
 80     1.926 55032.23899685 12.38  86.366819  68.584574 13.712
 80     1.410 55032.23899749 13.30  86.362919  68.581534 13.712
 80     1.811 55032.23899814 13.73  86.359009  68.578504 13.712
 80     2.381 55032.23899878 13.60  86.355109  68.575474 13.712
 80     2.239 55032.23900007 13.23  86.347308  68.569412 11.824
 80     0.689 55032.23900072 14.78  86.343398  68.566382 11.824
 80     4.252 55032.23900136 14.86  86.339508  68.563352 11.824
 80     5.068 55032.23900200 14.89  86.335608  68.560322 11.824
 80     6.386 55032.23900265 13.37  86.331708  68.557292 11.824
 80     7.085 55032.23900329 13.16  86.327808  68.554262 11.824
 80     7.319 55032.23900394 14.97  86.323918  68.551232 11.824
 80     1.179 55032.23900458 19.39  86.320018  68.548202 11.824
 80    21.482 55032.23900523 14.36  86.316128  68.545172 11.824
 82    42.412 55102.23892137 15.05  86.377743  68.606882 11.507
 82    42.233 55102.23892201 10.96  86.373833  68.603852 11.507
 82    41.143 55102.23892266  9.64  86.369923  68.600822 11.507
 82    40.490 55102.23892330  8.48  86.366013  68.597792 11.507
 82    39.194 55102.23892394  7.72  86.362113  68.594762 11.507
 82    37.942 55102.23892459  6.11  86.358203  68.591732 11.507
 82    35.353 55102.23892523  5.51  86.354293  68.588702 11.507
 82    31.697 55102.23892588  6.30  86.350393  68.585672 11.507
 82    29.613 55102.23892652  6.69  86.346493  68.582642 11.507
 82    11.253 55102.23892717 13.20  86.342583  68.579612 11.507
 82    18.781 55102.23892781 13.06  86.338683  68.576582 11.507
 82    19.330 55102.23892846 13.96  86.334783  68.573552 11.507
 82    19.832 55102.23892910 13.67  86.330883  68.570522 11.507
 82    20.770 55102.23892975 12.54  86.326993  68.567492 11.507
 82    20.847 55102.23893039 13.04  86.323096  68.564459 18.259
 82    21.444 55102.23893104 12.98  86.319196  68.561429 18.259
 83    39.333 55137.23892946 18.24  86.388744  68.596435  7.061
 83    38.141 55137.23893010 16.26  86.384834  68.593405  7.061
 83    37.443 55137.23893075 13.16  86.380924  68.590375  7.061
 83    35.968 55137.23893139 12.16  86.377014  68.587345  7.061
 83    34.484 55137.23893204 11.78  86.373114  68.584315  7.061
 83    32.436 55137.23893268 12.50  86.369204  68.581285  7.061
 83    -0.113 55137.23893526 31.45  86.353589  68.569157  4.782
 83    -0.079 55137.23893591 28.97  86.349689  68.566127  4.782
 83    -0.053 55137.23893655 28.35  86.345789  68.563097  4.782
 83     0.075 55137.23893719 27.51  86.341889  68.560067  4.782
 83     0.247 55137.23893784 27.19  86.337989  68.557037  4.782
 83     0.427 55137.23893848 27.14  86.334099  68.554007  4.782
 83     0.762 55137.23893913 27.47  86.330199  68.550977  4.782
 83     0.495 55137.23893977 27.27  86.326299  68.547947  4.782
 83     0.035 55137.23894042 27.55  86.322409  68.544917  4.782
 83     0.225 55137.23894106 27.44  86.318519  68.541887  4.782
 84    39.640 55172.23888981 12.74  86.382907  68.604500  3.947
 84    39.047 55172.23889045 11.22  86.378987  68.601460  3.947
 84    38.327 55172.23889110 10.88  86.375077  68.598440  3.947
 84    36.809 55172.23889174  9.53  86.371177  68.595410  3.947
 84    35.153 55172.23889239  9.56  86.367267  68.592370  3.947
 84    33.925 55172.23889303  8.94  86.363357  68.589350  3.947
 84    31.260 55172.23889368 10.73  86.359457  68.586310  3.947
 84     4.545 55172.23889432 14.91  86.355547  68.583280  3.947
 84     4.788 55172.23889497 14.87  86.351647  68.580250  3.947
 84     1.240 55172.23889561 15.66  86.347747  68.577220  3.947
 84     3.694 55172.23889626 15.43  86.343837  68.574190  3.947
 84     3.830 55172.23889690 15.50  86.339937  68.571160  3.947
 84     4.839 55172.23889755 15.04  86.336046  68.568132  2.439
 84     7.286 55172.23889819 14.75  86.332146  68.565102  2.439
 84     9.116 55172.23889883 14.25  86.328246  68.562072  2.439
 84     9.950 55172.23889948 13.73  86.324346  68.559042  2.439
 84     7.442 55172.23890012 13.50  86.320456  68.556002  2.439
 84    13.744 55172.23890077 13.42  86.316556  68.552972  2.439
 85    38.575 55207.23892351  7.50  86.389895  68.595657  3.166
 85    37.943 55207.23892416  7.20  86.385985  68.592627  3.166
 85    36.381 55207.23892480  6.82  86.382075  68.589607  3.166
 85    35.639 55207.23892545  6.55  86.378165  68.586577  3.166
 85    33.372 55207.23892609  6.49  86.374265  68.583547  3.166
 85    31.301 55207.23892674  6.22  86.370355  68.580517  3.166
 85    29.314 55207.23892738  6.51  86.366455  68.577487  3.166
 85    14.224 55207.23892803 11.65  86.362545  68.574447  3.166
 85     0.752 55207.23892867 12.65  86.358645  68.571427  3.166
 85     0.196 55207.23892931 13.64  86.354738  68.568389  2.704
 85     3.298 55207.23892996 12.80  86.350838  68.565359  2.704
 85     2.705 55207.23893060 13.29  86.346938  68.562329  2.704
 85     3.738 55207.23893125 12.97  86.343038  68.559299  2.704
 85     4.422 55207.23893189 12.32  86.339138  68.556269  2.704
 85     4.620 55207.23893254 11.76  86.335248  68.553239  2.704
 85     6.595 55207.23893318 11.43  86.331348  68.550209  2.704
 85     7.132 55207.23893383 11.03  86.327448  68.547179  2.704
 85    17.975 55207.23893447 10.82  86.323558  68.544149  2.704
 85    19.101 55207.23893512 10.61  86.319668  68.541109  2.704
 86    39.743 55242.23889445  8.30  86.381780  68.607102  3.105
 86    39.490 55242.23889509  7.63  86.377880  68.604072  3.105
 86    39.055 55242.23889574  7.07  86.373960  68.601032  3.105
 86    38.217 55242.23889638  6.02  86.370060  68.598012  3.105
 86    36.408 55242.23889703  5.80  86.366150  68.594982  3.105
 86    35.005 55242.23889767  5.39  86.362240  68.591942  3.105
 86    32.893 55242.23889832  5.68  86.358340  68.588922  3.105
 86    30.251 55242.23889896  6.34  86.354430  68.585882  3.105
 86    28.998 55242.23889961  7.64  86.350530  68.582852  3.105
 86    23.766 55242.23890025 10.35  86.346630  68.579822  3.105
 86     8.687 55242.23890090 11.01  86.342720  68.576792  3.105
 86     4.727 55242.23890154 11.61  86.338820  68.573762  3.105
 86     4.385 55242.23890219 11.45  86.334920  68.570732  3.105
 86     6.407 55242.23890283 11.09  86.331025  68.567704  2.221
 86     8.106 55242.23890348 10.56  86.327125  68.564674  2.221
 86     9.077 55242.23890412 10.38  86.323235  68.561644  2.221
 86     8.810 55242.23890476 10.11  86.319335  68.558604  2.221
 87    39.269 55277.23891658  6.97  86.385478  68.601285  2.857
 87    38.868 55277.23891723  5.90  86.381568  68.598245  2.857
 87    37.340 55277.23891787  5.75  86.377658  68.595215  2.857
 87    36.478 55277.23891851  5.87  86.373758  68.592195  2.857
 87    35.711 55277.23891916  5.45  86.369848  68.589155  2.857
 87    32.972 55277.23891980  4.90  86.365938  68.586125  2.857
 87    31.081 55277.23892045  5.22  86.362038  68.583105  2.857
 87    28.712 55277.23892109  6.12  86.358128  68.580065  2.857
 87    23.883 55277.23892174  8.63  86.354228  68.577035  2.857
 87    15.823 55277.23892238 10.11  86.350318  68.574005  2.857
 87     5.395 55277.23892303 11.22  86.346426  68.570983  2.563
 87     2.031 55277.23892367 11.50  86.342516  68.567943  2.563
 87     4.640 55277.23892432 11.23  86.338626  68.564913  2.563
 87     8.664 55277.23892496 10.94  86.334726  68.561883  2.563
 87    10.994 55277.23892561 10.26  86.330826  68.558853  2.563
 87    11.579 55277.23892625  9.94  86.326926  68.555823  2.563
 87     6.067 55277.23892690 10.13  86.323036  68.552793  2.563
 87    15.083 55277.23892754  9.64  86.319136  68.549763  2.563
 88    42.568 55312.23887978  2.23  86.381445  68.604805  2.717
 88    41.433 55312.23888043  2.30  86.377535  68.601775  2.717
 88    40.721 55312.23888107  3.08  86.373625  68.598735  2.717
 88    37.765 55312.23888172  3.44  86.369725  68.595715  2.717
 88    36.628 55312.23888236  3.89  86.365815  68.592685  2.717
 88    34.531 55312.23888301  4.28  86.361905  68.589645  2.717
 88    33.058 55312.23888365  4.59  86.358005  68.586615  2.717
 88    31.888 55312.23888430  4.49  86.354095  68.583585  2.717
 88    27.003 55312.23888494  4.65  86.350195  68.580555  2.717
 88    23.001 55312.23888559  8.00  86.346295  68.577525  2.717
 88    19.583 55312.23888623  8.86  86.342385  68.574495  2.717
 88    20.312 55312.23888688  9.39  86.338485  68.571465  2.717
 88    21.203 55312.23888752  9.05  86.334585  68.568435  2.717
 88    22.347 55312.23888816  9.18  86.330695  68.565403  1.963
 88    23.892 55312.23888881  9.12  86.326795  68.562373  1.963
 88    27.536 55312.23888945  8.51  86.322895  68.559343  1.963
 88    28.436 55312.23889010  8.40  86.319005  68.556313  1.963
 89     6.665 55347.23888648 36.26  86.387922  68.600506 13.631
 89     6.406 55347.23888713 30.22  86.384012  68.597476 13.631
 89     6.294 55347.23888777 23.06  86.380102  68.594446 13.631
 89     5.939 55347.23888842 19.58  86.376202  68.591416 13.631
 89     6.079 55347.23888906 17.89  86.372292  68.588386 13.631
 89     5.928 55347.23888971 17.91  86.368382  68.585356 13.631
 89     5.815 55347.23889035 18.81  86.364482  68.582326 13.631
 89     5.991 55347.23889100 19.27  86.360572  68.579296 13.631
 89     6.010 55347.23889164 21.55  86.356672  68.576256 13.631
 89     6.164 55347.23889229 24.40  86.352762  68.573226 13.631
 89     6.346 55347.23889293 26.86  86.348869  68.570204 24.518
 89     6.524 55347.23889358 30.45  86.344969  68.567164 24.518
 89     6.577 55347.23889422 36.71  86.341069  68.564134 24.518
 89     6.589 55347.23889487 37.76  86.337169  68.561104 24.518
 89     6.385 55347.23889551 34.12  86.333269  68.558074 24.518
 89     6.355 55347.23889615 30.76  86.329369  68.555044 24.518
 89     6.315 55347.23889680 28.81  86.325479  68.552014 24.518
 89     6.491 55347.23889744 27.23  86.321579  68.548984 24.518
 89     6.510 55347.23889809 28.49  86.317689  68.545954 24.518
 90    43.467 55382.23887756 19.13  86.386251  68.602805 12.071
 90    44.354 55382.23887821 13.10  86.382341  68.599775 12.071
 90    44.751 55382.23887885  9.27  86.378421  68.596745 12.071
 90    39.139 55382.23887950 10.10  86.374521  68.593715 12.071
 90    35.047 55382.23888014 10.96  86.370611  68.590685 12.071
 90    12.179 55382.23888079 12.09  86.366701  68.587655 12.071
 90    10.857 55382.23888143 12.88  86.362801  68.584625 12.071
 90    15.316 55382.23888208 12.66  86.358891  68.581585 12.071
 90    16.809 55382.23888272 12.45  86.354991  68.578555 12.071
 90    23.703 55382.23888337  7.79  86.351091  68.575525 12.071
 90    21.572 55382.23888401  9.26  86.347181  68.572495 12.071
 90    19.437 55382.23888466 12.12  86.343285  68.569472 12.548
 90    20.140 55382.23888530 13.11  86.339385  68.566432 12.548
 90    21.156 55382.23888595 12.91  86.335485  68.563402 12.548
 90    21.740 55382.23888659 12.74  86.331585  68.560372 12.548
 90    22.631 55382.23888723 12.99  86.327685  68.557342 12.548
 90    22.534 55382.23888788 13.68  86.323795  68.554312 12.548
 90    22.802 55382.23888852 13.64  86.319895  68.551282 12.548
 90    22.091 55382.23888917 17.05  86.316005  68.548252 12.548
 91    39.636 55417.23890645 12.50  86.390644  68.595196 10.466
 91    39.315 55417.23890709 10.28  86.386734  68.592166 10.466
 91    37.003 55417.23890774 10.52  86.382824  68.589136 10.466
 91    34.638 55417.23890838 10.74  86.378914  68.586106 10.466
 91    14.684 55417.23890902 11.27  86.375014  68.583076 10.466
 91    12.365 55417.23890967 11.52  86.371104  68.580046 10.466
 91     8.505 55417.23891031 11.75  86.367204  68.577016 10.466
 91    14.914 55417.23891096 11.95  86.363294  68.573986 10.466
 91     3.411 55417.23891160 12.34  86.359394  68.570956 10.466
 91    18.086 55417.23891225 11.38  86.355485  68.567917 12.726
 91    18.528 55417.23891289 11.38  86.351585  68.564887 12.726
 91    19.562 55417.23891354 10.71  86.347685  68.561857 12.726
 91    18.904 55417.23891418 10.96  86.343785  68.558827 12.726
 91    19.842 55417.23891483 10.74  86.339885  68.555797 12.726
 91    21.052 55417.23891547 10.93  86.335995  68.552767 12.726
 91    21.215 55417.23891612 10.86  86.332095  68.549737 12.726
 91    26.000 55417.23891676 10.04  86.328195  68.546707 12.726
 91    27.344 55417.23891741  9.62  86.324305  68.543677 12.726
 91    26.814 55417.23891805 11.88  86.320415  68.540647 12.726
 92     1.605 55452.23888712 29.11  86.386019  68.604579  8.537
 92     1.367 55452.23888777 29.30  86.382109  68.601539  8.537
 92     1.482 55452.23888841 30.22  86.378199  68.598509  8.537
 92     1.593 55452.23888906 30.44  86.374299  68.595489  8.537
 92     1.506 55452.23888970 30.26  86.370389  68.592459  8.537
 92     1.349 55452.23889035 29.28  86.366479  68.589419  8.537
 92     1.393 55452.23889099 29.23  86.362569  68.586389  8.537
 92     1.363 55452.23889163 28.82  86.358669  68.583359  8.537
 92     1.213 55452.23889228 28.42  86.354769  68.580329  8.537
 92     1.364 55452.23889292 27.71  86.350859  68.577299  8.537
 92     1.294 55452.23889357 27.56  86.346959  68.574269  8.537
 92     1.274 55452.23889421 26.90  86.343059  68.571239  8.537
 92     1.267 55452.23889486 26.69  86.339159  68.568209  8.537
 92     1.284 55452.23889550 25.72  86.335261  68.565181  9.685
 92     1.217 55452.23889615 25.47  86.331361  68.562151  9.685
 92     1.330 55452.23889679 25.00  86.327471  68.559121  9.685
 92     1.326 55452.23889744 25.06  86.323571  68.556081  9.685
 92     1.547 55452.23889808 25.07  86.319671  68.553051  9.685
 92     1.626 55452.23889873 28.63  86.315781  68.550021  9.685
 93    35.094 55487.23881206 14.23  86.364287  68.594872  4.735
 93    31.466 55487.23881271 15.38  86.360377  68.591832  4.735
 93     6.773 55487.23881335 16.17  86.356477  68.588802  4.735
 93     9.130 55487.23881400 16.24  86.352567  68.585772  4.735
 93     9.886 55487.23881464 16.25  86.348667  68.582742  4.735
 93     9.924 55487.23881529 15.74  86.344767  68.579712  4.735
 93     8.742 55487.23881593 17.47  86.340867  68.576682  4.735
 93    10.214 55487.23881658 18.19  86.336967  68.573652  4.735
 93    10.793 55487.23881722 16.39  86.333067  68.570622  4.735
 93     6.409 55487.23881786 17.99  86.329167  68.567592  4.735
 93     6.902 55487.23881851 18.40  86.325263  68.564560  9.853
 93     7.207 55487.23881915 19.55  86.321373  68.561530  9.853
 93     7.692 55487.23881980 20.14  86.317473  68.558500  9.853
