# NaN NaN NaN ;Mean Elev.(m), Avg Gradient(m/km), RMS Gradient(m/km) - SRTM1     
#   28.039  -7.323  50.821 ;Mean Elev.(m), Avg Gradient(m/km), RMS Gradient(m/km) - ASTER GDEM
#   51.018  -8.658  47.469 ;Mean Elev.(m), Avg Gradient(m/km), RMS Gradient(m/km) - GMTED2010 
  7  90.577818  60.048732    59.203    58.645  5 52469.20689104  8.393
  8  90.576816  60.050399    55.224    55.387  5 52504.20687714  7.553
 10  90.578891  60.048379    56.649    56.343  5 52574.20690408 14.013
 11  90.578490  60.049366    54.406    54.377  5 52609.20686336 15.981
 12  90.582596  60.043625    54.427    54.522  5 52644.20685699 10.892
 13  90.579977  60.047689    58.201    58.330  5 52679.20683571  8.453
 17  90.583624  60.038985    61.067    59.194  3 52819.20692413 10.603
 21  90.589862  60.039214    48.459    48.430  5 52959.20692695 40.039
 22  90.583548  60.044891    56.484    56.698  5 52994.20695654 12.342
 23  90.576108  60.050992    59.244    59.269  6 53029.20691956  6.824
 24  90.585422  60.042269    57.318    57.533  5 53064.20692863  8.657
 25  90.572178  60.055458    60.836    60.539  5 53099.20693825  9.379
 29  90.579592  60.047377    57.046    57.041  6 53239.20696703  8.699
 30  90.589652  60.036129    51.586    51.674  6 53274.20693176 23.216
 31  90.579891  60.048110    50.979    51.350  6 53309.20698348 40.293
 32  90.577690  60.049254    51.878    51.902  5 53344.20694968 37.891
 33  90.591165  60.036565    55.879    55.889  5 53379.20689765 12.659
 34  90.583001  60.044202    60.084    59.980  6 53414.20692711  8.061
 35  90.589938  60.037577    57.107    57.297  5 53449.20691899  8.505
 39  90.580041  60.047426    59.103    59.048  6 53589.20696936 10.736
 41  90.583492  60.045879   116.943   113.260  4 53659.20697271  8.229
 43  90.575270  60.051806    58.479    58.615  6 53729.20687242 12.012
 45  90.577571  60.048898    57.973    58.011  5 53799.20684263  8.152
 46  90.587776  60.037894    57.162    56.944  5 53834.20684177 10.378
 49  90.575463  60.052777    54.518    54.416  5 53939.20697043 39.006
 50  90.574798  60.053853    55.743    55.951  5 53974.20693066  8.798
 52  90.586900  60.040994    51.483    51.652  6 54044.20694584 32.055
 53  90.578948  60.052494   108.955   108.999  4 54079.20693753  4.702
 57  90.582640  60.043801    57.016    57.036  5 54219.20689408 32.376
 63  90.578117  60.049629    51.185    51.114  5 54429.20682391 31.729
 64  90.584463  60.042961    56.280    56.414  6 54464.20683878 13.177
 65  90.579181  60.049241    57.760    57.832  5 54499.20683445  8.249
 66  90.581776  60.044518    57.576    57.503  6 54534.20685280 10.822
 68  90.581018  60.044961    55.737    55.849  6 54604.20684712 38.857
 69  90.578211  60.047491    51.109    51.408  5 54639.20685731 20.869
 71  90.576814  60.049634    51.756    51.644  6 54709.20681712 25.516
 73  90.579597  60.047963    50.388    49.701  5 54779.20680082 40.136
 75  90.577251  60.048845    64.662    65.034  6 54849.20679969  7.546
 76  90.581083  60.044767    58.804    58.787  6 54884.20682387  7.588
 78  90.581762  60.044954    59.375    59.312  5 54954.20681823 18.400
 81  90.579925  60.047718    54.489    54.863  5 55059.20682817 20.118
 82  90.573795  60.053173    50.808    50.835  6 55094.20678077 22.106
 83  90.581577  60.046173    51.743    51.926  5 55129.20677000 21.171
 84  90.578683  60.048540    55.787    55.528  5 55164.20674325 29.685
 85  90.582467  60.044790    57.753    57.602  5 55199.20676160  6.206
 87  90.583584  60.049631    56.987    56.505  3 55269.20675540  5.938
 88  90.574284  60.051066    64.169    65.527  5 55304.20672807  4.856
 89  90.580543  60.046979    58.296    58.443  5 55339.20672823 19.758
 90  90.579646  60.048423    53.301    52.654  5 55374.20671965 33.986
 92  90.579246  60.047042    59.976    60.287  5 55444.20673699 11.588
