# NaN NaN NaN ;Mean Elev.(m), Avg Gradient(m/km), RMS Gradient(m/km) - SRTM1     
#  -15.124  -4.906  10.448 ;Mean Elev.(m), Avg Gradient(m/km), RMS Gradient(m/km) - ASTER GDEM
#    1.196  -4.847  10.083 ;Mean Elev.(m), Avg Gradient(m/km), RMS Gradient(m/km) - GMTED2010 
  7    38.951 52449.22570921 10.79  88.067051  65.662938  5.192
  7    39.095 52449.22570985 10.11  88.063931  65.659848  5.192
  7    28.503 52449.22571050 11.75  88.060821  65.656748  5.192
  7    45.666 52449.22571114 11.07  88.057701  65.653658  5.192
  7    28.561 52449.22571179 11.14  88.054581  65.650568  5.192
  7    56.027 52449.22571437  4.04  88.042126  65.638179  5.079
  7    66.069 52449.22571501  1.33  88.039016  65.635089  5.079
  8    64.652 52484.22569607  8.33  88.067014  65.662290  2.946
  8    64.904 52484.22569671  6.48  88.063894  65.659200  2.946
  8    71.809 52484.22569736  5.60  88.060774  65.656100  2.946
  8    71.474 52484.22569800  4.57  88.057664  65.653010  2.946
  8    72.985 52484.22569864  2.66  88.054544  65.649910  2.946
  8    73.719 52484.22569929  2.01  88.051434  65.646820  2.946
  8    73.895 52484.22569993  1.96  88.048324  65.643720  2.946
  8    73.503 52484.22570058  1.34  88.045204  65.640630  2.946
  8    78.071 52484.22570122  0.68  88.042094  65.637530  2.946
  8    76.875 52484.22570187  0.65  88.038984  65.634440  2.946
  9    68.832 52519.22565667 10.71  88.067665  65.665764  4.227
  9    68.865 52519.22565732 10.26  88.064545  65.662674  4.227
  9    70.664 52519.22565796  9.76  88.061435  65.659574  4.227
  9    71.435 52519.22565860  8.44  88.058315  65.656484  4.227
  9    71.953 52519.22565925  8.26  88.055205  65.653384  4.227
  9    73.118 52519.22565989  6.48  88.052085  65.650294  4.227
  9    73.508 52519.22566054  5.39  88.048974  65.647202  3.191
  9    73.227 52519.22566118  5.55  88.045864  65.644102  3.191
  9    74.839 52519.22566183  4.64  88.042754  65.641012  3.191
  9    76.634 52519.22566247  4.01  88.039644  65.637912  3.191
  9    74.647 52519.22566312  4.58  88.036524  65.634822  3.191
 10    74.565 52554.22571067  4.29  88.064039  65.648348  2.738
 10    78.445 52554.22571131  3.08  88.060929  65.645258  2.738
 10    78.756 52554.22571196  2.80  88.057809  65.642158  2.738
 10    78.914 52554.22571260  1.40  88.054699  65.639068  2.738
 10    76.004 52554.22571325  1.09  88.051579  65.635968  2.738
 10    74.478 52554.22571389  1.65  88.048469  65.632878  2.738
 10    79.165 52554.22571454  0.55  88.045359  65.629778  2.738
 10    78.708 52554.22571518  0.28  88.042249  65.626688  2.738
 10    75.687 52554.22571582  0.00  88.039139  65.623588  2.738
 11    27.707 52589.22569361 11.88  88.064476  65.656517 10.549
 11    27.884 52589.22569426 12.30  88.061356  65.653417 10.549
 11    28.104 52589.22569490 10.14  88.058246  65.650327 10.549
 11    28.422 52589.22569555 10.12  88.055126  65.647227 10.549
 11     8.005 52589.22569683 32.09  88.048906  65.641037 10.549
 11     7.696 52589.22569748 38.65  88.045796  65.637947 10.549
 11     7.652 52589.22569812 35.07  88.042686  65.634847 10.549
 11     8.608 52589.22569877 33.35  88.039566  65.631757 10.549
 12    48.521 52624.22563849  1.87  88.052181  65.648516  3.716
 12    45.508 52624.22563913  4.48  88.049061  65.645426  3.716
 12    15.833 52624.22563978  8.72  88.045951  65.642326  3.716
 12    10.333 52624.22564042 12.71  88.042841  65.639236  3.716
 12    10.844 52624.22564107 13.36  88.039731  65.636136  3.716
 12    12.434 52624.22564171 12.93  88.036621  65.633046  3.716
 13    17.475 52659.22566636  6.23  88.047166  65.633722  3.056
 13    11.276 52659.22566700 11.13  88.044056  65.630622  3.056
 13    11.261 52659.22566765 12.11  88.040946  65.627532  3.056
 15    10.631 52729.22567895  7.69  88.065722  65.650043  3.394
 15    10.693 52729.22567960  7.81  88.062602  65.646943  3.394
 15    11.066 52729.22568024  7.38  88.059492  65.643853  3.394
 16    64.735 52764.22568254 10.42  88.080849  65.691433  3.517
 16    63.453 52764.22568318  9.93  88.077729  65.688343  3.517
 16    62.673 52764.22568383  9.18  88.074609  65.685253  3.517
 16    68.512 52764.22568447  8.59  88.071489  65.682153  3.517
 16    70.229 52764.22568512  8.64  88.068369  65.679063  3.517
 16    62.116 52764.22568576  8.14  88.065249  65.675963  3.517
 16    62.486 52764.22568641  7.08  88.062129  65.672873  3.517
 16    63.660 52764.22568705  7.13  88.059009  65.669773  3.517
 16    64.486 52764.22568770  6.01  88.055889  65.666683  3.517
 16    65.605 52764.22568834  5.45  88.052779  65.663583  3.517
 16    66.282 52764.22568899  5.18  88.049659  65.660493  3.517
 16    67.903 52764.22568963  5.03  88.046549  65.657393  3.517
 16    68.599 52764.22569028  4.65  88.043429  65.654303  3.517
 16    69.948 52764.22569092  4.01  88.040319  65.651203  3.517
 16    70.065 52764.22569156  2.38  88.037209  65.648113  3.517
 16    69.967 52764.22569221  2.57  88.034099  65.645013  3.517
 17    82.416 52799.22567397 14.49  88.064336  65.634513  3.441
 17    82.733 52799.22567461 12.68  88.061226  65.631413  3.441
 17    82.768 52799.22567526 11.74  88.058116  65.628323  3.441
 17    82.731 52799.22567590 10.21  88.054996  65.625223  3.441
 17    82.191 52799.22567655  8.61  88.051886  65.622133  3.441
 17    99.577 52799.22567719  7.81  88.048776  65.619033  3.441
 17    99.987 52799.22567783  6.55  88.045666  65.615943  3.441
 17    99.314 52799.22567848  5.17  88.042556  65.612843  3.441
 17    77.565 52799.22567912  6.23  88.039456  65.609753  3.441
 17    96.825 52799.22567977  5.24  88.036346  65.606653  3.441
 18    63.459 52834.22574287 10.38  88.064304  65.636614  5.456
 18    37.789 52834.22574351 14.88  88.061194  65.633514  5.456
 18    65.798 52834.22574673  6.14  88.045634  65.618044  5.456
 19     6.219 52869.22578357 38.02  88.064707  65.644261  9.935
 19     5.582 52869.22578421 40.94  88.061587  65.641161  9.935
 19     6.415 52869.22578486 38.40  88.058477  65.638071  9.935
 19     6.727 52869.22578550 37.58  88.055367  65.634971  9.935
 19     6.938 52869.22578614 37.93  88.052257  65.631881  9.935
 19     6.844 52869.22578679 38.40  88.049137  65.628781  9.935
 19     6.789 52869.22578743 39.26  88.046027  65.625691  9.935
 19     6.437 52869.22578808 38.77  88.042917  65.622591  9.935
 20    71.357 52904.22578971 10.09  88.064978  65.657398  4.006
 20    71.694 52904.22579035  7.68  88.061868  65.654298  4.006
 20    72.326 52904.22579100  6.52  88.058748  65.651208  4.006
 20    73.479 52904.22579164  5.71  88.055638  65.648108  4.006
 20    73.572 52904.22579229  5.63  88.052518  65.645018  4.006
 20    76.545 52904.22579293  3.74  88.049413  65.641927  3.881
 20    77.666 52904.22579358  3.40  88.046303  65.638827  3.881
 20    77.894 52904.22579422  1.77  88.043183  65.635737  3.881
 20    76.482 52904.22579486  1.82  88.040073  65.632637  3.881
 20    76.680 52904.22579551  0.83  88.036963  65.629547  3.881
 21    62.042 52939.22571947  3.24  88.078993  65.685196  6.831
 21    61.481 52939.22572011  3.03  88.075873  65.682096  6.831
 21    35.887 52939.22572205 11.45  88.066513  65.672816  6.831
 21    54.550 52939.22572269  7.58  88.063393  65.669716  6.831
 21    60.454 52939.22572333  2.96  88.060283  65.666626  6.831
 21    66.324 52939.22572398  3.42  88.057163  65.663526  6.831
 21    67.603 52939.22572462  3.67  88.054053  65.660436  6.831
 21    46.176 52939.22572527  5.50  88.050933  65.657336  6.831
 21    24.305 52939.22572849  9.65  88.035373  65.641866  6.831
 22    16.407 52974.22576876  4.03  88.053597  65.636749  4.677
 22     6.232 52974.22577005 16.25  88.047367  65.630559  4.677
 22     6.368 52974.22577070 16.77  88.044257  65.627469  4.677
 22     6.649 52974.22577134 16.25  88.041147  65.624369  4.677
 22     6.978 52974.22577199 15.53  88.038037  65.621279  4.677
 23    69.087 53009.22576993  0.91  88.069419  65.664234  3.495
 23    69.751 53009.22577057  0.76  88.066309  65.661144  3.495
 23    70.607 53009.22577122  0.22  88.063189  65.658044  3.495
 23    18.820 53009.22577573  2.12  88.041388  65.636384  3.229
 23    18.636 53009.22577638  5.81  88.038278  65.633284  3.229
 24    62.346 53044.22573749  1.98  88.043679  65.622654  2.751
 24    17.475 53044.22573813  4.82  88.040569  65.619554  2.751
 24    16.633 53044.22573878  6.65  88.037459  65.616464  2.751
 25    68.236 53079.22576281  1.55  88.068212  65.665748  3.375
 25    69.259 53079.22576345  1.62  88.065102  65.662658  3.375
 25    68.834 53079.22576410  1.61  88.061982  65.659558  3.375
 25    71.520 53079.22576474  0.94  88.058862  65.656468  3.375
 26    24.080 53114.22574187  3.69  88.040215  65.622066  2.492
 26    25.038 53114.22574251  3.75  88.037105  65.618976  2.492
 27    33.476 53149.22578080 18.16  88.065333  65.655660  5.518
 27    33.692 53149.22578145 10.54  88.062223  65.652560  5.518
 27    12.309 53149.22578274 25.61  88.055995  65.646374 16.262
 27    11.840 53149.22578338 25.16  88.052875  65.643274 16.262
 27    12.404 53149.22578403 21.78  88.049765  65.640184 16.262
 27    12.959 53149.22578467 20.58  88.046655  65.637084 16.262
 27    13.353 53149.22578532 22.86  88.043535  65.633994 16.262
 27    13.476 53149.22578596 25.33  88.040425  65.630894 16.262
 27    13.431 53149.22578660 30.02  88.037315  65.627804 16.262
 28    63.850 53184.22577865  7.57  88.060172  65.639946  7.297
 28    62.894 53184.22577929  7.57  88.057052  65.636855  8.196
 28    70.706 53184.22578058  2.36  88.050832  65.630665  8.196
 28    74.432 53184.22578123  0.60  88.047722  65.627565  8.196
 29    52.866 53219.22580052  3.92  88.065433  65.656755  5.063
 29    62.266 53219.22580117  2.63  88.062323  65.653665  5.063
 29    48.475 53219.22580181  4.70  88.059203  65.650565  5.063
 29    62.499 53219.22580245  3.07  88.056093  65.647475  5.063
 29    61.432 53219.22580310  4.82  88.052973  65.644375  5.063
 29    17.512 53219.22580439  7.27  88.046757  65.638184 13.951
 29    18.163 53219.22580503  7.36  88.043637  65.635094 13.951
 29    17.973 53219.22580568 11.12  88.040527  65.631994 13.951
 30     6.486 53254.22578058 46.61  88.039317  65.645379 15.058
 30     6.494 53254.22578122 48.03  88.036205  65.642284 15.895
 31    74.319 53289.22578469  4.33  88.065863  65.648134  3.659
 31    74.022 53289.22578533  4.76  88.062753  65.645034  3.659
 31    79.089 53289.22578598  2.80  88.059633  65.641944  3.659
 31    72.634 53289.22578662  3.18  88.056523  65.638844  3.659
 31    78.817 53289.22578727  1.64  88.053413  65.635754  3.659
 31    79.282 53289.22578791  0.82  88.050293  65.632664  3.659
 31    74.966 53289.22578856  0.65  88.047183  65.629564  3.659
 31    78.928 53289.22578920  0.71  88.044073  65.626474  3.659
 32    77.894 53324.22575999  1.31  88.065455  65.649356  4.328
 32    78.168 53324.22576064  0.90  88.062335  65.646266  4.328
 32    73.674 53324.22576128  3.76  88.059225  65.643166  4.328
 32    73.719 53324.22576193  3.05  88.056115  65.640076  4.328
 32    78.240 53324.22576257  3.18  88.052995  65.636976  4.328
 32    75.156 53324.22576322  2.61  88.049885  65.633886  4.328
 32    47.307 53324.22576386  3.30  88.046775  65.630786  4.328
 32    71.410 53324.22576451  4.95  88.043665  65.627696  4.328
 32    41.168 53324.22576515  9.24  88.040555  65.624596  4.328
 33    47.216 53359.22572311  2.06  88.052270  65.645497  3.304
 33    17.436 53359.22572376  2.79  88.049150  65.642407  3.304
 33    11.370 53359.22572440  9.07  88.046040  65.639307  3.304
 33    16.723 53359.22572505  9.58  88.042930  65.636217  3.304
 33    16.995 53359.22572569  9.74  88.039820  65.633117  3.304
 33    12.881 53359.22572634  8.77  88.036710  65.630027  3.304
 34    16.088 53394.22574336  7.98  88.050203  65.628556  3.444
 34    11.497 53394.22574400  9.95  88.047093  65.625456  3.444
 34    12.085 53394.22574465 10.58  88.043983  65.622366  3.444
 34    15.008 53394.22574529  9.87  88.040875  65.619274  2.945
 34    13.960 53394.22574593  9.77  88.037765  65.616174  2.945
 34    13.694 53394.22574658 10.12  88.034655  65.613084  2.945
 35    68.611 53429.22573072  1.07  88.067349  65.661000  3.355
 35    69.523 53429.22573137  0.73  88.064229  65.657900  3.355
 35    63.559 53429.22573201  0.56  88.061119  65.654810  3.355
 35    42.785 53429.22573524  2.35  88.045549  65.639330  3.355
 35    18.886 53429.22573588  3.20  88.042439  65.636240  3.355
 35    18.038 53429.22573653  7.87  88.039329  65.633140  3.355
 36    80.278 53464.22575820  2.71  88.064365  65.638146  2.757
 36    80.036 53464.22575885  1.67  88.061255  65.635056  2.757
 36    79.789 53464.22575949  1.50  88.058135  65.631966  2.757
 36    80.158 53464.22576014  0.48  88.055025  65.628866  2.757
 37    10.016 53499.22582306 20.34  88.052312  65.646440  9.925
 37    10.634 53499.22582370 17.77  88.049202  65.643350  9.925
 37    10.786 53499.22582435 20.16  88.046082  65.640250  9.925
 37    11.305 53499.22582499 18.56  88.042972  65.637160  9.925
 37    11.455 53499.22582563 22.60  88.039862  65.634060  9.925
 37    11.734 53499.22582628 24.75  88.036752  65.630970  9.925
 38    71.904 53534.22580594 11.86  88.065798  65.655680  3.021
 38    73.834 53534.22580659 11.00  88.062678  65.652580  3.021
 38    74.165 53534.22580723  9.41  88.059568  65.649490  3.021
 38    74.526 53534.22580787  9.10  88.056448  65.646390  3.021
 38    74.807 53534.22580852  9.07  88.053338  65.643300  3.021
 38    74.517 53534.22580916  7.94  88.050228  65.640200  3.021
 38    74.891 53534.22580981  7.28  88.047118  65.637110  3.021
 38    78.431 53534.22581045  5.80  88.044008  65.634010  3.021
 38    77.970 53534.22581110  5.57  88.040898  65.630920  3.021
 38    77.334 53534.22581174  4.01  88.037788  65.627820  3.021
 39    58.560 53569.22581905  6.83  88.066638  65.664547  3.907
 39    59.518 53569.22581970  5.62  88.063518  65.661457  3.907
 39    61.126 53569.22582034  4.63  88.060398  65.658357  3.907
 39    61.636 53569.22582099  3.78  88.057288  65.655267  3.907
 39    62.498 53569.22582163  2.54  88.054168  65.652167  3.907
 39    70.790 53569.22582228  1.32  88.051058  65.649077  3.907
 39    71.073 53569.22582292  0.09  88.047938  65.645977  3.907
 41    73.365 53639.22576956  6.79  88.056387  65.636480  4.168
 41    75.958 53639.22577021  5.05  88.053277  65.633390  4.168
 41    79.996 53639.22577085  3.14  88.050167  65.630290  4.168
 41    79.236 53639.22577150  3.08  88.047057  65.627200  4.168
 41    78.889 53639.22577214  1.14  88.043937  65.624100  4.168
 41    78.652 53639.22577279  0.36  88.040827  65.621010  4.168
 42    71.541 53674.22578573  0.31  88.065973  65.657640  4.537
 42    72.430 53674.22578637  0.04  88.062853  65.654550  4.537
 42    58.054 53674.22578895  2.07  88.050393  65.642170  4.537
 42    69.770 53674.22578960  2.32  88.047283  65.639070  4.537
 42    26.709 53674.22579024  6.39  88.044173  65.635980  4.537
 42    26.715 53674.22579089 13.51  88.041053  65.632880  4.537
 42    26.538 53674.22579153 13.94  88.037943  65.629790  4.537
 43    18.431 53709.22572058  3.18  88.043170  65.638448  3.408
 43    18.038 53709.22572123  7.07  88.040060  65.635358  3.408
 43    10.529 53709.22572187 12.73  88.036950  65.632258  3.408
 44    62.454 53744.22562142  1.26  88.078393  65.684141  3.486
 44    17.114 53744.22562916  5.76  88.041013  65.647001  3.486
 44    17.101 53744.22562980 10.84  88.037903  65.643911  3.486
 44    16.734 53744.22563045 11.28  88.034793  65.640811  3.486
 45    77.315 53779.22565767  0.13  88.064818  65.647131  2.842
 45    29.294 53779.22566219  3.06  88.043038  65.625461  2.842
 45    17.893 53779.22566283  5.24  88.039928  65.622371  2.842
 46    64.232 53814.22562562  2.91  88.068417  65.672616  3.514
 46    65.073 53814.22562626  2.14  88.065297  65.669516  3.514
 46    65.362 53814.22562691  1.85  88.062177  65.666426  3.514
 46    67.177 53814.22562755  1.34  88.059067  65.663326  3.514
 46    68.033 53814.22562820  1.47  88.055947  65.660236  3.514
 46    69.991 53814.22562884  0.46  88.052837  65.657136  3.514
 46    70.145 53814.22562949  0.52  88.049727  65.654046  3.514
 46    70.534 53814.22563013  0.32  88.046607  65.650946  3.514
 47    35.142 53849.22569474  1.76  88.045688  65.627178  2.761
 47    27.202 53849.22569538  3.42  88.042568  65.624078  2.761
 47    16.181 53849.22569603  6.01  88.039468  65.620988  2.761
 47    14.589 53849.22569667  8.36  88.036358  65.617894  2.453
 49    63.665 53919.22576791  7.94  88.066751  65.663251  3.228
 49    63.885 53919.22576856  6.77  88.063631  65.660161  3.228
 49    70.199 53919.22576920  5.10  88.060511  65.657061  3.228
 49    70.427 53919.22576985  5.07  88.057401  65.653971  3.228
 49    71.169 53919.22577049  3.55  88.054281  65.650871  3.228
 49    72.177 53919.22577114  1.64  88.051171  65.647781  3.228
 49    71.659 53919.22577178  1.00  88.048051  65.644681  3.228
 49    71.727 53919.22577243  1.36  88.044941  65.641591  3.228
 49    72.645 53919.22577307  0.39  88.041831  65.638491  3.228
 49    71.888 53919.22577372  0.19  88.038711  65.635401  3.228
 50    55.041 53954.22576833  6.62  88.066944  65.666169  6.822
 50    56.388 53954.22576897  4.14  88.063834  65.663069  6.822
 50    59.669 53954.22576961  3.58  88.060714  65.659979  6.822
 50    60.548 53954.22577026  5.20  88.057594  65.656879  6.822
 50    60.794 53954.22577090  4.76  88.054484  65.653789  6.822
 50    61.474 53954.22577219  4.12  88.048254  65.647599  6.822
 50    61.192 53954.22577348  2.18  88.042024  65.641409  6.822
 50    60.860 53954.22577413  0.49  88.038914  65.638309  6.822
 50    27.350 53954.22577477  5.33  88.035804  65.635219  6.822
 52    70.754 54024.22575716  0.57  88.052141  65.628747  3.916
 52    26.471 54024.22575845 10.06  88.045921  65.622557  3.916
 52    26.476 54024.22575910 13.50  88.042811  65.619467  3.916
 52    26.228 54024.22575974 16.96  88.039696  65.616373  7.912
 52    26.392 54024.22576039 19.86  88.036596  65.613273  7.912
 53    17.541 54059.22575090  6.73  88.045309  65.625752  3.546
 53    17.086 54059.22575154 10.53  88.042199  65.622652  3.546
 53    11.723 54059.22575219 15.09  88.039089  65.619562  3.546
 53    10.216 54059.22575283 16.16  88.035982  65.616465  3.965
 55    35.341 54129.22567190  3.09  88.041357  65.613598  3.161
 55    17.547 54129.22567255  4.82  88.038247  65.610498  3.161
 55    15.321 54129.22567319  7.27  88.035137  65.607408  3.161
 56    70.822 54164.22569218  0.46  88.067057  65.661508  3.129
 56    70.727 54164.22569282  0.14  88.063937  65.658408  3.129
 56    18.280 54164.22569798  4.49  88.039037  65.633648  3.129
 58    21.085 54234.22571022 29.44  88.056431  65.639539 10.097
 58    20.895 54234.22571087 26.68  88.053311  65.636439 10.097
 58    20.750 54234.22571151 25.21  88.050201  65.633349 10.097
 58    20.657 54234.22571216 26.00  88.047091  65.630249 10.097
 58    20.939 54234.22571280 25.19  88.043981  65.627159 10.097
 58    21.328 54234.22571344 25.60  88.040870  65.624064 10.627
 59    73.711 54269.22572704 13.05  88.065089  65.653457  2.981
 59    74.736 54269.22572769 12.04  88.061969  65.650357  2.981
 59    76.437 54269.22572833 10.39  88.058859  65.647267  2.981
 59    78.464 54269.22572898  9.92  88.055739  65.644167  2.981
 59    78.768 54269.22572962  9.82  88.052629  65.641077  2.981
 59    79.161 54269.22573026  9.04  88.049519  65.637977  2.981
 59    79.093 54269.22573091  7.99  88.046409  65.634887  2.981
 59    79.588 54269.22573155  7.27  88.043299  65.631787  2.981
 59    78.688 54269.22573220  6.93  88.040189  65.628697  2.981
 60    63.042 54304.22573037  7.36  88.066827  65.653792  3.553
 60    73.176 54304.22573101  4.21  88.063707  65.650692  3.553
 60    73.775 54304.22573166  3.47  88.060597  65.647602  3.553
 60    73.957 54304.22573230  2.47  88.057477  65.644502  3.553
 60    71.518 54304.22573295  3.25  88.054367  65.641412  3.553
 60    80.526 54304.22573359  1.62  88.051257  65.638312  3.553
 60    80.423 54304.22573424  1.15  88.048137  65.635222  3.553
 60    80.150 54304.22573488  0.47  88.045027  65.632122  3.553
 61    65.616 54339.22571330  9.12  88.067044  65.660461  3.100
 61    71.635 54339.22571394  7.82  88.063924  65.657361  3.100
 61    72.716 54339.22571459  6.93  88.060814  65.654271  3.100
 61    73.170 54339.22571523  6.27  88.057694  65.651171  3.100
 61    73.931 54339.22571588  4.85  88.054584  65.648081  3.100
 61    74.691 54339.22571652  4.24  88.051464  65.644981  3.100
 61    74.232 54339.22571717  3.38  88.048354  65.641891  3.100
 61    77.540 54339.22571781  2.97  88.045244  65.638791  3.100
 61    76.426 54339.22571846  2.75  88.042134  65.635701  3.100
 61    76.684 54339.22571910  2.17  88.039024  65.632601  3.100
 62    76.430 54374.22566546  4.55  88.065066  65.646712  3.395
 62    76.759 54374.22566611  4.23  88.061946  65.643612  3.395
 62    76.648 54374.22566675  3.58  88.058836  65.640522  3.395
 62    76.501 54374.22566740  3.78  88.055726  65.637432  3.395
 62    79.642 54374.22566804  1.85  88.052606  65.634332  3.395
 62    79.379 54374.22566869  1.70  88.049500  65.631241  5.286
 62    79.427 54374.22566933  2.37  88.046390  65.628141  5.286
 62    78.971 54374.22566998  1.52  88.043280  65.625051  5.286
 63    50.183 54409.22566036  3.16  88.064222  65.654918  4.484
 63    16.440 54409.22566100  5.41  88.061112  65.651818  4.484
 63    10.901 54409.22566165 11.12  88.057992  65.648728  4.484
 63     5.901 54409.22566229 18.95  88.054882  65.645628  4.484
 63     6.080 54409.22566294 20.76  88.051762  65.642538  4.484
 63     6.188 54409.22566358 20.84  88.048652  65.639438  4.484
 63     6.580 54409.22566423 20.46  88.045542  65.636348  4.484
 63     6.789 54409.22566487 20.13  88.042429  65.633255  7.773
 63     7.100 54409.22566552 21.22  88.039319  65.630155  7.773
 65    43.545 54479.22565378  2.03  88.051180  65.638427  3.496
 65    17.302 54479.22565443  4.18  88.048070  65.635327  3.496
 65    17.646 54479.22565507  6.44  88.044960  65.632237  3.496
 65    10.250 54479.22565572 11.73  88.041850  65.629137  3.496
 65    10.172 54479.22565636 12.56  88.038740  65.626047  3.496
 66    29.307 54514.22564745  3.08  88.046959  65.620663  2.996
 66     7.964 54514.22564809 10.16  88.043849  65.617563  2.996
 66     8.475 54514.22564873 10.39  88.040739  65.614473  2.996
 66    11.815 54514.22564938 10.89  88.037629  65.611373  2.996
 66    11.466 54514.22565002 10.06  88.034519  65.608283  2.996
 67    69.968 54549.22566207  2.09  88.069474  65.664233  3.114
 67    70.980 54549.22566272  2.43  88.066354  65.661143  3.114
 67    71.579 54549.22566336  1.63  88.063234  65.658053  3.114
 67    71.810 54549.22566401  2.26  88.060124  65.654953  3.114
 67    73.658 54549.22566465  1.52  88.057011  65.651864  2.742
 67    74.622 54549.22566530  0.00  88.053891  65.648764  2.742
 69    63.007 54619.22565659 15.12  88.066115  65.653002  3.887
 69    74.346 54619.22565724 13.68  88.062995  65.649912  3.887
 69    75.150 54619.22565788 11.72  88.059885  65.646812  3.887
 69    75.584 54619.22565853  9.83  88.056765  65.643722  3.887
 69    75.662 54619.22565917  8.73  88.053655  65.640622  3.887
 69    75.719 54619.22565981  7.95  88.050545  65.637532  3.887
 69    77.453 54619.22566046  7.59  88.047435  65.634432  3.887
 69    75.365 54619.22566110  7.31  88.044325  65.631342  3.887
 69    76.240 54619.22566175  5.63  88.041205  65.628242  3.887
 70    72.925 54654.22566746  8.21  88.065174  65.655507  3.272
 70    74.173 54654.22566810  7.69  88.062053  65.652411  2.970
 70    74.645 54654.22566875  6.70  88.058943  65.649321  2.970
 70    77.286 54654.22566939  5.53  88.055823  65.646221  2.970
 70    74.483 54654.22567004  6.33  88.052713  65.643131  2.970
 70    78.396 54654.22567068  5.29  88.049603  65.640031  2.970
 70    78.353 54654.22567133  4.54  88.046493  65.636941  2.970
 70    79.223 54654.22567197  3.72  88.043373  65.633841  2.970
 70    78.491 54654.22567261  3.01  88.040263  65.630751  2.970
 71    65.114 54689.22565363  8.02  88.069093  65.663051  3.566
 71    65.169 54689.22565428  6.91  88.065973  65.659951  3.566
 71    70.156 54689.22565492  4.69  88.062853  65.656861  3.566
 71    72.218 54689.22565557  4.41  88.059743  65.653761  3.566
 71    73.083 54689.22565621  3.54  88.056623  65.650671  3.566
 71    73.743 54689.22565686  2.12  88.053516  65.647580  6.622
 71    78.958 54689.22565750  1.33  88.050396  65.644480  6.622
 71    79.522 54689.22565815  1.13  88.047286  65.641390  6.622
 71    78.577 54689.22565879  0.78  88.044176  65.638290  6.622
 71    78.980 54689.22565944  0.47  88.041066  65.635200  6.622
 72    78.062 54724.22561912  7.97  88.065275  65.639714  2.477
 72    78.154 54724.22561976  7.04  88.062155  65.636624  2.477
 72    72.727 54724.22562040  8.11  88.059045  65.633524  2.477
 72    61.916 54724.22562105  8.45  88.055935  65.630434  2.477
 72    82.384 54724.22562169  2.15  88.052825  65.627334  2.477
 73    27.335 54759.22563123 20.34  88.065163  65.656457  4.621
 73    27.451 54759.22563188 20.26  88.062043  65.653357  4.621
 73    27.547 54759.22563252 19.48  88.058938  65.650262 10.626
 73     7.341 54759.22563381 45.34  88.052708  65.644072 10.626
 73     7.512 54759.22563446 46.16  88.049598  65.640982 10.626
 73     7.813 54759.22563510 45.29  88.046478  65.637882 10.626
 73     7.921 54759.22563575 42.02  88.043368  65.634792 10.626
 73     7.790 54759.22563639 43.05  88.040258  65.631692 10.626
 73     7.585 54759.22563703 45.08  88.037148  65.628602 10.626
 74    59.687 54794.22561326  0.88  88.062618  65.636736  7.006
 74    42.408 54794.22561390  0.55  88.059508  65.633646  7.006
 74    26.692 54794.22561455  4.36  88.056398  65.630546  7.006
 74     7.143 54794.22561648 28.41  88.047058  65.621266  7.006
 74     7.265 54794.22561713 27.37  88.043948  65.618166  7.006
 74     7.356 54794.22561777 27.72  88.040838  65.615076  7.006
 74     7.257 54794.22561842 27.72  88.037738  65.611976  7.006
 74     7.557 54794.22561906 27.55  88.034628  65.608886  7.006
 75    74.400 54829.22563068  2.14  88.066582  65.653362  3.394
 75    75.981 54829.22563133  1.61  88.063465  65.650266  3.485
 75    76.036 54829.22563197  0.85  88.060355  65.647176  3.485
 75    76.156 54829.22563262  0.96  88.057235  65.644076  3.485
 76    31.851 54864.22561041  2.71  88.047321  65.623879  3.033
 76    28.585 54864.22561105  3.43  88.044211  65.620789  3.033
 76    14.349 54864.22561170  8.01  88.041101  65.617689  3.033
 76    14.132 54864.22561234  9.87  88.037991  65.614599  3.033
 76    13.242 54864.22561299 11.02  88.034881  65.611499  3.033
 77    69.452 54899.22562873  1.10  88.068263  65.662454  3.584
 77    69.931 54899.22562937  1.06  88.065153  65.659364  3.584
 77    71.595 54899.22563002  0.68  88.062033  65.656264  3.584
 77    72.279 54899.22563066  1.39  88.058920  65.653168  2.772
 77    18.649 54899.22563453  4.18  88.040240  65.634598  2.772
 77    34.566 54899.22563518  3.83  88.037130  65.631508  2.772
 78    77.671 54934.22559938  0.91  88.063892  65.645286  2.685
 78    78.276 54934.22560002  0.30  88.060782  65.642196  2.685
 79    14.092 54969.22563249 25.69  88.061755  65.648301 24.012
 79    14.006 54969.22563313 25.42  88.058635  65.645211 24.012
 79    13.841 54969.22563378 24.07  88.055525  65.642121 24.012
 79    13.568 54969.22563442 24.97  88.052415  65.639021 24.012
 79    13.498 54969.22563507 24.53  88.049305  65.635921 24.012
 79    13.593 54969.22563571 24.09  88.046185  65.632831 24.012
 79    13.765 54969.22563636 24.23  88.043075  65.629731 24.012
 79    13.976 54969.22563700 28.30  88.039965  65.626641 24.012
 80    70.774 55004.22565067 11.47  88.066588  65.657169  3.622
 80    71.760 55004.22565131 11.70  88.063468  65.654069  3.622
 80    71.713 55004.22565195 11.32  88.060351  65.650974  7.557
 80    71.752 55004.22565260 11.23  88.057241  65.647884  7.557
 80    59.297 55004.22565324 12.61  88.054121  65.644784  7.557
 80    62.187 55004.22565389 12.33  88.051011  65.641694  7.557
 80    61.626 55004.22565453 11.76  88.047901  65.638594  7.557
 80    34.628 55004.22565518 12.73  88.044791  65.635504  7.557
 80    34.409 55004.22565582 12.55  88.041671  65.632404  7.557
 80    34.311 55004.22565647 12.54  88.038561  65.629314  7.557
 81    62.999 55039.22563828  3.52  88.066885  65.654482  4.765
 81    63.487 55039.22564085  1.26  88.054427  65.642105 11.637
 81    25.762 55039.22564408  5.76  88.038867  65.626625 11.637
 82    54.218 55074.22562081  5.91  88.067004  65.662548  4.647
 82    60.336 55074.22562145  5.23  88.063884  65.659448  4.647
 82    61.513 55074.22562210  2.98  88.060774  65.656358  4.647
 82    70.620 55074.22562274  2.25  88.057654  65.653258  4.647
 82    71.453 55074.22562339  0.42  88.054544  65.650168  4.647
 83    77.168 55109.22557315  8.37  88.063345  65.642055  2.638
 83    77.025 55109.22557379  9.15  88.060225  65.638955  2.638
 83    79.305 55109.22557444  7.67  88.057115  65.635865  2.638
 83    79.762 55109.22557508  7.06  88.054005  65.632765  2.638
 83    79.480 55109.22557573  5.69  88.050895  65.629675  2.638
 83    80.194 55109.22557637  3.18  88.047785  65.626575  2.638
 83    95.194 55109.22557701  2.11  88.044665  65.623485  2.638
 83    98.356 55109.22557766  1.36  88.041555  65.620385  2.638
 83    97.700 55109.22557830  0.27  88.038455  65.617295  2.638
 85    15.127 55179.22554904  6.49  88.060869  65.633207  3.773
 85     8.633 55179.22555033 15.18  88.054649  65.627017  3.773
 85     9.298 55179.22555097 15.26  88.051529  65.623917  3.773
 85    10.411 55179.22555162 14.21  88.048419  65.620827  3.773
 85    11.548 55179.22555226 13.70  88.045309  65.617727  3.773
 85    11.985 55179.22555290 13.63  88.042199  65.614637  3.773
 85    12.049 55179.22555355 13.75  88.039099  65.611537  3.773
 85    13.077 55179.22555419 13.86  88.035989  65.608447  3.773
 86    49.321 55214.22557073  2.61  88.056927  65.647338  3.443
 86    16.201 55214.22557137  4.76  88.053817  65.644238  3.443
 86     8.445 55214.22557266 15.20  88.047597  65.638048  3.443
 86     8.286 55214.22557330 15.28  88.044477  65.634958  3.443
 86    17.101 55214.22557395 13.24  88.041367  65.631858  3.443
 86    10.349 55214.22557459 12.63  88.038257  65.628768  3.443
 87    34.282 55249.22554924  2.28  88.048731  65.627123  2.554
 87    16.310 55249.22554988  5.91  88.045621  65.624033  2.554
 87    13.176 55249.22555053  8.84  88.042511  65.620933  2.554
 87    13.177 55249.22555117  9.37  88.039411  65.617843  2.554
 87    13.594 55249.22555182  9.23  88.036301  65.614743  2.554
 88    68.686 55284.22556121  3.86  88.068468  65.663566  3.424
 88    69.451 55284.22556185  3.99  88.065348  65.660476  3.424
 88    70.539 55284.22556250  3.26  88.062228  65.657386  3.424
 88    72.469 55284.22556314  3.18  88.059118  65.654286  3.424
 88    73.032 55284.22556379  2.41  88.056005  65.651187  2.886
 88    74.247 55284.22556443  1.07  88.052885  65.648097  2.886
 88    74.561 55284.22556508  0.42  88.049775  65.644997  2.886
 89     7.478 55319.22553608  7.84  88.054802  65.645422  9.449
 89     7.940 55319.22553672  5.57  88.051692  65.642332  9.449
 89     8.710 55319.22553737  4.60  88.048582  65.639232  9.449
 89     9.139 55319.22553801  5.75  88.045472  65.636142  9.449
 89     8.492 55319.22553865 11.45  88.042362  65.633042  9.449
 89     8.458 55319.22553930  8.41  88.039242  65.629952  9.449
 90    71.211 55354.22553570 16.06  88.065169  65.656734  3.747
 90    73.254 55354.22553635 14.92  88.062049  65.653634  3.747
 90    74.015 55354.22553699 13.61  88.058942  65.650537  2.375
 90    77.272 55354.22553763 11.99  88.055822  65.647447  2.375
 90    76.585 55354.22553828 12.08  88.052712  65.644347  2.375
 90    78.146 55354.22553892 11.31  88.049602  65.641257  2.375
 90    80.048 55354.22553957 10.44  88.046492  65.638157  2.375
 90    79.003 55354.22554021  9.76  88.043372  65.635067  2.375
 90    79.130 55354.22554086  9.12  88.040262  65.631967  2.375
 90    78.479 55354.22554150  8.56  88.037152  65.628877  2.375
 91    77.371 55389.22553852  4.82  88.054735  65.634716  2.477
 91    79.157 55389.22553917  3.85  88.051625  65.631626  2.477
 91    80.049 55389.22553981  3.05  88.048515  65.628526  2.477
 91    79.980 55389.22554046  1.03  88.045405  65.625436  2.477
 91    78.784 55389.22554110  0.30  88.042295  65.622336  2.477
 92    71.563 55424.22555321  4.60  88.066782  65.654902  4.215
 92    73.356 55424.22555386  3.23  88.063672  65.651802  4.215
 92    74.809 55424.22555450  1.91  88.060556  65.648704  9.839
 92    74.519 55424.22555515  1.79  88.057436  65.645614  9.839
 92    74.581 55424.22555579  1.41  88.054326  65.642514  9.839
 92    74.944 55424.22555643  1.31  88.051216  65.639424  9.839
 93    62.222 55459.22552221 12.33  88.067816  65.663541  4.071
 93    63.708 55459.22552285 10.18  88.064696  65.660451  4.071
 93    70.409 55459.22552350  9.79  88.061586  65.657351  4.071
 93    70.992 55459.22552414  8.92  88.058466  65.654261  4.071
 93    72.442 55459.22552479  7.16  88.055356  65.651171  4.071
 93    73.467 55459.22552543  5.70  88.052236  65.648071  4.071
 93    73.405 55459.22552608  4.93  88.049130  65.644980  3.537
 93    73.740 55459.22552672  5.27  88.046020  65.641880  3.537
 93    75.933 55459.22552737  3.68  88.042900  65.638790  3.537
 93    77.262 55459.22552801  2.61  88.039790  65.635690  3.537
 93    76.678 55459.22552866  2.09  88.036680  65.632600  3.537
