# NaN NaN NaN ;Mean Elev.(m), Avg Gradient(m/km), RMS Gradient(m/km) - SRTM1     
#    0.515  -3.856  10.048 ;Mean Elev.(m), Avg Gradient(m/km), RMS Gradient(m/km) - ASTER GDEM
#    0.489  -4.553  10.235 ;Mean Elev.(m), Avg Gradient(m/km), RMS Gradient(m/km) - GMTED2010 
  7  84.166452  69.611454     2.078     3.505 11 52467.24881048 32.866
  9  84.172453  69.598937     1.157     0.443  8 52537.24878942 28.502
 10  84.159704  69.604710     0.066     0.039  8 52572.24882643 38.288
 11  84.163262  69.611110     0.288     0.297 11 52607.24878240 15.667
 12  84.170872  69.606058     1.180     0.853 11 52642.24878185 11.569
 13  84.162680  69.612144     0.718     0.643 12 52677.24876706  9.278
 14  84.170251  69.605825     0.593     0.385 10 52712.24879978  8.627
 15  84.158718  69.618050     0.563     0.540 13 52747.24882482  8.865
 16  84.167305  69.598034     2.532     2.012  7 52782.24876728 29.193
 17  84.172779  69.603427     4.193     4.400 10 52817.24884538 22.083
 18  84.162842  69.599838     2.771     3.584  5 52852.24889678 22.591
 20  84.153035  69.609861     1.665     2.235  8 52922.24888453 25.779
 21  84.176604  69.603123     2.527     3.223 10 52957.24885045 19.323
 22  84.173363  69.608232     1.694     1.529 11 52992.24887126 13.090
 23  84.163091  69.612264     0.838     0.510 11 53027.24883639 11.167
 24  84.173778  69.607078     0.911     1.225 11 53062.24884591 10.632
 25  84.157450  69.617185     0.098    -0.035 12 53097.24886736  9.114
 26  84.174239  69.603739     0.543     0.573 10 53132.24884329  8.894
 28  84.166406  69.609150     3.233     3.907 11 53202.24892038 26.868
 29  84.164084  69.610582     2.330     1.661 12 53237.24888928 29.983
 30  84.173810  69.596119     4.048     4.373  8 53272.24884804 22.328
 31  84.167709  69.609438    -0.013    -0.009 12 53307.24891041 41.637
 36  84.168965  69.610171     1.075     1.223 11 53482.24892314  7.397
 37  84.158521  69.605695     4.626     4.171  8 53517.24892580 27.182
 38  84.149672  69.604433     4.268     3.818  5 53552.24894723 20.926
 39  84.155722  69.605608     3.586     4.042  7 53587.24890024 21.846
 40  84.171836  69.603506     3.451     4.598 10 53622.24886676 29.696
 41  84.169886  69.606470     3.534     3.921 10 53657.24889423 27.027
 42  84.160837  69.611840    -0.224    -0.195 11 53692.24887862 20.273
 43  84.159398  69.617235     0.117     0.115 13 53727.24880120 13.553
 44  84.173990  69.599740     0.606     0.529  9 53762.24875801 12.203
 45  84.161860  69.612794     0.409     0.312 11 53797.24876816 10.301
 47  84.170386  69.607899     0.485     0.513 12 53867.24882731  7.363
 48  84.162815  69.607078     6.234     5.736 10 53902.24885784 19.946
 49  84.160682  69.611932     2.465     3.616 11 53937.24889496 24.369
 50  84.158936  69.614341     3.542     3.875 11 53972.24885919 24.189
 52  84.173472  69.604874    -0.319    -0.391 10 54042.24887073 24.979
 54  84.156889  69.618773     0.255     0.146 13 54112.24880261 12.294
 56  84.156509  69.616150     0.178     0.094 11 54182.24879103 10.347
 57  84.169123  69.606381     0.439     0.435 10 54217.24881572 16.172
 58  84.160257  69.604261     6.035     6.107  7 54252.24884207 27.392
 59  84.161643  69.607674     4.298     4.552  9 54287.24884652 22.037
 60  84.166317  69.609371     2.799     3.832 12 54322.24884328 30.833
 61  84.157794  69.615354     4.155     3.784 11 54357.24880129 23.707
 62  84.164422  69.606606     2.947     4.202 10 54392.24878435 33.662
 63  84.162295  69.611277     0.317     0.097 11 54427.24875210 17.301
 64  84.171056  69.606128     0.894     0.876 11 54462.24876189 12.172
 65  84.163963  69.612327     0.206     0.322 11 54497.24875988 10.925
 66  84.167595  69.605861     0.388     0.231 10 54532.24877529  9.623
 67  84.159164  69.616200     0.646     0.486 13 54567.24876425  9.314
 68  84.166471  69.607683     2.271     1.893 10 54602.24877018  5.416
 69  84.165421  69.611131     3.313     2.985 12 54637.24878111 37.612
 70  84.155814  69.605682     4.445     4.449  7 54672.24878567 20.063
 71  84.160766  69.612242     2.177     3.662 12 54707.24874397 27.635
 72  84.153678  69.597025     6.396     6.007  3 54742.24875220 18.600
 73  84.161237  69.609613     0.473     0.384 10 54777.24872596 30.047
 74  84.174048  69.606545     0.518     0.694 11 54812.24874345 15.151
 75  84.162022  69.612808     0.584     0.422 11 54847.24872553 13.150
 76  84.170334  69.609421     0.377     0.352 12 54882.24874642 11.048
 77  84.157741  69.616849     0.180     0.177 12 54917.24872794 10.285
 78  84.168173  69.608844     1.791     1.718 12 54952.24874021  8.195
 79  84.167712  69.610362     5.163     5.172 11 54987.24876441 35.756
 80  84.166073  69.611460     3.528     3.504 12 55022.24875682 24.004
 81  84.163358  69.610280     3.517     3.636 11 55057.24875318 20.775
 82  84.160368  69.616530     2.291     3.524 13 55092.24870855 30.160
 83  84.162814  69.605159     2.247     2.681  9 55127.24869408 27.435
 84  84.162342  69.611873    -0.237    -0.240 11 55162.24867080 20.875
 85  84.168967  69.605175    -0.323    -0.299 10 55197.24868477 17.786
 86  84.161845  69.616311     0.223     0.186 12 55232.24867388 15.446
 87  84.167608  69.608507     0.352     0.344 11 55267.24867917 13.402
 88  84.161580  69.616647     0.338     0.316 12 55302.24865417 11.857
 89  84.153051  69.602317     0.821     0.914  6 55337.24865491 19.864
 90  84.163512  69.609379     2.151     2.120 10 55372.24864337 41.817
 91  84.166554  69.604871     4.210     4.873  9 55407.24866404 21.929
 92  84.161842  69.609559     3.969     4.238 11 55442.24866239 22.815
 93  84.153034  69.612319     3.888     4.245 10 55477.24860320 25.154
