# NaN NaN NaN ;Mean Elev.(m), Avg Gradient(m/km), RMS Gradient(m/km) - SRTM1     
#    6.082  -2.492   7.318 ;Mean Elev.(m), Avg Gradient(m/km), RMS Gradient(m/km) - ASTER GDEM
#    1.505  -3.471   9.419 ;Mean Elev.(m), Avg Gradient(m/km), RMS Gradient(m/km) - GMTED2010 
  8  84.799512  69.738403    13.051     8.473 10 52485.61484595 22.672
  9  84.816087  69.731697     5.711     5.508 12 52520.61480994 14.009
 10  84.792058  69.728561     0.819     0.083 14 52555.61486120 24.931
 11  84.804894  69.731538    59.374    57.812 15 52590.61485076  3.298
 12  84.810162  69.741241    60.324    60.940  6 52625.61477968  0.894
 15  84.772756  69.758022    13.146     8.797  5 52730.61483046  5.907
 16  84.813786  69.733460    72.940    70.379 14 52765.61483520  4.726
 17  84.793103  69.727930     6.572     6.574 14 52800.61482873 45.591
 18  84.795134  69.730678     0.549     0.591 15 52835.61489659 42.888
 19  84.803120  69.731786     0.299    -0.349 13 52870.61493775 29.631
 20  84.812004  69.730363     5.770     5.618 13 52905.61493719 19.414
 21  84.809565  69.714769     0.822     0.780  5 52940.61486639 33.651
 23  84.825906  69.716033    51.054    46.824  5 53010.61491692  1.314
 24  84.816267  69.712420    43.954    43.698  3 53045.61487952  0.346
 26  84.764507  69.745848    -0.360    -0.466  9 53115.61489148  7.508
 27  84.763943  69.754098    78.226    79.239  6 53150.61494021  1.632
 28  84.805009  69.733890     2.996     2.267 15 53185.61492466 36.934
 29  84.809653  69.731904     1.517     0.657 14 53220.61495007 28.874
 30  84.801248  69.741850    19.929    22.156  8 53255.61492876 19.432
 32  84.816890  69.727562    53.157    46.366  4 53325.61491164  0.543
 33  84.776555  69.762023    -1.956    -2.010  5 53360.61487778  8.751
 34  84.786174  69.734441     2.993    -0.927 11 53395.61489172 11.179
 35  84.777360  69.760698     7.238     3.101  5 53430.61488912  7.939
 36  84.792141  69.729578    -0.854    -1.071 14 53465.61491209  9.574
 38  84.815958  69.727576     6.137     5.514 11 53535.61495955 17.701
 39  84.799956  69.733801     5.546     5.498 15 53570.61497083 21.376
 40  84.784158  69.758693    21.259     7.279  7 53605.61492323 15.002
 41  84.800943  69.721442     0.860    -0.413  9 53640.61491585 23.063
 42  84.771170  69.749933    19.186     6.932  9 53675.61494129 28.927
 43  84.819090  69.735159    58.033    54.415 14 53710.61486728  1.769
 44  84.793866  69.725007    58.003    46.401  3 53745.61477589  0.350
 46  84.778619  69.768244    74.990    74.990  2 53815.61478463  0.646
 48  84.809987  69.730873     9.524     6.600  7 53885.61485342 28.896
 49  84.799590  69.727770     5.583     5.509 13 53920.61492201 16.982
 50  84.805700  69.726811     3.943     3.406 11 53955.61491974 15.405
 51  84.831975  69.729877     2.044     1.992  9 53990.61483832 44.740
 52  84.798336  69.726485     0.601     0.801 13 54025.61490390 28.040
 53  84.800086  69.738878    60.910    60.558  8 54060.61489914  1.568
 54  84.816937  69.733887    37.538    38.348  4 54095.61487235  3.009
 55  84.770956  69.742878     6.251     1.729  8 54130.61482112  9.682
 56  84.814021  69.729551    30.418    30.418  2 54165.61484340  1.985
 57  84.765449  69.750033     0.263     0.423  7 54200.61482545  8.329
 58  84.781700  69.744689    73.722    86.481  3 54235.61486169  0.352
 59  84.813626  69.727219     6.003     5.860 11 54270.61487817 19.603
 60  84.805080  69.730792     4.625     5.322 14 54305.61488176 19.826
 61  84.814573  69.731677     6.134     6.508 14 54340.61486400 15.723
 62  84.801016  69.729340     5.094     5.460 13 54375.61481601 18.253
 63  84.806569  69.731558    55.841    55.700 14 54410.61481061  6.387
 64  84.762872  69.749211    71.741    82.984  6 54445.61478410  1.467
 65  84.763882  69.760916    79.261    79.553  3 54480.61480810  0.685
 67  84.809668  69.734783     4.499     0.238 14 54550.61481539  6.351
 69  84.801402  69.733436     9.701     9.678 15 54620.61480952 41.057
 70  84.809066  69.728172     6.154     6.073 12 54655.61481879 14.545
 71  84.808274  69.733132     6.071     5.824 14 54690.61480537 17.348
 72  84.795558  69.728924     1.821    -0.071 15 54725.61477000 31.114
 73  84.809758  69.728913    47.391    31.140  9 54760.61478110 11.609
 74  84.790021  69.728323    61.864    61.097 14 54795.61476326  2.176
 75  84.826185  69.716583    52.102    46.555  5 54830.61477866  1.273
 76  84.802966  69.723697    54.132    46.745  4 54865.61475706  0.497
 78  84.789455  69.736926    66.157    66.574  6 54935.61475131  0.475
 79  84.822937  69.717546    56.020    46.045  5 54970.61477975  2.152
 80  84.809576  69.727218     5.888     5.645 12 55005.61480130 18.149
 81  84.809630  69.728986     3.101     3.313 12 55040.61478949 16.155
 82  84.778629  69.755472    19.717     7.962  8 55075.61477704 20.957
 83  84.803390  69.725541     0.608    -0.545 11 55110.61472154 22.832
 84  84.803474  69.733079    60.482    59.231 15 55145.61472548  2.982
 85  84.817939  69.710293    44.605    44.895  3 55180.61469537  0.935
 86  84.822547  69.721674    38.493    39.008  4 55215.61471754  1.570
 88  84.776146  69.756888     6.402     2.083  6 55285.61471880  7.540
 90  84.812782  69.727488     7.934     7.981 12 55355.61468653 35.897
 91  84.793246  69.731870     0.978     1.014 16 55390.61468809 46.684
 92  84.802314  69.733810     2.744     0.299 15 55425.61470486 23.988
 93  84.807462  69.738162     5.267     5.680 12 55460.61467365 21.078
