# NaN NaN NaN ;Mean Elev.(m), Avg Gradient(m/km), RMS Gradient(m/km) - SRTM1     
#   38.507 -17.113  19.492 ;Mean Elev.(m), Avg Gradient(m/km), RMS Gradient(m/km) - ASTER GDEM
#   61.793  -8.452  15.694 ;Mean Elev.(m), Avg Gradient(m/km), RMS Gradient(m/km) - GMTED2010 
  8    64.475 52485.20499550 15.45  90.944192  59.534135  7.824
  8    59.556 52485.20499615 14.52  90.942052  59.530965  7.824
  8    53.704 52485.20499679 15.67  90.939912  59.527795  7.824
  8    53.883 52485.20499744 15.89  90.937772  59.524615  7.824
  9    60.912 52520.20495949 30.35  90.943203  59.536490 11.285
  9    60.602 52520.20496014 20.78  90.941063  59.533310 11.285
  9    60.593 52520.20496078 11.09  90.938923  59.530140 11.285
  9    62.243 52520.20496143 10.69  90.936783  59.526970 11.285
 11    52.391 52590.20499870 25.85  90.945791  59.535774 14.052
 11    52.505 52590.20499935 29.49  90.943651  59.532604 14.052
 11    52.729 52590.20499999 34.08  90.941511  59.529424 14.052
 11    52.917 52590.20500064 41.55  90.939371  59.526254 14.052
 11    52.828 52590.20500128 46.06  90.937241  59.523074 14.052
 12    55.742 52625.20493085 16.29  90.946105  59.534803  5.041
 12    55.996 52625.20493149 16.09  90.943965  59.531633  5.041
 12    56.117 52625.20493214 16.15  90.941825  59.528453  5.041
 12    56.153 52625.20493278 17.44  90.939685  59.525283  5.041
 13    55.645 52660.20496511 11.87  90.948649  59.533377  6.869
 13    55.999 52660.20496575 11.92  90.946509  59.530197  6.869
 13    56.322 52660.20496640 11.28  90.944369  59.527027  6.869
 13    56.441 52660.20496704 11.48  90.942229  59.523847  6.869
 13    56.633 52660.20496769 12.00  90.940089  59.520677  6.869
 14    55.275 52695.20494617 12.38  90.957299  59.525567  3.956
 14    55.387 52695.20494682 12.70  90.955159  59.522397  3.956
 14    56.936 52695.20494746 11.03  90.953019  59.519227  3.956
 14    58.028 52695.20494811 10.09  90.950879  59.516047  3.956
 15    58.594 52730.20497647 12.08  90.951680  59.531318  3.778
 15    57.931 52730.20497711 12.45  90.949540  59.528148  3.778
 15    59.857 52730.20497776 11.24  90.947400  59.524968  3.778
 15    61.889 52730.20497840 10.86  90.945260  59.521798  3.778
 15    63.413 52730.20497905 10.72  90.943120  59.518618  3.778
 17    62.071 52800.20497764 24.53  90.957674  59.525753  7.015
 17    62.059 52800.20497828 24.09  90.955534  59.522583  7.015
 17    54.607 52800.20497893 28.32  90.953390  59.519410  7.676
 17    61.139 52800.20497957 24.85  90.951250  59.516230  7.676
 18    53.069 52835.20504518 29.11  90.957143  59.528288  7.937
 18    53.643 52835.20504582 31.45  90.955003  59.525108  7.937
 18    53.578 52835.20504647 44.71  90.952863  59.521938  7.937
 18    54.307 52835.20504711 47.19  90.950723  59.518768  7.937
 18    54.108 52835.20504776 35.73  90.948585  59.515593  8.393
 19    68.688 52870.20508633 17.56  90.953822  59.530723  6.577
 19    53.373 52870.20508698 16.98  90.951682  59.527553  6.577
 19    53.626 52870.20508762 17.37  90.949542  59.524373  6.577
 19    53.601 52870.20508827 17.37  90.947402  59.521203  6.577
 19    56.660 52870.20508891 17.72  90.945272  59.518033  6.577
 22    54.927 52975.20506643 13.49  90.951475  59.531367  5.769
 22    55.130 52975.20506708 13.41  90.949335  59.528187  5.769
 22    55.083 52975.20506772 14.18  90.947195  59.525017  5.769
 22    55.136 52975.20506837 15.20  90.945055  59.521847  5.769
 22    55.047 52975.20506901 15.82  90.942915  59.518667  5.769
 23    57.654 53010.20507066 10.81  90.943684  59.535074  9.752
 23    58.278 53010.20507130 10.55  90.941544  59.531894  9.752
 23    59.059 53010.20507195  9.39  90.939404  59.528724  9.752
 23    59.531 53010.20507259  8.96  90.937264  59.525544  9.752
 24    56.283 53045.20503327 10.31  90.952291  59.529412  7.487
 24    58.134 53045.20503391  9.53  90.950151  59.526242  7.487
 24    58.376 53045.20503456  9.56  90.948011  59.523062  7.487
 24    60.150 53045.20503520  9.38  90.945881  59.519892  7.487
 25    58.934 53080.20506672 12.02  90.941067  59.534775  5.901
 25    58.035 53080.20506737 12.44  90.938927  59.531605  5.901
 25    58.213 53080.20506801 12.58  90.936787  59.528425  5.901
 25    60.073 53080.20506866 12.87  90.934647  59.525255  5.901
 26    63.682 53115.20503749  2.98  90.950519  59.531245  3.228
 26    67.131 53115.20503813  2.80  90.948379  59.528075  3.228
 26    67.619 53115.20503878  3.12  90.946239  59.524895  3.228
 26    68.217 53115.20503942  3.00  90.944099  59.521725  3.228
 27    61.954 53150.20508396 26.35  90.945624  59.533274 16.105
 27    63.015 53150.20508461 22.32  90.943484  59.530104 16.105
 27    62.079 53150.20508525 20.80  90.941344  59.526924 16.105
 27    63.094 53150.20508590 20.12  90.939204  59.523754 16.105
 28    54.770 53185.20507518 34.58  90.955764  59.529980  9.291
 28    55.336 53185.20507583 32.43  90.953624  59.526810  9.291
 28    54.954 53185.20507647 42.10  90.951484  59.523630  9.291
 28    55.581 53185.20507712 32.34  90.949344  59.520460  9.291
 28    54.916 53185.20507776 34.37  90.947204  59.517290  9.291
 29    61.870 53220.20510027 13.50  90.947123  59.534648  7.581
 29    59.882 53220.20510091 11.86  90.944983  59.531478  7.581
 29    55.198 53220.20510156 12.05  90.942843  59.528298  7.581
 29    57.343 53220.20510220 11.71  90.940703  59.525128  7.581
 29    59.145 53220.20510285 11.28  90.938563  59.521948  7.581
 30    59.982 53255.20507670 25.25  90.937878  59.538526  6.629
 30    53.763 53255.20507734 25.37  90.935738  59.535346  6.629
 30    53.739 53255.20507799 26.14  90.933598  59.532176  6.629
 30    53.841 53255.20507863 25.38  90.931458  59.528996  6.629
 31    70.598 53290.20508687 16.90  90.950061  59.531870 13.385
 31    64.220 53290.20508751 11.66  90.947921  59.528690 13.385
 31    65.004 53290.20508816 11.95  90.945781  59.525520 13.385
 31    64.783 53290.20508880 14.69  90.943641  59.522340 13.385
 32    52.404 53325.20506170 21.77  90.951698  59.533197 16.976
 32    52.901 53325.20506234 21.71  90.949558  59.530027 16.976
 32    53.071 53325.20506299 25.44  90.947418  59.526847 16.976
 32    53.111 53325.20506363 30.78  90.945278  59.523677 16.976
 32    53.371 53325.20506428 39.29  90.943138  59.520497 16.976
 34    57.214 53395.20504031 11.13  90.953890  59.531262  4.404
 34    57.566 53395.20504095 10.27  90.951750  59.528092  4.404
 34    57.707 53395.20504160 10.24  90.949610  59.524912  4.404
 34    57.413 53395.20504224 10.34  90.947470  59.521742  4.404
 34    57.559 53395.20504289 10.96  90.945330  59.518562  4.404
 35    58.895 53430.20503310 10.93  90.944833  59.533405  4.132
 35    58.625 53430.20503375  9.75  90.942693  59.530235  4.132
 35    58.695 53430.20503439  9.04  90.940553  59.527065  4.132
 35    58.215 53430.20503504  8.84  90.938413  59.523885  4.132
 36    56.792 53465.20506110  6.50  90.955334  59.527293  8.121
 36    57.014 53465.20506175  5.89  90.953194  59.524113  8.121
 36    57.145 53465.20506239  6.05  90.951054  59.520943  8.121
 36    57.489 53465.20506304  6.08  90.948909  59.517770  2.494
 37    60.481 53500.20512138 27.15  90.944331  59.536270 17.187
 37    70.904 53500.20512203 27.03  90.942191  59.533100 17.187
 37    56.056 53500.20512267 30.86  90.940051  59.529920 17.187
 37    55.988 53500.20512332 24.86  90.937911  59.526750 17.187
 37    60.576 53500.20512396 23.30  90.935771  59.523570 17.187
 39    61.743 53570.20512029 29.26  90.942018  59.535819 10.802
 39    55.149 53570.20512094 26.32  90.939878  59.532649 10.802
 39    55.332 53570.20512158 25.73  90.937738  59.529479 10.802
 39    55.226 53570.20512223 26.09  90.935598  59.526299 10.802
 40    54.130 53605.20506777 30.55  90.939642  59.534947  7.666
 40    54.097 53605.20506841 30.80  90.937502  59.531767  7.666
 40    54.452 53605.20506906 31.30  90.935362  59.528597  7.666
 40    54.566 53605.20506970 30.72  90.933232  59.525417  7.666
 41    71.672 53640.20506739 11.98  90.953349  59.531230 13.650
 41    69.526 53640.20506803  9.54  90.951199  59.528060 13.650
 41    66.477 53640.20506868  9.20  90.949059  59.524890 13.650
 41    65.988 53640.20506932 10.15  90.946919  59.521710 13.650
 41    66.122 53640.20506997 11.64  90.944789  59.518540 13.650
 42    53.678 53675.20508669 23.31  90.946013  59.535746 16.292
 42    53.752 53675.20508733 28.21  90.943873  59.532576 16.292
 42    53.863 53675.20508798 41.20  90.941733  59.529406 16.292
 42    53.806 53675.20508862 32.49  90.939593  59.526226 16.292
 42    53.491 53675.20508927 22.92  90.937453  59.523056 16.292
 43    52.372 53710.20501727 26.15  90.944219  59.533760 13.456
 43    52.701 53710.20501791 30.99  90.942079  59.530580 13.456
 43    52.845 53710.20501856 34.09  90.939939  59.527410 13.456
 43    53.081 53710.20501920 40.24  90.937809  59.524230 13.456
 45    77.505 53780.20495824 11.88  90.951189  59.530094  4.420
 45    59.200 53780.20495888 12.15  90.949049  59.526924  4.420
 45    58.717 53780.20495953 11.38  90.946909  59.523744  4.420
 45    57.710 53780.20496017 11.33  90.944769  59.520574  4.420
 46    55.732 53815.20492762 12.41  90.939671  59.536887  4.151
 46    56.171 53815.20492827 12.21  90.937541  59.533717  4.151
 46    56.695 53815.20492891 11.28  90.935401  59.530547  4.151
 46    56.925 53815.20492956 10.67  90.933261  59.527367  4.151
 47    60.564 53850.20499230  7.08  90.952441  59.532779  6.845
 47    63.391 53850.20499294  6.86  90.950301  59.529599  6.845
 47    65.328 53850.20499359  5.91  90.948161  59.526429  6.845
 47    67.431 53850.20499423  6.56  90.946021  59.523249  6.845
 47    65.755 53850.20499488  8.98  90.943881  59.520079  6.845
 49    63.382 53920.20507161 27.89  90.940886  59.534119  6.644
 49    54.895 53920.20507225 26.28  90.938746  59.530949  6.644
 49    54.948 53920.20507290 27.09  90.936606  59.527769  6.644
 49    55.043 53920.20507354 27.03  90.934466  59.524599  6.644
 50    55.488 53955.20507093 27.25  90.938002  59.532984  6.075
 50    55.467 53955.20507158 26.77  90.935862  59.529814  6.075
 51    62.044 53990.20498858 29.89  90.943175  59.536259 12.957
 51    61.892 53990.20498922 19.47  90.941035  59.533089 12.957
 51    58.715 53990.20498986 13.15  90.938895  59.529909 12.957
 51    57.848 53990.20499051 13.01  90.936755  59.526739 12.957
 52    53.780 54025.20505465 19.08  90.954831  59.528382  9.805
 52    53.888 54025.20505530 18.14  90.952691  59.525202  9.805
 52    53.918 54025.20505594 17.16  90.950551  59.522032  9.805
 52    57.159 54025.20505658 16.46  90.948411  59.518852  9.805
 53    53.023 54060.20504760 28.15  90.953343  59.530578 20.342
 53    53.467 54060.20504825 32.39  90.951203  59.527398 20.342
 53    53.680 54060.20504889 42.56  90.949063  59.524228 20.342
 53    53.715 54060.20504954 45.30  90.946923  59.521048 20.342
 53    53.701 54060.20505018 46.29  90.944783  59.517878 20.342
 54    60.245 54095.20502238 21.81  90.940843  59.536305  8.809
 54    60.295 54095.20502302 25.10  90.938703  59.533135  8.809
 54    60.311 54095.20502367 31.08  90.936563  59.529955  8.809
 54    61.395 54095.20502431 22.38  90.934433  59.526785  8.809
 55    58.595 54130.20496753 10.95  90.957750  59.528579  9.124
 55    59.242 54130.20496818 10.07  90.955610  59.525409  9.124
 55    59.142 54130.20496882  9.86  90.953470  59.522229  9.124
 55    59.384 54130.20496947 10.58  90.951330  59.519059  9.124
 55    59.559 54130.20497011 10.79  90.949190  59.515889  9.124
 56    60.377 54165.20499358 10.67  90.944945  59.536391  6.213
 56    60.294 54165.20499423 10.16  90.942805  59.533221  6.213
 56    61.196 54165.20499487  9.41  90.940665  59.530041  6.213
 56    61.266 54165.20499552  9.53  90.938525  59.526871  6.213
 56    61.732 54165.20499616  9.22  90.936385  59.523691  6.213
 57    59.897 54200.20497016 13.27  90.954466  59.531205 10.305
 57    60.215 54200.20497080 12.08  90.952326  59.528025 10.305
 57    60.224 54200.20497145 13.41  90.950186  59.524855 10.305
 57    59.995 54200.20497209 14.84  90.948046  59.521675 10.305
 57    59.864 54200.20497274 16.67  90.945906  59.518505 10.305
 58    58.135 54235.20500898 31.54  90.950034  59.528780 11.525
 58    58.021 54235.20500962 45.35  90.947894  59.525600 11.525
 58    57.935 54235.20501026 42.96  90.945754  59.522430 11.525
 58    57.544 54235.20501091 32.58  90.943614  59.519250 11.525
 60    60.984 54305.20503131 24.13  90.950608  59.533975 14.751
 60    58.491 54305.20503195 12.72  90.948468  59.530805 14.751
 60    59.640 54305.20503260  8.56  90.946328  59.527625 14.751
 60    59.353 54305.20503324  7.86  90.944188  59.524455 14.751
 60    60.176 54305.20503389  8.02  90.942048  59.521275 14.751
 62    56.686 54375.20496618 27.23  90.951511  59.530266 12.025
 62    57.680 54375.20496682 27.37  90.949371  59.527086 12.025
 62    57.469 54375.20496747 31.12  90.947231  59.523916 12.025
 62    58.236 54375.20496811 31.22  90.945091  59.520746 12.025
 63    53.561 54410.20496098 20.93  90.946329  59.532407  9.709
 63    53.522 54410.20496162 29.40  90.944189  59.529237  9.709
 63    53.518 54410.20496227 22.96  90.942059  59.526057  9.709
 63    53.387 54410.20496291 18.84  90.939919  59.522887  9.709
 64    52.738 54445.20492932 22.60  90.957193  59.529336 17.305
 64    52.972 54445.20492997 26.57  90.955053  59.526166 17.305
 64    53.276 54445.20493061 31.29  90.952913  59.522986 17.305
 64    53.492 54445.20493126 35.74  90.950773  59.519816 17.305
 64    53.701 54445.20493190 42.10  90.948633  59.516646 17.305
 65    55.870 54480.20495201 12.41  90.948441  59.531024  7.086
 65    56.704 54480.20495266 10.83  90.946301  59.527844  7.086
 65    57.282 54480.20495330  9.31  90.944161  59.524674  7.086
 65    57.897 54480.20495395 10.03  90.942021  59.521504  7.086
 66    58.016 54515.20494373  9.64  90.957267  59.529739 10.086
 66    57.762 54515.20494438 10.52  90.955127  59.526569 10.086
 66    58.431 54515.20494502 10.97  90.952977  59.523389 10.086
 66    56.989 54515.20494567 12.97  90.950837  59.520219 10.086
 66    57.296 54515.20494631 13.92  90.948703  59.517046  6.086
 67    56.518 54550.20496429 12.29  90.945135  59.536314 12.055
 67    56.909 54550.20496493 11.93  90.942995  59.533134 12.055
 67    57.300 54550.20496558 10.59  90.940855  59.529964 12.055
 67    57.165 54550.20496622 12.40  90.938715  59.526794 12.055
 67    57.868 54550.20496687 11.22  90.936575  59.523614 12.055
 68    57.648 54585.20493912 27.26  90.950322  59.530953 15.715
 68    57.705 54585.20493977 29.41  90.948182  59.527783 15.715
 68    57.836 54585.20494041 28.60  90.946042  59.524603 15.715
 68    57.671 54585.20494106 23.59  90.943902  59.521433 15.715
 69    61.778 54620.20495810 28.06  90.950042  59.534367  8.579
 69    62.236 54620.20495874 18.76  90.947902  59.531187  8.579
 69    62.493 54620.20495939 18.23  90.945762  59.528017  8.579
 69    62.888 54620.20496003 20.60  90.943622  59.524837  8.579
 69    63.260 54620.20496067 20.07  90.941492  59.521667  8.579
 71    59.561 54690.20495555 13.96  90.943789  59.532018 14.254
 71    59.354 54690.20495620 11.48  90.941659  59.528838 14.254
 71    58.394 54690.20495684 11.84  90.939519  59.525668 14.254
 71    58.879 54690.20495749 11.31  90.937379  59.522488 14.254
 72    67.748 54725.20491986 15.19  90.955067  59.527937 10.065
 72    65.831 54725.20492051 16.94  90.952927  59.524757 10.065
 72    65.701 54725.20492115 17.27  90.950787  59.521587 10.065
 72    66.094 54725.20492180 15.64  90.948647  59.518417 10.065
 73    54.230 54760.20493160 26.54  90.947585  59.535181 10.912
 73    55.084 54760.20493225 27.95  90.945445  59.532011 10.912
 73    54.880 54760.20493289 38.62  90.943305  59.528831 10.912
 73    54.557 54760.20493354 35.64  90.941165  59.525661 10.912
 74    52.324 54795.20491345 25.84  90.955234  59.527535  8.773
 74    52.591 54795.20491409 28.37  90.953094  59.524355  8.773
 74    52.732 54795.20491473 32.26  90.950954  59.521185  8.773
 74    52.934 54795.20491538 36.33  90.948814  59.518012 10.325
 76    58.519 54865.20490757  9.87  90.956314  59.530796  9.178
 76    58.991 54865.20490821  8.84  90.954174  59.527626  9.178
 76    58.990 54865.20490886  7.49  90.952034  59.524446  9.178
 76    59.457 54865.20490950  7.67  90.949894  59.521276  9.178
 76    59.371 54865.20491015  8.51  90.947752  59.518104  4.688
 78    62.029 54935.20489924 10.60  90.953301  59.532359  8.576
 78    62.324 54935.20489988 10.98  90.951161  59.529179  8.576
 78    63.639 54935.20490052 10.38  90.949021  59.526009  8.576
 78    63.387 54935.20490117 10.31  90.946881  59.522829  8.576
 78    62.997 54935.20490181 10.48  90.944741  59.519659  8.576
 79    69.990 54970.20493219 26.62  90.950481  59.532887 12.248
 79    68.525 54970.20493284 21.07  90.948341  59.529717 12.248
 80    55.845 55005.20495220 25.45  90.945634  59.532752  9.115
 80    56.040 55005.20495284 26.17  90.943494  59.529572  9.115
 80    55.974 55005.20495349 25.18  90.941354  59.526402  9.115
 80    56.568 55005.20495413 25.58  90.939214  59.523222  9.115
 81    56.871 55040.20493968 12.54  90.948950  59.532526 10.490
 81    54.046 55040.20494033 11.90  90.946810  59.529346 10.490
 81    56.248 55040.20494097 10.58  90.944670  59.526176 10.490
 81    58.824 55040.20494162 10.85  90.942530  59.522996 10.490
 83    69.635 55110.20487269 12.28  90.953100  59.530048 11.003
 83    65.695 55110.20487334 12.73  90.950960  59.526878 11.003
 83    65.117 55110.20487398 12.94  90.948820  59.523698 11.003
 83    64.891 55110.20487462 14.22  90.946680  59.520528 11.003
 83    65.485 55110.20487527 14.30  90.944540  59.517358 11.003
 84    53.299 55145.20487535 27.84  90.945278  59.533305 15.850
 84    53.491 55145.20487599 32.51  90.943138  59.530125 15.850
 84    53.562 55145.20487664 36.64  90.940998  59.526955 15.850
 84    53.639 55145.20487728 44.26  90.938858  59.523775 15.850
 85    58.061 55180.20484910  7.29  90.956235  59.527177  5.701
 85    58.391 55180.20484975  7.32  90.954095  59.523997  5.701
 85    58.644 55180.20485039  6.87  90.951955  59.520827  5.701
 85    58.745 55180.20485104  7.18  90.949816  59.517654  3.865
 86    59.706 55215.20486966  6.83  90.947004  59.534139  6.704
 86    59.196 55215.20487030  8.35  90.944864  59.530969  6.704
 86    58.932 55215.20487095  8.35  90.942724  59.527789  6.704
 86    59.580 55215.20487159  6.63  90.940584  59.524619  6.704
 87    58.776 55250.20484612  7.72  90.954486  59.529347  7.149
 87    59.716 55250.20484676  6.78  90.952346  59.526167  7.149
 87    59.205 55250.20484741  5.94  90.950206  59.522997  7.149
 87    61.104 55250.20484805  6.04  90.948066  59.519827  7.149
 87    61.922 55250.20484870  6.42  90.945932  59.516653  3.773
 88    59.595 55285.20486447  8.95  90.939492  59.528944  7.346
 88    59.971 55285.20486512 11.79  90.937352  59.525764  7.346
 89    70.315 55320.20483563 24.47  90.947803  59.535212 14.377
 89    61.967 55320.20483692 23.26  90.943523  59.528862 14.377
 89    59.320 55320.20483756 24.85  90.941383  59.525692 14.377
 89    60.293 55320.20483821 24.89  90.939243  59.522512 14.377
 91    70.669 55390.20483698 30.03  90.953345  59.532008 15.301
 91    56.175 55390.20483763 30.52  90.951205  59.528838 15.301
 91    56.016 55390.20483827 32.10  90.949065  59.525658 15.301
 91    56.920 55390.20483891 39.32  90.946925  59.522488 15.301
 91    56.613 55390.20483956 44.32  90.944785  59.519318 15.301
