# NaN NaN NaN ;Mean Elev.(m), Avg Gradient(m/km), RMS Gradient(m/km) - SRTM1     
#    1.211   1.973  10.441 ;Mean Elev.(m), Avg Gradient(m/km), RMS Gradient(m/km) - ASTER GDEM
#    0.181   1.907   8.420 ;Mean Elev.(m), Avg Gradient(m/km), RMS Gradient(m/km) - GMTED2010 
  7    57.569 52470.25271329  7.83  83.370744  70.054908  5.257
  7    65.131 52470.25271394  4.12  83.366304  70.051928  5.257
  7    64.137 52470.25271458  2.48  83.361864  70.048938  5.257
  7    62.911 52470.25271523  1.93  83.357424  70.045948  5.257
  7    64.113 52470.25271587  0.25  83.352994  70.042968  5.257
  8    58.527 52505.25269617 13.30  83.370435  70.056314 10.845
  8    58.451 52505.25269681  9.95  83.365995  70.053334 10.845
  8    62.680 52505.25269746  7.13  83.361555  70.050344 10.845
  8    62.221 52505.25269810  6.02  83.357115  70.047354 10.845
  8    60.788 52505.25269875  4.33  83.352684  70.044375  9.163
  8    59.889 52505.25269939  3.13  83.348244  70.041385  9.163
  8    59.345 52505.25270004  2.03  83.343814  70.038395  9.163
  8    58.351 52505.25270068  1.06  83.339374  70.035415  9.163
  8    55.942 52505.25270133  0.42  83.334944  70.032425  9.163
  8    51.713 52505.25270197  1.57  83.330514  70.029435  9.163
  9     0.998 52540.25267901 22.79  83.394931  70.051671 11.652
  9     0.863 52540.25267966 23.95  83.390491  70.048681 11.652
  9     0.733 52540.25268030 21.86  83.386051  70.045701 11.652
  9    -0.001 52540.25268095 21.45  83.381611  70.042711 11.652
  9    -0.695 52540.25268159 22.08  83.377171  70.039721 11.652
  9    -1.365 52540.25268224 24.36  83.372731  70.036741 11.652
  9    -0.156 52540.25268288 22.54  83.368301  70.033751 11.652
  9     0.491 52540.25268353 21.05  83.363861  70.030761 11.652
  9     1.274 52540.25268417 20.50  83.359431  70.027781 11.652
  9     2.094 52540.25268481 20.96  83.355001  70.024791 11.652
  9     2.582 52540.25268546 22.86  83.350571  70.021811 11.652
 11    66.657 52610.25268536  4.01  83.371040  70.056262  2.654
 11    65.783 52610.25268601  4.11  83.366600  70.053272  2.654
 11    64.580 52610.25268665  3.14  83.362160  70.050292  2.654
 11    63.142 52610.25268730  3.02  83.357729  70.047296  2.886
 11    62.149 52610.25268794  2.52  83.353289  70.044316  2.886
 11    64.404 52610.25268859  0.43  83.348859  70.041326  2.886
 12    68.073 52645.25267543  2.92  83.380723  70.052605  2.408
 12    67.484 52645.25267608  2.25  83.376283  70.049615  2.408
 12    66.133 52645.25267672  2.17  83.371843  70.046635  2.408
 12    64.557 52645.25267737  1.09  83.367413  70.043645  2.408
 12    62.979 52645.25267801  0.75  83.362973  70.040665  2.408
 12    61.849 52645.25267866  0.07  83.358532  70.037670  2.635
 16     2.510 52785.25266881 21.59  83.389771  70.050167 13.321
 16     2.652 52785.25266945 15.79  83.385331  70.047177 13.321
 16     2.122 52785.25267010 18.58  83.380891  70.044193 10.838
 16     1.724 52785.25267074 18.24  83.376451  70.041203 10.838
 16     1.141 52785.25267139 19.85  83.372011  70.038223 10.838
 16     1.331 52785.25267203 20.80  83.367571  70.035233 10.838
 16     2.402 52785.25267268 21.40  83.363141  70.032243 10.838
 16     2.692 52785.25267332 23.14  83.358701  70.029263 10.838
 16     3.249 52785.25267397 26.52  83.354271  70.026273 10.838
 17    58.148 52820.25274388  5.30  83.386292  70.050787 20.841
 17    56.362 52820.25274516  4.07  83.377412  70.044817 20.841
 17    57.334 52820.25274581  2.01  83.372966  70.041829 10.012
 17    55.903 52820.25274645  1.70  83.368536  70.038839 10.012
 17    59.124 52820.25274710  0.84  83.364096  70.035859 10.012
 17    59.460 52820.25274774  1.24  83.359656  70.032869 10.012
 18     1.289 52855.25279182 23.56  83.384240  70.052565 14.822
 18     1.396 52855.25279246 24.04  83.379800  70.049585 14.822
 18     0.369 52855.25279311 26.22  83.375360  70.046595 14.822
 18    -0.103 52855.25279375 26.71  83.370920  70.043615 14.822
 18    -0.625 52855.25279440 27.04  83.366490  70.040621 20.934
 18    -0.148 52855.25279504 27.13  83.362050  70.037641 20.934
 18    -0.111 52855.25279569 28.61  83.357620  70.034651 20.934
 18     1.003 52855.25279633 25.92  83.353180  70.031661 20.934
 18     1.060 52855.25279698 27.94  83.348750  70.028681 20.934
 18     0.820 52855.25279762 31.90  83.344320  70.025691 20.934
 20    62.812 52925.25277929 12.54  83.352110  70.050952 11.869
 20    61.734 52925.25277994 11.63  83.347670  70.047972 11.869
 20    59.485 52925.25278058 10.72  83.343240  70.044982 11.869
 20    59.147 52925.25278123  9.60  83.338802  70.041997  7.299
 20    67.627 52925.25278187  6.56  83.334372  70.039007  7.299
 20    69.128 52925.25278251  5.08  83.329942  70.036027  7.299
 20    61.797 52925.25278316  3.81  83.325512  70.033037  7.299
 21    69.635 52960.25274568  4.98  83.391327  70.050245  3.094
 21    68.638 52960.25274632  4.32  83.386887  70.047255  3.094
 21    67.392 52960.25274697  3.38  83.382447  70.044265  3.094
 21    65.676 52960.25274761  3.39  83.378017  70.041285  3.094
 21    64.192 52960.25274825  2.57  83.373569  70.038294  3.177
 21    62.793 52960.25274890  2.08  83.369139  70.035314  3.177
 21    60.730 52960.25274954  1.73  83.364699  70.032324  3.177
 21    59.770 52960.25275019  0.90  83.360269  70.029334  3.177
 21    58.357 52960.25275083  0.08  83.355839  70.026354  3.177
 22    67.192 52995.25278051  2.22  83.378872  70.053387  2.837
 22    66.725 52995.25278115  1.98  83.374432  70.050397  2.837
 22    65.226 52995.25278180  0.86  83.369992  70.047417  2.837
 22    66.391 52995.25278244  0.22  83.365552  70.044427  2.837
 22    63.292 52995.25278309  0.07  83.361112  70.041447  2.837
 23    69.651 53030.25274379  1.03  83.361692  70.055837  2.443
 23    63.888 53030.25274444  0.42  83.357246  70.052859  2.548
 23    71.999 53030.25274508  0.54  83.352816  70.049869  2.548
 28    59.636 53205.25281942  6.24  83.375995  70.055786 10.448
 28    58.481 53205.25282006  3.76  83.371555  70.052796 10.448
 28    63.836 53205.25282071  2.85  83.367115  70.049806 10.448
 28    64.224 53205.25282135  0.47  83.362675  70.046826 10.448
 29    58.841 53240.25278739 10.09  83.372972  70.056597 13.755
 29    57.783 53240.25278803  6.64  83.368532  70.053617 13.755
 29    63.864 53240.25278868  4.51  83.364102  70.050627 13.755
 29    62.863 53240.25278932  1.87  83.359662  70.047637 13.755
 29    61.625 53240.25278997  1.34  83.355223  70.044657  7.116
 29    60.799 53240.25279061  0.12  83.350793  70.041667  7.116
 31    66.765 53310.25280177  5.65  83.375607  70.053870  3.531
 31    65.843 53310.25280242  5.67  83.371167  70.050890  3.531
 31    68.575 53310.25280306  5.55  83.366727  70.047900  3.531
 31    64.057 53310.25280371  4.60  83.362287  70.044920  3.531
 31    62.358 53310.25280435  3.94  83.357847  70.041930  3.531
 31    58.778 53310.25280500  5.24  83.353417  70.038940  3.531
 31    60.544 53310.25280564  3.86  83.348977  70.035960  3.531
 31    59.178 53310.25280629  4.18  83.344547  70.032970  3.531
 31    52.908 53310.25280693  3.79  83.340117  70.029980  3.531
 32    66.773 53345.25276786  0.91  83.370380  70.054857  2.383
 32    66.304 53345.25276850  1.26  83.365940  70.051877  2.383
 32    65.873 53345.25276915  0.18  83.361500  70.048887  2.383
 32    65.477 53345.25276979  0.00  83.357060  70.045897  2.383
 37    57.880 53520.25281949 12.08  83.377186  70.055533  6.411
 37    58.182 53520.25282014  7.64  83.372746  70.052553  6.411
 37    65.291 53520.25282078  6.34  83.368306  70.049563  6.411
 37    55.970 53520.25282142  8.12  83.363866  70.046583  6.411
 37    63.321 53520.25282207  5.26  83.359436  70.043593  6.411
 37    61.650 53520.25282271  2.63  83.354996  70.040603  6.411
 37    66.870 53520.25282336  0.41  83.350556  70.037623  6.411
 37    61.012 53520.25282400  0.52  83.346126  70.034633  6.411
 37    59.561 53520.25282465  0.05  83.341696  70.031643  6.411
 37    53.319 53520.25282529  1.88  83.337266  70.028663  6.411
 39    66.275 53590.25278574  7.30  83.373631  70.056415  9.375
 39    57.920 53590.25278639  5.17  83.369191  70.053425  9.375
 39    65.052 53590.25278703  3.68  83.364751  70.050445  9.375
 39    63.360 53590.25278768  1.68  83.360321  70.047455  9.375
 39    64.749 53590.25278832  1.55  83.355881  70.044465  9.375
 39    63.948 53590.25278897  0.66  83.351441  70.041485  9.375
 40     1.870 53625.25276746 18.30  83.388008  70.052130 16.333
 40     1.396 53625.25276811 15.83  83.383568  70.049150 16.333
 40     0.759 53625.25276875 17.37  83.379128  70.046160 16.333
 40     0.022 53625.25276940 17.74  83.374688  70.043180 16.333
 40     0.284 53625.25277004 17.41  83.370248  70.040190 16.333
 40     0.190 53625.25277069 18.18  83.365808  70.037200 16.333
 40     0.930 53625.25277133 18.52  83.361368  70.034220 16.333
 40     1.481 53625.25277197 18.73  83.356938  70.031230 16.333
 40     2.205 53625.25277262 17.25  83.352498  70.028250 16.333
 40     2.585 53625.25277326 20.54  83.348068  70.025260 16.333
 41    68.213 53660.25279371 13.74  83.381781  70.054018  5.405
 41    67.583 53660.25279435 12.11  83.377341  70.051038  5.405
 41    66.209 53660.25279500 12.27  83.372901  70.048048  5.405
 41    65.021 53660.25279564 10.64  83.368461  70.045068  5.405
 41    65.007 53660.25279629  9.15  83.364021  70.042078  5.405
 41    62.049 53660.25279693  8.73  83.359581  70.039088  5.405
 41    59.981 53660.25279758  8.58  83.355151  70.036108  5.405
 41    58.727 53660.25279822  8.09  83.350711  70.033118  5.405
 41    56.859 53660.25279887  6.54  83.346281  70.030128  5.405
 41    54.300 53660.25279951  6.57  83.341851  70.027148  5.405
 42    66.365 53695.25276745  7.71  83.366869  70.054975  3.030
 42    64.785 53695.25276810  7.66  83.362429  70.051995  3.030
 42    63.679 53695.25276874  7.20  83.357989  70.049005  3.030
 42    62.085 53695.25276939  6.29  83.353559  70.046015  3.030
 42    65.874 53695.25277003  4.62  83.349119  70.043035  3.030
 42    59.084 53695.25277068  4.81  83.344689  70.040045  3.030
 42    61.138 53695.25277132  4.29  83.340249  70.037055  3.030
 42    61.401 53695.25277196  3.17  83.335819  70.034075  3.030
 42    53.087 53695.25277261  3.70  83.331389  70.031085  3.030
 43    65.225 53730.25269029  4.08  83.362180  70.055762  2.593
 43    64.190 53730.25269094  3.57  83.357740  70.052782  2.593
 43    63.038 53730.25269158  3.01  83.353300  70.049792  2.593
 43    61.920 53730.25269223  1.52  83.348870  70.046802  2.593
 43    67.261 53730.25269287  0.55  83.344430  70.043822  2.593
 43    60.000 53730.25269351  0.47  83.340000  70.040832  2.593
 43    57.105 53730.25269416  0.05  83.335570  70.037842  2.593
 45    67.858 53800.25266181  1.19  83.368041  70.055726  2.156
 45    71.130 53800.25266246  0.90  83.363601  70.052746  2.156
 45    68.104 53800.25266310  0.12  83.359161  70.049756  2.156
 48    58.674 53905.25275939  8.10  83.374667  70.053053  9.142
 48    58.163 53905.25276004  5.77  83.370227  70.050063  9.142
 48    64.296 53905.25276068  3.75  83.365787  70.047073  9.142
 48    61.380 53905.25276133  3.29  83.361347  70.044093  9.142
 48    59.706 53905.25276197  1.91  83.356907  70.041103  9.142
 48    61.091 53905.25276262  0.16  83.352477  70.038123  9.142
 49    65.629 53940.25279150  2.43  83.367556  70.054597  9.604
 49    63.917 53940.25279214  2.85  83.363116  70.051617  9.604
 49    62.989 53940.25279279  1.90  83.358676  70.048627  9.604
 49    62.380 53940.25279343  0.84  83.354236  70.045637  9.604
 50    64.902 53975.25274994  1.30  83.358887  70.053877  5.645
 50    68.391 53975.25275058  1.26  83.354447  70.050897  5.645
 50    61.675 53975.25275123  0.38  83.350007  70.047907  5.645
 51    32.373 54010.25274705 12.54  83.391375  70.049473 11.586
 51    30.540 54010.25274769 13.62  83.386935  70.046493 11.586
 51     0.058 54010.25274834 15.16  83.382495  70.043503 11.586
 51    -0.300 54010.25274898 16.49  83.378055  70.040513 11.586
 51    -0.849 54010.25274963 17.30  83.373615  70.037533 11.586
 51    -0.645 54010.25275027 18.23  83.369175  70.034543 11.586
 51    -0.106 54010.25275092 18.79  83.364745  70.031563 11.586
 51     0.405 54010.25275156 19.80  83.360305  70.028573 11.586
 51     1.333 54010.25275221 21.09  83.355875  70.025583 11.586
 51     1.256 54010.25275285 23.71  83.351445  70.022603 11.586
 52    69.036 54045.25276396  4.90  83.385959  70.052582  2.768
 52    68.114 54045.25276460  4.48  83.381519  70.049592  2.768
 52    66.929 54045.25276525  4.08  83.377079  70.046612  2.768
 52    65.874 54045.25276589  3.82  83.372639  70.043622  2.768
 52    64.315 54045.25276654  3.32  83.368209  70.040642  2.768
 52    60.370 54045.25276718  3.22  83.363769  70.037652  2.768
 52    58.753 54045.25276783  2.63  83.359329  70.034662  2.768
 52    57.302 54045.25276847  1.44  83.354899  70.031682  2.768
 52    55.770 54045.25276912  0.61  83.350469  70.028692  2.768
 52    52.877 54045.25276976  0.67  83.346039  70.025702  2.768
 54    66.498 54115.25269166  0.40  83.360306  70.058260  2.253
 54    65.556 54115.25269231  0.26  83.355866  70.055270  2.253
 58    36.411 54255.25273827 14.13  83.376010  70.054574 17.886
 58    36.477 54255.25274021 14.40  83.362690  70.045614 17.886
 58    36.319 54255.25274085 12.53  83.358250  70.042634 17.886
 58    25.500 54255.25274150 21.67  83.353820  70.039644 17.886
 58    25.424 54255.25274214 21.81  83.349380  70.036654 17.886
 58    25.999 54255.25274279 21.94  83.344950  70.033674 17.886
 58     5.761 54255.25274407 40.35  83.336090  70.027694 17.886
 59    59.536 54290.25274049  4.18  83.378436  70.055606  6.533
 59    66.413 54290.25274114  1.91  83.373996  70.052616  6.533
 59    65.770 54290.25274178  1.96  83.369556  70.049636  6.533
 59    64.940 54290.25274242  0.34  83.365116  70.046646  6.533
 59    61.470 54290.25274436  0.39  83.351806  70.037686  6.533
 59    59.205 54290.25274500  0.70  83.347376  70.034706  6.533
 60     0.037 54325.25273806 26.96  83.377260  70.055926  9.628
 60     0.142 54325.25273870 27.64  83.372820  70.052946  9.628
 60     0.143 54325.25273935 28.67  83.368380  70.049956  9.628
 60     0.149 54325.25273999 29.05  83.363940  70.046966  9.628
 60     0.168 54325.25274064 29.34  83.359500  70.043986  9.628
 60     0.035 54325.25274128 29.93  83.355070  70.040996  9.628
 60     0.335 54325.25274193 29.61  83.350630  70.038006  9.628
 60     0.372 54325.25274257 29.57  83.346200  70.035026  9.628
 60     0.483 54325.25274322 29.26  83.341770  70.032036  9.628
 60     0.661 54325.25274386 28.99  83.337340  70.029046  9.628
 61    54.131 54360.25269168  9.79  83.360086  70.057061  7.667
 61    53.453 54360.25269232  7.81  83.355656  70.054071  7.667
 61    62.360 54360.25269297  5.57  83.351216  70.051081  7.667
 61    53.740 54360.25269361  4.61  83.346776  70.048101  7.667
 61    58.901 54360.25269426  2.80  83.342346  70.045111  7.667
 61    57.695 54360.25269490  2.19  83.337906  70.042121  7.667
 61    57.855 54360.25269555  0.60  83.333476  70.039141  7.667
 61    54.533 54360.25269619  0.25  83.329046  70.036151  7.667
 62    68.023 54395.25267852  9.03  83.379390  70.053293  3.651
 62    67.051 54395.25267916  7.50  83.374950  70.050303  3.651
 62    66.257 54395.25267981  6.60  83.370510  70.047313  3.651
 62    65.157 54395.25268045  6.12  83.366080  70.044333  3.651
 62    63.357 54395.25268110  5.13  83.361640  70.041343  3.651
 62    62.006 54395.25268174  4.89  83.357200  70.038363  3.651
 62    59.822 54395.25268239  5.14  83.352770  70.035373  3.651
 62    58.410 54395.25268303  4.11  83.348340  70.032383  3.651
 62    55.918 54395.25268368  3.79  83.343900  70.029403  3.651
 62    52.529 54395.25268432  3.26  83.339470  70.026413  3.651
 63    64.870 54430.25264209  0.98  83.366615  70.054831  3.089
 63    63.891 54430.25264274  1.66  83.362175  70.051841  3.089
 63    62.780 54430.25264338  0.54  83.357735  70.048861  3.089
 63    61.717 54430.25264402  0.19  83.353305  70.045871  3.089
 63    60.019 54430.25264467  0.19  83.348865  70.042881  3.089
 64    68.924 54465.25265846  0.49  83.383906  70.052513  2.633
 64    67.190 54465.25265911  0.49  83.379466  70.049523  2.633
 64    66.782 54465.25265975  0.11  83.375026  70.046533  2.633
 65    67.616 54500.25265349  0.51  83.372921  70.056753  2.118
 65    71.998 54500.25265414  0.30  83.368481  70.053763  2.118
 69    58.916 54640.25267736 12.18  83.370453  70.053785  9.309
 69    57.333 54640.25267801 11.62  83.366013  70.050805  9.309
 69    56.724 54640.25267865  9.04  83.361568  70.047810  7.352
 69    61.347 54640.25267930  8.60  83.357138  70.044830  7.352
 69    59.981 54640.25267994  5.81  83.352698  70.041840  7.352
 69    58.177 54640.25268059  4.41  83.348268  70.038850  7.352
 69    57.713 54640.25268123  3.52  83.343828  70.035870  7.352
 69    55.687 54640.25268187  2.10  83.339398  70.032880  7.352
 69    54.424 54640.25268252  1.20  83.334968  70.029890  7.352
 70    18.776 54675.25267928  8.73  83.374684  70.055246 13.972
 70    16.946 54675.25267992  9.82  83.370244  70.052256 13.972
 70    14.679 54675.25268057  8.31  83.365804  70.049276 13.972
 70    52.847 54675.25268121  2.35  83.361361  70.046281  8.576
 71    64.074 54710.25263649  4.66  83.361622  70.053141 12.194
 71    62.780 54710.25263714  3.68  83.357182  70.050161 12.194
 71    61.631 54710.25263778  3.43  83.352752  70.047171 12.194
 71    59.375 54710.25263843  1.61  83.348309  70.044187  8.126
 71    66.064 54710.25263907  0.27  83.343879  70.041197  8.126
 72    57.470 54745.25264666  8.88  83.378984  70.053804 13.905
 72    63.910 54745.25264860  6.34  83.365664  70.044855  7.693
 72    66.984 54745.25264924  4.38  83.361224  70.041865  7.693
 72    63.577 54745.25264988  3.40  83.356784  70.038875  7.693
 72    60.775 54745.25265053  2.96  83.352354  70.035895  7.693
 72    58.951 54745.25265117  1.87  83.347924  70.032905  7.693
 72    56.957 54745.25265182  0.75  83.343484  70.029915  7.693
 73    66.459 54780.25262052  8.35  83.371206  70.053604  2.678
 73    65.711 54780.25262117  7.86  83.366766  70.050624  2.678
 73    69.271 54780.25262181  6.72  83.362328  70.047630  4.318
 73    68.844 54780.25262246  6.32  83.357888  70.044650  4.318
 73    68.017 54780.25262310  7.53  83.353458  70.041660  4.318
 73    65.274 54780.25262375  6.37  83.349018  70.038670  4.318
 73    66.082 54780.25262439  5.52  83.344588  70.035690  4.318
 73    54.979 54780.25262503  5.34  83.340158  70.032700  4.318
 73    57.940 54780.25262568  4.48  83.335728  70.029710  4.318
 74    68.273 54815.25263975  2.91  83.383011  70.053721  2.545
 74    67.744 54815.25264040  2.14  83.378571  70.050741  2.545
 74    66.376 54815.25264104  1.45  83.374129  70.047751  2.904
 74    65.788 54815.25264169  1.02  83.369689  70.044771  2.904
 74    63.931 54815.25264233  0.43  83.365249  70.041781  2.904
 74    61.685 54815.25264298  0.82  83.360819  70.038791  2.904
 75    66.201 54850.25261888  2.11  83.368434  70.054570  2.421
 75    65.653 54850.25261953  1.67  83.363994  70.051580  2.421
 75    64.057 54850.25262017  1.17  83.359554  70.048590  2.421
 76    67.724 54885.25264393  0.53  83.377137  70.053090  2.203
 76    68.457 54885.25264458  0.21  83.372689  70.050103  2.589
 79    59.521 54990.25266242 11.93  83.375613  70.054813 10.563
 79    58.364 54990.25266307 11.15  83.371173  70.051833 10.563
 79    53.930 54990.25266371 13.10  83.366741  70.048841 11.105
 79    49.452 54990.25266436 12.93  83.362301  70.045861 11.105
 79    26.152 54990.25266500 14.83  83.357861  70.042871 11.105
 79    25.914 54990.25266565 13.76  83.353421  70.039881 11.105
 79    41.842 54990.25266629 10.46  83.348991  70.036901 11.105
 79    26.573 54990.25266694  9.50  83.344561  70.033911 11.105
 79    25.636 54990.25266758 12.97  83.340121  70.030921 11.105
 79    25.554 54990.25266823 10.38  83.335691  70.027941 11.105
 80    58.539 55025.25265391  5.31  83.371518  70.054718 13.325
 80    63.943 55025.25265456  3.33  83.367078  70.051738 13.325
 80    65.222 55025.25265520  0.90  83.362632  70.048742  7.877
 80    62.860 55025.25265585  0.29  83.358202  70.045762  7.877
 81    -0.494 55060.25264902 18.02  83.365820  70.048799 21.349
 81    -1.616 55060.25264966 21.65  83.361383  70.045812 18.468
 81    -0.682 55060.25265031 21.21  83.356943  70.042832 18.468
 81    -0.325 55060.25265095 20.35  83.352513  70.039842 18.468
 81     0.891 55060.25265159 20.43  83.348073  70.036852 18.468
 81     0.900 55060.25265224 20.80  83.343643  70.033872 18.468
 81     1.610 55060.25265288 22.34  83.339213  70.030882 18.468
 81     1.682 55060.25265353 24.68  83.334783  70.027892 18.468
 82    52.082 55095.25259963 12.97  83.358120  70.056043 12.547
 82    54.442 55095.25260028 10.15  83.353680  70.053053 12.547
 82    62.108 55095.25260092  5.89  83.349240  70.050073 12.547
 82    61.557 55095.25260157  3.47  83.344800  70.047083 12.547
 82    67.386 55095.25260286  1.26  83.335936  70.041107  7.405
 82    66.787 55095.25260350  0.14  83.331506  70.038127  7.405
 83    67.527 55130.25258987  8.59  83.378860  70.054414  3.718
 83    66.705 55130.25259051  8.47  83.374420  70.051434  3.718
 83    65.396 55130.25259115  7.36  83.369970  70.048444  4.683
 83    63.855 55130.25259180  6.88  83.365540  70.045464  4.683
 83    63.094 55130.25259244  5.65  83.361100  70.042474  4.683
 83    61.999 55130.25259309  5.48  83.356660  70.039484  4.683
 83    60.242 55130.25259373  5.21  83.352230  70.036504  4.683
 83    58.801 55130.25259438  5.15  83.347790  70.033514  4.683
 83    56.419 55130.25259502  4.44  83.343360  70.030524  4.683
 83    52.577 55130.25259567  3.76  83.338930  70.027544  4.683
 84    66.795 55165.25256107  2.46  83.373545  70.056436  2.661
 84    65.979 55165.25256172  2.26  83.369105  70.053456  2.661
 84    64.935 55165.25256236  2.23  83.364665  70.050466  2.661
 84    62.572 55165.25256301  1.51  83.360225  70.047476  2.661
 84    64.534 55165.25256365  0.35  83.355795  70.044497  3.027
 85    67.850 55200.25258150  0.83  83.380702  70.054410  2.455
 85    67.064 55200.25258215  0.34  83.376262  70.051430  2.455
 90    59.370 55375.25253991 14.51  83.372214  70.055351  8.602
 90    58.653 55375.25254055 12.59  83.367774  70.052371  8.602
 90    57.777 55375.25254119 10.52  83.363343  70.049377  6.736
 90    62.981 55375.25254184  7.66  83.358903  70.046397  6.736
 90    61.974 55375.25254248  6.86  83.354463  70.043407  6.736
 90    63.407 55375.25254313  5.33  83.350033  70.040417  6.736
 90    61.143 55375.25254377  4.09  83.345593  70.037437  6.736
 90    61.070 55375.25254442  2.83  83.341163  70.034447  6.736
 90    57.558 55375.25254506  2.80  83.336733  70.031457  6.736
 90    56.601 55375.25254571  1.32  83.332303  70.028477  6.736
 91    59.594 55410.25256174 11.22  83.382279  70.054595 13.664
 91    58.929 55410.25256238  7.02  83.377839  70.051615 13.664
 91    57.985 55410.25256303  6.24  83.373398  70.048624  8.768
 91    56.920 55410.25256367  4.49  83.368958  70.045644  8.768
 91    62.760 55410.25256432  3.09  83.364518  70.042654  8.768
 91    61.473 55410.25256496  2.04  83.360088  70.039664  8.768
 91    61.074 55410.25256561  1.46  83.355648  70.036684  8.768
 91    58.632 55410.25256625  1.03  83.351218  70.033694  8.768
 91    57.758 55410.25256690  0.38  83.346788  70.030704  8.768
 91    53.521 55410.25256754  1.22  83.342348  70.027724  8.768
 92    59.399 55445.25255626 11.13  83.373012  70.054285 12.502
 92    58.301 55445.25255691  8.71  83.368572  70.051295 12.502
 92    57.357 55445.25255755  8.05  83.364142  70.048305 12.502
 92    60.732 55445.25255820  4.89  83.359695  70.045318  8.225
 92    60.779 55445.25255884  3.91  83.355265  70.042338  8.225
 92    59.995 55445.25255949  2.66  83.350825  70.039348  8.225
 92    59.194 55445.25256013  1.81  83.346395  70.036358  8.225
 92    58.638 55445.25256078  1.05  83.341965  70.033378  8.225
 92    57.845 55445.25256142  0.27  83.337535  70.030388  8.225
 93    65.913 55480.25249085 13.66  83.359878  70.058188  6.986
 93    65.332 55480.25249150 11.85  83.355438  70.055198  6.986
 93    65.100 55480.25249214 11.21  83.350998  70.052208  6.986
 93    63.854 55480.25249279 10.32  83.346568  70.049228  6.986
 93    72.377 55480.25249343  7.92  83.342128  70.046238  6.986
 93    68.258 55480.25249408  6.63  83.337702  70.043250  6.762
 93    69.767 55480.25249472  5.97  83.333262  70.040260  6.762
 93    65.662 55480.25249537  6.13  83.328832  70.037280  6.762
 93    63.192 55480.25249601  4.54  83.324402  70.034290  6.762
 93    62.692 55480.25249665  3.00  83.319972  70.031300  6.762
