# NaN NaN NaN ;Mean Elev.(m), Avg Gradient(m/km), RMS Gradient(m/km) - SRTM1     
#  -11.922  -3.733  10.223 ;Mean Elev.(m), Avg Gradient(m/km), RMS Gradient(m/km) - ASTER GDEM
#    1.151  -3.193   9.642 ;Mean Elev.(m), Avg Gradient(m/km), RMS Gradient(m/km) - GMTED2010 
  7  86.426977  67.963488     3.760     2.667 11 52469.61646975 31.544
  8  86.456046  67.942694     2.238    -1.345 20 52504.61645037 23.361
  9  86.439883  67.940081    49.155    49.389 21 52539.61643354 10.233
 10  86.453105  67.937214    43.346    44.775 20 52574.61647667 26.449
 11  86.461289  67.940372    45.518    45.325 27 52609.61643692  8.732
 12  86.444836  67.942252    47.209    48.006 23 52644.61642926  8.105
 15  86.455400  67.940762    46.595    47.026 25 52749.61647793  5.087
 16  86.437777  67.937217    28.223    34.034 16 52784.61641995 40.608
 17  86.435615  67.941735    35.459    49.053 19 52819.61649666 11.120
 18  86.448496  67.940550    45.896    47.239 24 52854.61654471  5.635
 20  86.485296  67.926027    15.730    13.944 20 52924.61652795 20.684
 21  86.451661  67.937811    37.938    39.217 21 52959.61649793 14.841
 22  86.450022  67.941291    45.992    46.632 25 52994.61653074  8.773
 23  86.471148  67.940331    43.101    43.115 30 53029.61649377  7.417
 24  86.454510  67.941256    44.860    45.532 26 53064.61650186  8.042
 25  86.463440  67.940799    44.855    44.848 28 53099.61651084  5.112
 26  86.422206  67.967864    33.790    34.385  8 53134.61650726  2.405
 29  86.463971  67.945178    36.681    39.619 28 53239.61654059 12.617
 31  86.450854  67.936483    36.789    38.550 20 53309.61655499 34.340
 32  86.461390  67.940307    44.361    44.229 27 53344.61652157  7.243
 33  86.436409  67.941349    47.185    47.909 21 53379.61647087  6.619
 34  86.460273  67.941248    44.341    44.481 28 53414.61649867  7.021
 35  86.432144  67.941651    47.802    48.101 19 53449.61649171  5.466
 37  86.459079  67.940448    15.792    15.814 27 53519.61657293 51.312
 38  86.449376  67.940628    37.088    37.825 24 53554.61659592 10.705
 39  86.460712  67.948720     6.736     7.441 26 53589.61654207 20.559
 40  86.428182  67.941356    50.368    50.452 18 53624.61652005  9.522
 41  86.447680  67.937862    46.819    48.965 21 53659.61654548 13.660
 42  86.460528  67.941773    46.027    45.691 27 53694.61652169  8.244
 43  86.466036  67.948328    42.969    42.104 26 53729.61644566  6.600
 44  86.449954  67.941563    45.663    46.702 25 53764.61640924  6.414
 45  86.470821  67.940955    44.156    43.736 30 53799.61641474  5.440
 46  86.437475  67.941272    46.460    47.485 20 53834.61641519  5.625
 47  86.449166  67.939003    41.163    40.448 22 53869.61647640  2.777
 48  86.447724  67.942715     8.898     8.930 24 53904.61651144 41.727
 49  86.440522  67.942727     6.580     5.254 21 53939.61654504 17.457
 50  86.457807  67.945284    35.244    37.702 25 53974.61650428 11.709
 51  86.437078  67.941683    47.180    49.062 21 54009.61649904 10.699
 52  86.454833  67.940104    46.382    46.765 25 54044.61651706  7.695
 53  86.463094  67.940574    42.891    42.535 28 54079.61651029  7.501
 54  86.472167  67.942136    43.559    43.775 30 54114.61644615  5.443
 56  86.471672  67.940975    43.907    44.062 30 54184.61643635  4.064
 57  86.444252  67.941704    43.182    43.051 22 54219.61646732  4.802
 58  86.451157  67.942693    10.563    10.576 25 54254.61649158 52.192
 59  86.461817  67.937844    43.430    43.793 24 54289.61649317  8.819
 60  86.450322  67.947463    37.045    37.470 23 54324.61649273 10.544
 61  86.473439  67.941238     2.376     2.398 31 54359.61644552 46.593
 62  86.453979  67.940031    42.028    41.579 25 54394.61643138 14.883
 63  86.466432  67.940702    44.043    44.067 28 54429.61639570  9.949
 64  86.448462  67.941140    47.006    47.263 23 54464.61641120  6.501
 65  86.464485  67.939974    45.630    45.320 28 54499.61640664  3.765
 66  86.455269  67.941223    44.292    43.282 25 54534.61642540  6.028
 67  86.471593  67.940098    44.486    44.359 30 54569.61640992  5.072
 68  86.451343  67.941222     3.974     4.002 24 54604.61642004 44.862
 69  86.457291  67.940897    41.666    41.442 26 54639.61642991 12.877
 70  86.453995  67.941828    30.989    33.114 26 54674.61643274 11.088
 71  86.469109  67.940896     2.515     0.959 30 54709.61638940 36.437
 72  86.450751  67.941073    43.582    44.075 24 54744.61639941  7.688
 73  86.475604  67.929023    30.515    33.639 19 54779.61637052 32.515
 74  86.446683  67.941730    46.077    46.909 23 54814.61639299  7.530
 76  86.450884  67.940258    43.094    44.615 24 54884.61639615  6.416
 77  86.470671  67.941086    44.011    43.841 31 54919.61637370  5.445
 78  86.448925  67.940721    43.628    43.591 24 54954.61639147  3.219
 79  86.451076  67.940287    11.125    11.040 24 54989.61641504 30.846
 80  86.458632  67.943174    33.368    35.665 24 55024.61640682 11.723
 81  86.451211  67.945985     0.667     0.669 24 55059.61640206 46.531
 82  86.470230  67.941851    35.590    39.686 31 55094.61635337 15.861
 83  86.461254  67.933479    29.527    30.111 19 55129.61634099 30.609
 84  86.461300  67.941062    41.642    41.926 28 55164.61631521 11.018
 85  86.448379  67.941487    45.384    46.573 23 55199.61633453  7.290
 86  86.464500  67.942215    43.722    43.496 29 55234.61632055  6.493
 87  86.453162  67.941813    45.671    46.183 25 55269.61632897  6.086
 88  86.472265  67.941468    43.414    43.483 31 55304.61630100  5.837
 89  86.463594  67.934555    29.774    33.197 22 55339.61629954 15.679
 90  86.460421  67.941137    32.703    36.567 27 55374.61629251 16.540
 91  86.452183  67.940964    35.859    37.717 25 55409.61631444 11.908
 92  86.458079  67.941489    40.519    39.859 26 55444.61630960 11.461
 93  86.509847  67.913344    40.552    47.379 14 55479.61623915 19.690
