# NaN NaN NaN ;Mean Elev.(m), Avg Gradient(m/km), RMS Gradient(m/km) - SRTM1     
#   13.355   2.561  10.559 ;Mean Elev.(m), Avg Gradient(m/km), RMS Gradient(m/km) - ASTER GDEM
#    1.539   2.693  10.062 ;Mean Elev.(m), Avg Gradient(m/km), RMS Gradient(m/km) - GMTED2010 
  7  87.241632  66.255666    39.438    39.438  2 52452.22957226 13.031
  8  87.244325  66.254956    52.019    52.594  7 52487.22955375 12.798
 11  87.242263  66.256142     3.762     3.840  3 52592.22957044 28.891
 12  87.258249  66.242356    12.896    10.271 22 52627.22948963 15.938
 13  87.244028  66.253654    38.517    39.339  7 52662.22953402  5.952
 14  87.260212  66.247340    11.894    10.574 22 52697.22951165 13.047
 15  87.250225  66.252267    26.631    22.622 15 52732.22953445  8.526
 17  87.259301  66.249607    15.370    15.378 20 52802.22955265 24.994
 18  87.253042  66.247974     3.650     3.685 19 52837.22961837 37.543
 19  87.248060  66.248788     2.816     2.808 16 52872.22965874 41.742
 20  87.245195  66.254367     3.413     3.421  8 52907.22964772 42.272
 21  87.260561  66.246416     2.563     2.559 22 52942.22957719 41.736
 24  87.252561  66.249887     2.931     2.903 18 53047.22959947 25.573
 26  87.247857  66.249320    38.264    38.004 16 53117.22960488  8.008
 27  87.244830  66.254101    15.526    15.551  8 53152.22965313 48.408
 28  87.246866  66.243659    10.691     7.687 14 53187.22964199 16.762
 29  87.244647  66.255192    40.221    41.859  7 53222.22966268  8.781
 31  87.249066  66.251975    50.995    51.203 14 53292.22965649  5.257
 32  87.248373  66.254867    48.303    48.177 10 53327.22963018  9.055
 35  87.241884  66.255792    44.720    44.720  2 53432.22959841  3.473
 36  87.254156  66.249401    48.056    48.983 19 53467.22963417  4.933
 37  87.241906  66.255113     5.860     5.875  5 53502.22968615 15.977
 38  87.245320  66.254907     9.836     9.824  7 53537.22967868 43.153
 41  87.252734  66.248908    52.727    52.770 17 53642.22963349 10.738
 42  87.241310  66.254106     3.480     3.450  5 53677.22965192 48.436
 44  87.256442  66.241967    21.038    18.908 20 53747.22949477 11.750
 45  87.249988  66.254614    41.056    41.091 12 53782.22952371  6.236
 47  87.249325  66.250694    40.082    38.705 15 53852.22956247  4.933
 48  87.252115  66.248497    18.689    18.700 18 53887.22956864 51.090
 51  87.262597  66.245512     4.247     4.247 23 53992.22955853 36.007
 52  87.255599  66.249463     2.814     2.794 19 54027.22962155 36.667
 53  87.249595  66.253271    50.018    50.551 13 54062.22961474  5.338
 55  87.255775  66.248424    39.751    39.239 20 54132.22953737  7.979
 57  87.251258  66.248157     2.978     3.142 18 54202.22954107 24.648
 58  87.249476  66.252231    17.192    17.201 14 54237.22957588 22.972
 59  87.252034  66.259322    13.060    10.833  6 54272.22959407 38.118
 60  87.249640  66.254185     3.359     3.344 12 54307.22959741 45.522
 62  87.250307  66.250607    51.791    51.913 16 54377.22953308  5.598
 63  87.244785  66.254210     3.551     3.560  7 54412.22952486 48.225
 64  87.254286  66.248765     3.226     3.025 19 54447.22949852 21.997
 66  87.253359  66.248241    39.672    44.016 18 54517.22951264  9.291
 69  87.246715  66.254643    25.356    24.054  9 54622.22952571 20.897
 70  87.243762  66.252756     5.519     5.559  8 54657.22953570 26.212
 71  87.242125  66.254010    12.670     6.872  6 54692.22951869 18.228
 72  87.253206  66.249884    27.892    27.082 16 54727.22948838 13.853
 73  87.246973  66.255449     9.623     5.260  5 54762.22949572 14.759
 74  87.253821  66.247662     3.418     3.422 19 54797.22948218 31.237
 75  87.246339  66.254634    46.678    46.774  8 54832.22948529  4.966
 76  87.253625  66.247854    46.107    46.280 19 54867.22947780  6.122
 78  87.249234  66.249129    47.730    47.325 16 54937.22946751  3.636
 79  87.248426  66.252211    10.497    10.508 13 54972.22949977 29.409
 80  87.243561  66.254497    10.826    11.080  6 55007.22951707 42.434
 81  87.247076  66.252925    52.114    52.287 11 55042.22950588  6.392
 83  87.249549  66.249622     6.504     2.986 17 55112.22943903 21.890
 84  87.244281  66.253922     2.723     2.761  7 55147.22943995 21.382
 85  87.258489  66.252201    14.937    14.675 18 55182.22941798 15.659
 86  87.242916  66.254249    19.802    19.530  6 55217.22943568 13.025
 87  87.253971  66.249976    36.522    36.148 18 55252.22941502  7.919
 89  87.245562  66.254685     0.905     0.940  8 55322.22940304 11.019
 90  87.243595  66.253290    16.761    16.561  7 55357.22940300 45.121
 91  87.250119  66.250846     4.788     4.770 16 55392.22940525 28.600
 92  87.246799  66.252322     4.401     4.371 11 55427.22941931 24.163
