# NaN NaN NaN ;Mean Elev.(m), Avg Gradient(m/km), RMS Gradient(m/km) - SRTM1     
#    0.226  -0.105   2.607 ;Mean Elev.(m), Avg Gradient(m/km), RMS Gradient(m/km) - ASTER GDEM
#    0.000  -0.000   0.187 ;Mean Elev.(m), Avg Gradient(m/km), RMS Gradient(m/km) - GMTED2010 
  8  83.495096  70.604636    -0.640    -0.573 15 52485.61503323 22.823
  9  83.496434  70.608414    -0.832    -0.429 16 52520.61499948 19.544
 10  83.492739  70.591778    -1.085    -0.850 11 52555.61504783 35.103
 11  83.491884  70.603723    -0.297    -0.321 14 52590.61503933 28.635
 12  83.501168  70.610458    -0.012    -0.003 18 52625.61496761 17.689
 13  83.491243  70.604132    -0.244    -0.240 13 52660.61500477 13.294
 14  83.491015  70.591420    -0.356    -0.350 11 52695.61498197 11.140
 15  83.493865  70.606205    -0.319    -0.325 16 52730.61501387 10.949
 16  83.496578  70.608727    -0.076    -0.075 17 52765.61502441 11.373
 17  83.493460  70.591099     3.325     3.372 11 52800.61501537 45.179
 18  83.490736  70.596827    -0.407    -0.403 12 52835.61508387 16.919
 19  83.492002  70.602438    -0.894    -0.829 13 52870.61512599 21.965
 20  83.492156  70.607045    -0.996    -0.892 15 52905.61512672 22.884
 21  83.490367  70.591408    -0.484    -0.477 11 52940.61505592 39.015
 23  83.491399  70.603208    -0.622    -0.607 14 53010.61510871 13.307
 24  83.493028  70.592100    -0.676    -0.681 11 53045.61506970 11.427
 25  83.491740  70.603060    -0.665    -0.670 13 53080.61510574 10.808
 26  83.491020  70.591075    -0.862    -0.852 10 53115.61507425  9.792
 27  83.489963  70.599347    -0.382    -0.404 13 53150.61512298  9.316
 28  83.493672  70.604543     0.210     0.190 15 53185.61511291 27.865
 29  83.491976  70.607085    -0.761    -0.692 15 53220.61513928 35.734
 30  83.496929  70.608115    -1.183    -1.138 16 53255.61511604 20.912
 32  83.492632  70.607209    -0.099    -0.098 15 53325.61510182 18.193
 33  83.500006  70.608764    -2.359    -2.403 17 53360.61506087 12.927
 34  83.493052  70.593136    -1.102    -1.175 11 53395.61507739 11.877
 35  83.498655  70.608932    -0.847    -0.822 18 53430.61507253 11.398
 36  83.492469  70.592738    -0.950    -0.851 11 53465.61509872 10.272
 37  83.489091  70.600427    -0.319    -0.340 13 53500.61516020  8.875
 38  83.491737  70.607265     0.880     0.898 15 53535.61514973 17.943
 39  83.489030  70.604508    -0.217    -0.250 13 53570.61515908 16.192
 40  83.501303  70.609976    -0.196    -0.177 18 53605.61510729 17.235
 41  83.490563  70.592121    -1.228    -1.324 11 53640.61510410 24.845
 42  83.488448  70.601140    -0.171    -0.173 12 53675.61512534 38.480
 43  83.501524  70.610376    -1.075    -1.149 19 53710.61505649 18.869
 44  83.490531  70.590638    -0.626    -0.569 11 53745.61496306 14.728
 45  83.494132  70.604835    -0.546    -0.431 15 53780.61499678 12.830
 46  83.494887  70.619475    -0.769    -0.736 15 53815.61496868 11.700
 47  83.493775  70.590657    -0.697    -0.718 11 53850.61502977 10.070
 48  83.494363  70.604520    -0.279    -0.386 15 53885.61504231 26.892
 49  83.491421  70.597035    -0.798    -0.884 12 53920.61510994 18.295
 50  83.488513  70.602043    -1.721    -1.797 12 53955.61510895 26.327
 51  83.496556  70.617074    -0.368    -0.312 16 53990.61503012 20.338
 52  83.492059  70.594162    -0.392    -0.331 11 54025.61509150 46.268
 53  83.495406  70.605034    -0.338    -0.330 15 54060.61508642 22.070
 54  83.499548  70.609119    -0.524    -0.537 17 54095.61506157 15.375
 55  83.492925  70.591080    -1.149    -1.082 11 54130.61500453 13.414
 56  83.494432  70.606250    -0.636    -0.536 16 54165.61503293 12.297
 57  83.491563  70.595219     0.325     0.342 12 54200.61500822  9.516
 58  83.490056  70.601885    -0.719    -0.777 12 54235.61504703 18.328
 59  83.491657  70.605408     0.290     0.329 14 54270.61506803 16.913
 60  83.491906  70.602966    -1.037    -0.949 13 54305.61507033 18.699
 61  83.494776  70.608374    -0.973    -0.847 16 54340.61505354 25.520
 62  83.490074  70.600005    -1.408    -1.357 13 54375.61500425 25.494
 63  83.491157  70.605229    -0.551    -0.517 14 54410.61499950 24.390
 64  83.493533  70.591419    -0.039    -0.049 11 54445.61496622 26.802
 65  83.493950  70.603136    -0.884    -0.900 14 54480.61499022 12.880
 66  83.493062  70.593171    -1.136    -1.220 11 54515.61498082 10.828
 67  83.494219  70.608480    -0.688    -0.690 16 54550.61500428 10.666
 68  83.489015  70.603200    -0.216    -0.222 12 54585.61497847  8.440
 69  83.490274  70.604117     1.333     1.245 13 54620.61499776 21.383
 70  83.491653  70.603355    -0.543    -0.582 13 54655.61500801 19.201
 71  83.495155  70.605352    -0.811    -0.550 15 54690.61499393 26.018
 72  83.491332  70.595104    -1.374    -1.500 12 54725.61495727 18.866
 73  83.492342  70.604081    -0.728    -0.740 14 54760.61497031 41.879
 74  83.490388  70.591464    -0.808    -0.802 11 54795.61494989 18.410
 75  83.491429  70.603746    -0.451    -0.421 14 54830.61497045 13.835
 76  83.492417  70.594360    -0.877    -0.775 11 54865.61494531 12.504
 77  83.492896  70.606716    -0.757    -0.709 15 54900.61496990 10.857
 78  83.489275  70.600097     0.254     0.249 12 54935.61493794 11.447
 79  83.490235  70.603223     0.213     0.223 13 54970.61497122  9.329
 80  83.492277  70.602412     0.439     0.474 13 55005.61499051 16.394
 81  83.489739  70.605644    -0.478    -0.472 14 55040.61497903 15.292
 82  83.493344  70.608216    -0.724    -0.694 16 55075.61496142 22.571
 83  83.490440  70.597691    -1.670    -1.657 12 55110.61491011 24.655
 84  83.490257  70.605236    -0.226    -0.225 14 55145.61491405 27.391
 85  83.492430  70.591441    -0.662    -0.763 10 55180.61488587 17.599
 86  83.492032  70.605836    -0.598    -0.470 15 55215.61490869 20.467
 87  83.488953  70.599099    -0.223    -0.245 12 55250.61488418 13.753
 88  83.495425  70.606631    -0.516    -0.557 16 55285.61490253 11.488
 89  83.490596  70.604340    -0.211    -0.222 14 55320.61487562  9.678
 90  83.493197  70.604182     1.845     1.835 14 55355.61487607 46.609
 91  83.491225  70.596545    -0.211    -0.208 12 55390.61487504 14.665
 92  83.491168  70.604498    -0.583    -0.540 13 55425.61489311 18.675
 93  83.498648  70.607401    -1.489    -1.465 17 55460.61486158 22.788
