# NaN NaN NaN ;Mean Elev.(m), Avg Gradient(m/km), RMS Gradient(m/km) - SRTM1     
#    0.139  -4.130  14.355 ;Mean Elev.(m), Avg Gradient(m/km), RMS Gradient(m/km) - ASTER GDEM
#   25.000  -3.768  11.171 ;Mean Elev.(m), Avg Gradient(m/km), RMS Gradient(m/km) - GMTED2010 
  6  89.180056  62.060446    30.610    31.988  9 52440.21447464 15.551
  7  89.183101  62.058527    26.077    25.833  9 52475.21447266 19.532
  8  89.183469  62.055671    21.741    21.758  9 52510.21443143 21.029
  9  89.187447  62.040916    23.072    23.106  8 52545.21444351 22.166
 10  89.183469  62.050970    21.134    20.926  8 52580.21447283 45.493
 11  89.179598  62.063836    24.607    25.062  8 52615.21443892 19.940
 12  89.186617  62.044988    26.898    26.968  7 52650.21442074 17.157
 13  89.182008  62.053107    27.050    27.023  9 52685.21440492 11.949
 14  89.183232  62.052060    26.378    26.451  8 52720.21445672 11.570
 15  89.171255  62.062227    25.957    25.938  5 52755.21447924  9.319
 16  89.188046  62.041002    29.686    29.438  8 52790.21443094 20.097
 17  89.187300  62.043110    22.232    21.968  8 52825.21450044 52.452
 18  89.187581  62.042392    21.696    21.622  8 52860.21454646 25.029
 19  89.175207  62.048079    21.446    21.446  2 52895.21457650 45.095
 20  89.177765  62.065563    25.799    23.910  9 52930.21452224 19.245
 21  89.187580  62.039473    23.249    23.218  7 52965.21451793 30.361
 22  89.177531  62.055462    26.617    26.613  6 53000.21454954 17.296
 23  89.176125  62.060402    26.742    26.871  7 53035.21449797 13.452
 24  89.180608  62.046533    27.813    27.981  6 53070.21451943 10.759
 26  89.185929  62.045886    25.468    25.502  7 53140.21452545 37.391
 28  89.183064  62.057071    23.911    22.753  9 53210.21457561 21.948
 29  89.183211  62.057369    24.505    25.846  9 53245.21454347 19.808
 30  89.187361  62.044944    22.527    22.416  8 53280.21452796 45.792
 31  89.184816  62.050777    21.678    21.550  8 53315.21454454 42.359
 32  89.178120  62.046780    24.623    24.648  5 53350.21451119 30.300
 33  89.187722  62.044462    26.331    26.307  7 53385.21449082 18.059
 34  89.186548  62.046987    26.841    26.880  8 53420.21449536 16.262
 35  89.188793  62.037528    26.558    26.591  8 53455.21450267 15.276
 36  89.181467  62.057076    25.726    25.722  9 53490.21458442 22.662
 37  89.185058  62.049341    27.809    27.849  8 53525.21457031 17.328
 38  89.180107  62.061584    25.586    26.084  8 53560.21459588 18.973
 39  89.182318  62.054690    21.885    21.806  9 53595.21453532 25.184
 40  89.188111  62.046436    21.776    21.762  7 53630.21452998 19.451
 42  89.178200  62.049246    21.717    21.628  5 53700.21450790 45.353
 44  89.187738  62.045506    26.408    26.423  7 53770.21441855 18.904
 45  89.182619  62.057816    26.007    25.937  8 53805.21441002 13.073
 47  89.183483  62.045792   105.251   105.072  6 53875.21447884  4.069
 49  89.174690  62.055672    25.018    24.838  5 53945.21454433 30.557
 50  89.179839  62.061578    24.652    25.459  8 53980.21449045 16.229
 51  89.188831  62.040258    21.889    21.895  8 54015.21451194 48.471
 57  89.185448  62.052027    31.589    31.658  8 54225.21447303 26.691
 58  89.181021  62.047955    27.460    27.446  5 54260.21449429 35.468
 59  89.184489  62.052790    22.550    22.387  8 54295.21449728 26.187
 60  89.178308  62.049870    22.208    22.156  6 54330.21449078 36.044
 62  89.181813  62.047713    21.762    21.702  7 54400.21443257 44.615
 63  89.178757  62.057487    23.766    23.156  6 54435.21438837 26.174
 64  89.186592  62.044850    28.149    28.191  7 54470.21441658 14.099
 65  89.180639  62.059960    25.773    25.822  8 54505.21440174 15.665
 66  89.179683  62.046430    28.486    28.635  5 54540.21443149 12.361
 68  89.183391  62.052358   104.169   106.981  9 54610.21442238  6.105
 69  89.177974  62.047444    23.086    22.813  5 54645.21443121 47.369
 70  89.183142  62.054972    22.294    22.380  9 54680.21443092 26.169
 71  89.180103  62.061909    22.535    22.501  9 54715.21438032 22.478
 72  89.180119  62.043478    22.420    22.171  4 54750.21440382 26.184
 73  89.176270  62.050882    21.244    21.126  3 54785.21437138 42.721
 74  89.185971  62.048811    25.684    25.657  7 54820.21439552 19.216
 75  89.182372  62.057271    26.623    26.610  9 54855.21436640 14.163
 76  89.183020  62.055803    26.357    26.377  9 54890.21439873 12.832
 78  89.185243  62.051209    34.064    34.150  8 54960.21439715 24.175
 79  89.181844  62.054774    29.412    28.551  9 54995.21441849 17.599
 80  89.179317  62.050186    22.437    22.440  6 55030.21440929 50.543
 81  89.178634  62.050350    22.285    22.255  5 55065.21439979 51.512
 83  89.185175  62.050430    21.201    21.205  8 55135.21434493 36.320
 84  89.181679  62.059560    26.558    26.375  9 55170.21430671 16.210
 85  89.184380  62.048923    26.490    26.527  8 55205.21433830 13.894
 86  89.180291  62.061741    26.427    26.309  9 55240.21431282 11.700
 87  89.182627  62.056205    26.287    26.364  9 55275.21433101  9.981
 88  89.180552  62.061525    24.713    24.265  8 55310.21429638 10.964
 89  89.186950  62.056781   108.719   108.800  6 55345.21429939  3.081
 90  89.182415  62.057796    26.729    25.800  9 55380.21429304 16.241
 91  89.186285  62.049029    22.445    22.411  8 55415.21432044 22.684
 92  89.182471  62.057736    22.623    22.470  8 55450.21430487 20.905
