# NaN NaN NaN ;Mean Elev.(m), Avg Gradient(m/km), RMS Gradient(m/km) - SRTM1     
#   40.145  -0.808   6.349 ;Mean Elev.(m), Avg Gradient(m/km), RMS Gradient(m/km) - ASTER GDEM
#   59.572  -1.062   3.493 ;Mean Elev.(m), Avg Gradient(m/km), RMS Gradient(m/km) - GMTED2010 
  7  91.367768  59.170899    59.552    59.526  6 52475.62264566 44.635
  8  91.386768  59.166615    58.448    58.450  4 52510.62259992 52.989
  9  91.366412  59.171882    58.565    57.897  5 52545.62261587 19.826
 10  91.369664  59.170474    57.599    57.359  5 52580.62264261 45.687
 11  91.380212  59.166985    60.715    60.718  5 52615.62261063 19.728
 12  91.375922  59.168391    61.455    61.389  5 52650.62258891 11.479
 13  91.386410  59.166783    60.395    60.401  4 52685.62257599 15.627
 14  91.371200  59.170308    60.182    60.139  5 52720.62262778 16.211
 15  91.367331  59.171789    60.393    60.484  5 52755.62265192 40.844
 16  91.359807  59.174345    60.087    60.068  6 52790.62260168 49.199
 17  91.367136  59.172044    58.658    58.660  6 52825.62267054 39.796
 18  91.370806  59.170507    58.677    58.218  6 52860.62271591 17.549
 19  91.373472  59.170092    57.859    57.848  5 52895.62274627 24.537
 20  91.383661  59.167190    57.966    57.946  4 52930.62269395 51.425
 21  91.365924  59.172659    57.545    57.398  6 52965.62268900 43.032
 23  91.382627  59.166830    60.696    60.738  5 53035.62266936 13.588
 24  91.373431  59.169505    60.588    60.598  6 53070.62269018 16.110
 25  91.386225  59.165630    61.315    61.317  5 53105.62267035 16.617
 26  91.368903  59.171234    61.174    61.210  5 53140.62269749 49.493
 27  91.372326  59.169984    59.354    59.418  6 53175.62272933 33.421
 28  91.373444  59.170005    58.638    58.638  5 53210.62274764 26.813
 29  91.382222  59.167039    58.769    58.575  5 53245.62271487 49.933
 30  91.358604  59.175127    58.749    58.698  6 53280.62270064 39.861
 31  91.371728  59.170065    58.241    58.253  5 53315.62271427 51.443
 32  91.384006  59.166829    58.660    58.683  4 53350.62267902 43.081
 33  91.361242  59.174585    62.891    63.004  6 53385.62266297 22.177
 34  91.384841  59.166447    62.432    62.386  4 53420.62266505 16.956
 35  91.364080  59.172258    62.451    62.419  6 53455.62267234 11.667
 36  91.362647  59.172831    61.495    61.469  6 53490.62275779 46.261
 37  91.378843  59.167970    59.695    59.650  5 53525.62274032 38.339
 38  91.370414  59.170063    58.730    58.654  5 53560.62276867 30.419
 39  91.391497  59.163484    58.891    58.817  4 53595.62270526 51.383
 40  91.350725  59.177876    58.558    58.566  7 53630.62270283 50.491
 41  91.368476  59.170507    58.617    58.619  6 53665.62272418 47.687
 42  91.383608  59.166346    57.919    57.980  5 53700.62267590 47.917
 43  91.396766  59.163039    62.296    62.268  4 53735.62259694 20.316
 44  91.378234  59.167724    61.952    61.928  5 53770.62258836 22.433
 45  91.389502  59.165152    61.420    61.409  5 53805.62258023 13.952
 47  91.373092  59.169730    63.015    62.941  5 53875.62264873 48.140
 48  91.362717  59.173655    59.856    59.881  6 53910.62269741 44.913
 49  91.366242  59.171400    61.205    61.155  6 53945.62271634 32.628
 50  91.381550  59.168160    59.937    59.852  5 53980.62266156 46.396
 51  91.363845  59.171973    58.816    58.401  6 54015.62268249 22.628
 52  91.382787  59.167072    57.864    57.861  4 54050.62268211 15.567
 53  91.381173  59.167209    59.726    59.746  5 54085.62267436 44.175
 54  91.393552  59.164956    63.726    63.729  4 54120.62260024 41.520
 55  91.374064  59.169443    62.929    62.954  6 54155.62263331 17.564
 56  91.389064  59.165272    63.405    63.484  5 54190.62259746 17.973
 57  91.370722  59.170195    65.216    63.786  5 54225.62264475 25.962
 58  91.374556  59.169153    60.271    60.268  6 54260.62266472 33.165
 59  91.376685  59.168472    59.198    59.151  5 54295.62266836 51.519
 60  91.383162  59.166855    58.670    58.568  4 54330.62266024 32.668
 61  91.388931  59.165171    58.561    58.420  4 54365.62260396 41.393
 62  91.376886  59.169052    57.841    57.910  5 54400.62260247 39.722
 63  91.384958  59.167128    57.892    57.640  5 54435.62255925 44.759
 64  91.371360  59.170420    62.557    62.562  6 54470.62258681 13.504
 65  91.386291  59.166476    62.374    62.487  4 54505.62257250 10.931
 66  91.378779  59.167452    62.717    62.576  5 54540.62260096 10.505
 67  91.387944  59.165704    67.703    67.851  5 54575.62257374  5.850
 68  91.376455  59.168960    68.262    68.305  6 54610.62259346 19.731
 69  91.376295  59.168172    60.281    60.959  5 54645.62260067 17.796
 70  91.376163  59.169846    58.573    58.052  5 54680.62260232 17.230
 71  91.389499  59.166123    58.158    58.116  4 54715.62255140 36.457
 72  91.370346  59.170092    58.299    58.232  6 54750.62257328 41.677
 73  91.383490  59.167110    57.933    57.915  4 54785.62254052 47.356
 74  91.370874  59.170503    61.810    61.799  6 54820.62256660 14.493
 75  91.383146  59.167649    63.324    63.316  5 54855.62253715 12.531
 76  91.375304  59.169750    63.065    63.061  5 54890.62257013  9.829
 77  91.388527  59.164689    63.849    63.854  4 54925.62253534 22.664
 78  91.370500  59.170043    67.618    67.550  5 54960.62256887 22.709
 79  91.373280  59.169950    66.977    67.192  6 54995.62259022 17.935
 80  91.376397  59.169324    58.545    58.517  5 55030.62257972 34.460
 81  91.380604  59.168456    59.148    59.161  5 55065.62256990 46.160
 82  91.388667  59.166089    58.961    58.961  4 55100.62251157 50.621
 83  91.372412  59.169300    58.708    58.764  5 55135.62251536 42.586
 84  91.385273  59.166998    60.069    60.054  4 55170.62247779 47.000
 85  91.371231  59.170106    62.916    62.938  6 55205.62250906 14.361
 86  91.385794  59.166190    62.749    62.810  5 55240.62248358 11.303
 87  91.378754  59.168346    62.065    62.082  5 55275.62250241 10.041
 88  91.387878  59.165390    61.925    61.923  4 55310.62246778 18.862
 89  91.377879  59.169145    61.244    61.379  5 55345.62247169 49.645
 90  91.380987  59.168319    59.789    59.733  5 55380.62246444 25.511
 91  91.370904  59.169692    59.351    59.342  5 55415.62249152 48.033
 92  91.384357  59.166243    59.053    58.949  4 55450.62247562 21.092
 93  91.393874  59.163036    63.109    63.888  4 55485.62239911 28.756
