# NaN NaN NaN ;Mean Elev.(m), Avg Gradient(m/km), RMS Gradient(m/km) - SRTM1     
#  -20.095  -2.676   3.578 ;Mean Elev.(m), Avg Gradient(m/km), RMS Gradient(m/km) - ASTER GDEM
#    3.104  -1.423   2.347 ;Mean Elev.(m), Avg Gradient(m/km), RMS Gradient(m/km) - GMTED2010 
  7  85.754966  69.568814    13.147    15.084 27 52466.61281321 20.627
  8  85.751702  69.576649     0.700     0.507 36 52501.61280737 26.512
  9  85.722399  69.574992     3.704     4.203 20 52536.61279408 19.371
 10  85.737398  69.577404     0.122     0.121 30 52571.61282980 42.834
 11  85.755157  69.576267    38.937    37.017 33 52606.61279155  6.529
 12  85.738652  69.570927    24.909    25.311 22 52641.61278611  9.678
 13  85.755822  69.576125    42.764    42.873 37 52676.61277475  2.496
 14  85.739075  69.571335    23.532    25.505 23 52711.61280265  6.929
 15  85.740812  69.579527    25.879    25.568 31 52746.61283119  6.106
 16  85.725239  69.575080     2.816     2.797 20 52781.61276949 33.225
 17  85.725669  69.574675     4.460     4.607 20 52816.61284951 17.349
 18  85.735186  69.575762     3.342     3.992 27 52851.61290044 22.657
 19  85.737788  69.577713     0.482     0.417 31 52886.61293511 35.742
 20  85.755495  69.576968     0.805     0.597 37 52921.61288983 22.274
 21  85.738667  69.574189     0.436    -0.168 27 52956.61285473 19.755
 22  85.745082  69.576387     0.785     0.007 33 52991.61287362 13.358
 23  85.764603  69.576415    -0.472    -0.959 39 53026.61283917 11.664
 24  85.746183  69.577258    -0.579    -0.590 34 53061.61284924 11.161
 25  85.746643  69.580139    27.302    28.402 23 53096.61287602  4.231
 26  85.730317  69.586364    16.172    15.093 27 53131.61285060  7.905
 28  85.738839  69.578150     2.020     0.888 31 53201.61292551 20.700
 29  85.762383  69.575693     0.071     0.138 38 53236.61289368 33.844
 30  85.726487  69.574125     3.817     4.463 20 53271.61285275 20.136
 31  85.735680  69.572193     0.155     0.124 22 53306.61291623 31.889
 32  85.753319  69.575165    -0.110    -0.229 35 53341.61288371 12.929
 33  85.743510  69.591313    41.006    39.445 18 53376.61281904  0.377
 34  85.724966  69.591502    10.921     9.255 23 53411.61286254  8.543
 35  85.721813  69.575182    -0.108    -0.085 20 53446.61284275  8.738
 36  85.732253  69.573814     4.445     3.310 22 53481.61292767  6.562
 37  85.747603  69.576297     5.244     5.260 34 53516.61293077 30.206
 38  85.740761  69.577151     0.978     0.978 31 53551.61295143 49.141
 39  85.756035  69.576236     0.213     0.164 36 53586.61290627 29.859
 40  85.716114  69.577036    -0.332    -0.339 19 53621.61287116 33.089
 41  85.736237  69.574256     3.575     3.212 22 53656.61289826 20.264
 42  85.747288  69.577361    -0.559    -0.553 34 53691.61288589 27.966
 43  85.766832  69.576989    44.322    43.794 41 53726.61280898  3.239
 44  85.735951  69.577379    -0.426    -0.432 30 53761.61276139 13.262
 45  85.769064  69.570184    41.324    41.685 34 53796.61277287  0.759
 47  85.735377  69.574763     6.323     5.463 25 53866.61283251  7.565
 48  85.739603  69.577991     7.029     7.011 31 53901.61286215 21.776
 49  85.735822  69.574515     0.877     0.422 25 53936.61290084 22.566
 50  85.750153  69.576215     3.025     3.325 35 53971.61286649 18.969
 51  85.732050  69.573506     2.772     3.274 21 54006.61284906 19.279
 52  85.737546  69.577971    -0.348    -0.332 30 54041.61287645 24.294
 53  85.752480  69.576470    -0.581    -0.561 35 54076.61286997 14.910
 54  85.765827  69.576569    42.335    43.036 41 54111.61281059  1.280
 55  85.736137  69.576284    -0.615    -0.627 28 54146.61281197 11.172
 56  85.740241  69.592183    36.985    35.016 28 54181.61280115  1.668
 57  85.736173  69.575648     0.183     0.189 27 54216.61282020 16.002
 58  85.737927  69.578415     6.565     6.775 31 54251.61284697 23.401
 59  85.746797  69.578429     2.518     1.397 33 54286.61285222 22.505
 60  85.745901  69.577421     0.866     0.621 33 54321.61284912 22.219
 61  85.761811  69.577235    28.445    29.411 39 54356.61280868 11.334
 62  85.750518  69.572082     1.122     0.713 28 54391.61278863 25.103
 63  85.753498  69.576169    -0.401    -0.432 36 54426.61275872 15.499
 64  85.718949  69.589193     3.902     1.579 21 54461.61276969 10.341
 65  85.715195  69.603906     1.426    -0.564 17 54496.61277188  9.050
 66  85.736894  69.579832     2.727     0.239 29 54531.61278063  9.021
 67  85.742419  69.590534    21.470    16.660 30 54566.61277431  5.215
 68  85.736834  69.579832    22.728    24.170 30 54601.61277613  3.651
 69  85.743870  69.577143     7.768     6.975 33 54636.61278703 16.517
 70  85.747572  69.576466     2.624     2.753 33 54671.61279053 20.045
 71  85.758394  69.575675     0.048    -0.105 37 54706.61275054 25.398
 72  85.738559  69.576948     0.599     0.433 30 54741.61275524 25.337
 73  85.755912  69.574951     0.301     0.289 36 54776.61273151 27.797
 74  85.737768  69.572763     0.125     0.136 23 54811.61274803 15.690
 75  85.755396  69.575635    39.060    40.029 36 54846.61273181  4.393
 76  85.741144  69.574827    22.499    22.910 28 54881.61275146  8.269
 77  85.758744  69.576650    41.362    40.755 38 54916.61273500  1.483
 78  85.739116  69.577055     6.027     1.913 30 54951.61274563 10.875
 79  85.738353  69.577386     7.312     7.311 31 54986.61277017 33.165
 80  85.750414  69.576316     1.037     1.051 35 55021.61276229 44.815
 81  85.750220  69.576515     0.277     0.151 34 55056.61275913 24.860
 82  85.759395  69.576142     1.604     0.457 38 55091.61271600 24.546
 83  85.742544  69.576323     0.712     0.363 30 55126.61269843 21.894
 84  85.752077  69.576358    -0.369    -0.358 35 55161.61267752 17.471
 85  85.737254  69.574441    -0.223    -0.274 26 55196.61268915 13.813
 86  85.758014  69.576158    41.658    41.837 38 55231.61268070  2.750
 87  85.740731  69.578019    24.443    25.998 32 55266.61268453  8.148
 88  85.761157  69.576757    44.515    43.023 39 55301.61266197  2.099
 89  85.748308  69.576223     1.404     1.518 34 55336.61265921 26.549
 90  85.750112  69.576011     5.182     4.340 35 55371.61264903 19.016
 91  85.740305  69.576674     2.399     3.656 31 55406.61266900 24.811
 92  85.752221  69.575799     3.043     3.674 35 55441.61266807 23.399
 93  85.762972  69.577054     2.061     0.362 40 55476.61261001 27.182
