# NaN NaN NaN ;Mean Elev.(m), Avg Gradient(m/km), RMS Gradient(m/km) - SRTM1     
#    0.381  -0.555   3.293 ;Mean Elev.(m), Avg Gradient(m/km), RMS Gradient(m/km) - ASTER GDEM
#    0.010  -0.383   2.179 ;Mean Elev.(m), Avg Gradient(m/km), RMS Gradient(m/km) - GMTED2010 
  8  83.176717  70.804639     1.101     1.355 16 52485.61507674 16.942
  9  83.178023  70.808416     1.547     1.636 15 52520.61504299 16.696
 10  83.176939  70.790294    -0.806    -0.810 15 52555.61509103 44.590
 11  83.178275  70.800756    -0.426    -0.430 17 52590.61508220 27.153
 12  83.180338  70.811938     0.004     0.011 14 52625.61501144 19.384
 13  83.175204  70.802642    -0.227    -0.216 17 52660.61504796 14.019
 14  83.177491  70.788448    -0.218    -0.220 14 52695.61502484 11.237
 15  83.177777  70.804712    -0.245    -0.239 16 52730.61505707 11.099
 16  83.178229  70.808745     0.360     0.131 16 52765.61506792  8.660
 17  83.177574  70.789609     2.470     2.448 15 52800.61505856 37.793
 18  83.179503  70.792372     0.783     0.980 16 52835.61512642 23.787
 19  83.178324  70.799463     0.370    -0.256 18 52870.61516886 23.985
 20  83.176077  70.805559     2.010     2.357 17 52905.61516992 21.353
 21  83.176837  70.788436    -0.655    -0.641 14 52940.61509879 35.040
 23  83.177804  70.800245    -0.403    -0.581 17 53010.61515158 13.313
 24  83.177179  70.790617    -0.527    -0.509 15 53045.61511290 10.777
 25  83.178166  70.800098    -0.662    -0.666 18 53080.61514861 10.167
 26  83.177579  70.788113    -0.719    -0.684 15 53115.61511712  8.983
 27  83.181156  70.793427    -0.521    -0.518 16 53150.61516521  8.990
 28  83.175188  70.804528     1.960     2.199 16 53185.61515642 19.277
 29  83.175899  70.805600    -0.713    -1.085 17 53220.61518248 33.057
 30  83.178569  70.808125    -0.952    -0.713 15 53255.61515955 26.010
 32  83.176528  70.805714    -0.207    -0.149 17 53325.61514502 16.877
 33  83.179195  70.810241    -2.160    -2.212 15 53360.61510471 11.853
 34  83.177192  70.791649    -1.181    -1.132 15 53395.61512058 10.367
 35  83.180227  70.808930    -0.756    -0.674 15 53430.61511605 10.668
 36  83.176580  70.791242    -0.782    -0.717 15 53465.61514192  9.021
 37  83.180282  70.794511    -0.293    -0.250 16 53500.61520243  8.283
 38  83.178022  70.804301     2.316     2.406 16 53535.61519260 23.442
 39  83.177773  70.800068     1.062     1.261 17 53570.61520163 17.424
 40  83.178154  70.812945    -0.163    -0.405 15 53605.61515145 19.229
 41  83.177076  70.789156     0.340    -0.030 14 53640.61514697 21.710
 42  83.181994  70.793734    -0.323    -0.300 16 53675.61516725 34.114
 43  83.180717  70.811856    -0.576    -0.672 15 53710.61510033 17.116
 44  83.177008  70.787655    -0.645    -0.669 14 53745.61500593 13.735
 45  83.175692  70.804820    -0.665    -0.582 16 53780.61504030 11.591
 46  83.178663  70.817994    -0.775    -0.759 13 53815.61501188 10.411
 47  83.177970  70.789178    -0.676    -0.705 15 53850.61507296  8.931
 48  83.175889  70.804504     0.549     0.517 16 53885.61508583  5.788
 49  83.180316  70.792605     0.873     1.155 16 53920.61515249 21.697
 50  83.182077  70.794651    -0.297    -0.591 16 53955.61515086 23.318
 51  83.180368  70.815596    -0.432    -0.605 14 53990.61507331 27.124
 52  83.178514  70.791194    -0.104    -0.084 16 54025.61513437 46.086
 53  83.176954  70.805018    -0.409    -0.405 16 54060.61512994 19.992
 54  83.178788  70.810603    -0.419    -0.402 15 54095.61510540 14.980
 55  83.177053  70.789592    -0.931    -0.931 15 54130.61504772 12.514
 56  83.178418  70.804767    -0.284    -0.301 16 54165.61507613 11.904
 57  83.178025  70.792247     0.225     0.225 15 54200.61505109 12.501
 58  83.178769  70.797435     0.924     0.850 16 54235.61508958  7.178
 59  83.175583  70.803927     2.200     2.324 16 54270.61511122 22.784
 60  83.178254  70.799998     1.029     1.515 18 54305.61511320 18.549
 61  83.178710  70.806892    -0.332    -0.505 16 54340.61509673 23.552
 62  83.181202  70.794074    -0.289    -0.574 16 54375.61504648 31.929
 63  83.175103  70.803738    -0.571    -0.568 16 54410.61504269 21.187
 64  83.177669  70.789929    -0.119    -0.088 15 54445.61500941 14.890
 65  83.175555  70.803128    -1.009    -0.985 17 54480.61503374 11.379
 66  83.177171  70.791677    -0.825    -0.809 15 54515.61502402 10.279
 67  83.178162  70.806999    -0.771    -0.790 16 54550.61504747 10.409
 68  83.180077  70.797271    -0.239    -0.253 17 54585.61502069  8.756
 69  83.178974  70.799670     1.113     1.190 17 54620.61504031 25.702
 70  83.178015  70.800390     1.807     1.809 18 54655.61505088 19.850
 71  83.176755  70.805353    -0.481    -0.225 16 54690.61503745 42.265
 72  83.177766  70.792134     0.105    -0.238 15 54725.61500015 19.218
 73  83.173947  70.804070    -0.692    -0.710 17 54760.61501382 37.521
 74  83.176899  70.788486    -0.856    -0.800 14 54795.61499276 16.915
 75  83.177781  70.800779    -0.294    -0.267 17 54830.61501332 11.797
 76  83.178880  70.791388    -0.607    -0.574 16 54865.61498818 10.776
 77  83.174493  70.806707    -0.630    -0.651 16 54900.61501341  9.083
 78  83.178017  70.795646     0.359     0.378 16 54935.61498049 10.165
 79  83.178938  70.798778     0.675     0.440 17 54970.61501376  7.434
 80  83.178664  70.799449     2.299     2.486 18 55005.61503338 21.918
 81  83.176027  70.802674     1.547     1.714 17 55040.61502190 14.822
 82  83.177268  70.806737    -0.266    -0.413 16 55075.61500461 26.960
 83  83.179229  70.793237    -0.161    -0.693 16 55110.61495265 25.497
 84  83.176594  70.802264    -0.334    -0.330 17 55145.61495692 26.429
 85  83.178933  70.788469    -0.957    -0.983 15 55180.61492875 15.171
 86  83.175985  70.804348     0.028     0.021 17 55215.61495188 11.554
 87  83.177699  70.794636    -0.728    -0.724 16 55250.61492673 16.080
 88  83.179411  70.805152    -0.537    -0.508 16 55285.61494573 11.292
 89  83.176928  70.801381    -0.220    -0.231 17 55320.61491849  9.267
 90  83.174800  70.804179     1.395     1.387 17 55355.61491958 48.964
 91  83.180048  70.792095     1.541     1.787 16 55390.61491759 20.411
 92  83.175105  70.803011     1.915     2.146 17 55425.61493630 18.614
 93  83.177876  70.808885    -0.900    -0.687 15 55460.61490542 27.005
