# NaN NaN NaN ;Mean Elev.(m), Avg Gradient(m/km), RMS Gradient(m/km) - SRTM1     
#  -17.121   0.176   4.713 ;Mean Elev.(m), Avg Gradient(m/km), RMS Gradient(m/km) - ASTER GDEM
#    2.085  -0.165   4.094 ;Mean Elev.(m), Avg Gradient(m/km), RMS Gradient(m/km) - GMTED2010 
  7  85.484874  69.757727    14.433    14.569 15 52466.61285383 21.301
  8  85.492325  69.758072     4.275    -0.087 17 52501.61284637 21.829
  9  85.447593  69.766847    10.871     8.441 12 52536.61283534 16.214
 10  85.473553  69.761797    -0.041    -0.033 15 52571.61286944 38.171
 11  85.497948  69.756190     0.160     0.051 17 52606.61283023 17.162
 12  85.461890  69.764307    54.585    54.535 15 52641.61282770  3.099
 13  85.496468  69.757547    57.382    58.216 18 52676.61281376  2.254
 14  85.462310  69.764717    55.297    55.493 14 52711.61284423  1.429
 15  85.466251  69.771427    58.650    58.725  9 52746.61287245  0.769
 16  85.452624  69.765446     2.180     2.211 13 52781.61281042 32.736
 17  85.453068  69.765042    13.912    14.544 13 52816.61289045 17.646
 18  85.466979  69.763148    11.000    10.554 14 52851.61294073 16.273
 19  85.473966  69.762114    -0.364    -0.617 16 52886.61297475 32.476
 20  85.504790  69.752403    13.140    12.283 14 52921.61292755 20.070
 21  85.470467  69.761569     2.384     2.035 14 52956.61289502 22.276
 22  85.481265  69.760779    56.001    55.687 16 52991.61291326  3.578
 23  85.509601  69.754846    58.551    58.469 18 53026.61287753  1.276
 24  85.467193  69.772134    57.412    59.866  8 53061.61289115  0.523
 25  85.463447  69.778036    62.492    62.492  2 53096.61291857  0.501
 26  85.448906  69.782722    59.539    59.539  2 53131.61289283  0.035
 28  85.477153  69.761051     9.776     7.212 15 53201.61296484 18.000
 29  85.507362  69.754122    -1.486    -1.618 19 53236.61293204 29.299
 30  85.449526  69.767481     6.173     5.042 13 53271.61289434 17.623
 31  85.458918  69.765577     0.317     0.369 11 53306.61295781 27.244
 32  85.491807  69.758085    57.923    58.260 17 53341.61292304  2.659
 33  85.522743  69.745751    59.290    55.440  9 53376.61285224  0.539
 35  85.436152  69.774522    49.761    50.155  7 53446.61288562  1.173
 37  85.486004  69.759215     4.825     4.852 16 53516.61297009 33.217
 38  85.476984  69.761562     0.778     0.750 16 53551.61299108 51.665
 39  85.505310  69.751667     0.182    -0.281 15 53586.61294398 26.353
 40  85.445602  69.765902    -0.160    -0.417 11 53621.61291177 28.074
 41  85.474554  69.757148    12.900    12.117 10 53656.61293759 23.960
 42  85.487872  69.758775    -0.784    -0.785 17 53691.61292490 26.792
 43  85.518369  69.750937    61.773    59.456 19 53726.61284637  2.251
 44  85.472000  69.761757    -0.113    -0.152 15 53761.61280103 13.560
 45  85.476725  69.774591    67.111    67.473  3 53796.61281681  0.251
 48  85.480089  69.759398    13.442     8.032 14 53901.61290115 20.233
 49  85.465562  69.763418     5.835     2.466 15 53936.61294145 22.621
 50  85.488630  69.759138     1.614    -0.859 17 53971.61290582 30.684
 51  85.457309  69.765374    11.957     9.399 13 54006.61289032 17.555
 52  85.473632  69.762359    -0.611    -0.619 15 54041.61291610 31.071
 53  85.493104  69.757888    -0.437    -0.555 18 54076.61290897 16.003
 54  85.513065  69.753517    58.797    58.810 19 54111.61284863  0.828
 55  85.467940  69.763673    -0.390    -0.373 15 54146.61285227 12.033
 56  85.474134  69.778080    64.983    64.983  2 54181.61284112  0.328
 57  85.467991  69.763036     0.667     0.257 14 54216.61286049 18.027
 58  85.476225  69.761318     7.523     7.125 15 54251.61288630 24.155
 59  85.489485  69.758344     5.326     4.841 17 54286.61289090 19.634
 60  85.486429  69.758829     0.493    -0.237 16 54321.61288812 26.363
 61  85.508984  69.754177     5.630     5.018 19 54356.61284671 22.194
 62  85.486828  69.756493    13.220    13.792 13 54391.61282828 26.709
 63  85.494121  69.757589    56.330    55.275 17 54426.61279772  1.504
 64  85.446120  69.779548    57.761    57.750  4 54461.61281063  0.968
 68  85.477244  69.761231    55.518    55.518  2 54601.61281513  0.249
 69  85.486562  69.757054    17.120    18.788 15 54636.61282571 20.095
 70  85.490311  69.756385     3.509     4.480 15 54671.61282921 21.958
 71  85.501222  69.755608    -0.006    -0.236 17 54706.61278923 26.503
 72  85.474701  69.761343     5.549     3.330 15 54741.61279489 21.939
 73  85.494408  69.757866     0.384     0.406 18 54776.61277084 26.027
 74  85.467455  69.761640     1.452     1.752 13 54811.61278864 16.677
 75  85.496045  69.757061    56.810    57.531 17 54846.61277082  3.361
 76  85.473029  69.762220    56.936    57.161 15 54881.61279175  1.471
 77  85.503767  69.755085    59.511    58.938 17 54916.61277336  0.690
 78  85.475271  69.761458     5.390     4.336 15 54951.61278528  8.058
 79  85.474514  69.761789     6.524     6.510 16 54986.61280982 34.447
 80  85.488843  69.759228     1.348     0.553 17 55021.61280161 40.906
 81  85.492966  69.756438     1.862    -0.217 16 55056.61279781 25.033
 82  85.506573  69.753085     0.387    -0.074 16 55091.61275404 22.968
 83  85.483069  69.757722     6.922     3.166 13 55126.61273744 22.401
 84  85.492700  69.757776     1.083     1.180 16 55161.61271652 16.575
 85  85.466921  69.763328     6.533     1.750 14 55196.61272976 13.584
 86  85.500867  69.756088    59.148    58.954 18 55231.61271938  1.793
 87  85.468238  69.768402    58.095    59.921 11 55266.61272547  0.632
 88  85.508325  69.753701    59.350    58.716 13 55301.61270001  0.512
 89  85.486722  69.759142     0.967     1.123 16 55336.61269853 24.200
 90  85.492866  69.755927    15.239    11.028 15 55371.61268771 21.469
 91  85.480779  69.758075    16.709    13.855 14 55406.61270800 19.101
 92  85.490667  69.758720    18.611    20.632 17 55441.61270740 17.354
 93  85.518805  69.748001    11.611     6.771 16 55476.61264676 22.321
