# NaN NaN NaN ;Mean Elev.(m), Avg Gradient(m/km), RMS Gradient(m/km) - SRTM1     
#  -15.874  -1.632   8.652 ;Mean Elev.(m), Avg Gradient(m/km), RMS Gradient(m/km) - ASTER GDEM
#   15.776  -0.449   2.670 ;Mean Elev.(m), Avg Gradient(m/km), RMS Gradient(m/km) - GMTED2010 
  7  87.568011  63.300932    16.349    16.295  6 52459.62546036 29.980
  9  87.544220  63.308656    22.258    16.054  4 52529.62543502 18.878
 10  87.565109  63.303148    15.628    15.637  6 52564.62545397 43.640
 11  87.561789  63.303718    15.839    15.854  6 52599.62548192 28.188
 12  87.553398  63.302853    17.645    17.664  3 52634.62543652 17.708
 13  87.563808  63.302432    40.867    40.850  6 52669.62544721 11.756
 14  87.558276  63.304256    41.733    41.791  6 52704.62543425 12.181
 16  87.589727  63.292700    21.675    21.681  7 52774.62541647 33.030
 18  87.550203  63.306795    14.649    14.634  4 52844.62554973 21.913
 19  87.557935  63.304334    15.492    15.464  5 52879.62558686 47.533
 20  87.585463  63.293796    14.736    14.765  9 52914.62554190 38.059
 21  87.551017  63.306121    14.338    14.315  5 52949.62550418 49.097
 22  87.568342  63.300620    40.655    40.775  6 52984.62552932 12.865
 23  87.577507  63.296991    34.175    35.127  7 53019.62551987 14.219
 24  87.559502  63.304311    17.099    17.174  4 53054.62550707 15.194
 25  87.568751  63.299455    23.504    16.870  4 53089.62554327 14.257
 26  87.554118  63.306368    49.726    49.882  5 53124.62551530  7.927
 27  87.552262  63.305367    27.579    27.577  5 53159.62557495 50.518
 28  87.570321  63.299994    16.450    16.430  6 53194.62556909 23.044
 29  87.576077  63.297968    15.381    15.385  7 53229.62555889 22.396
 30  87.582986  63.294810    16.472    16.476  8 53264.62552950 22.020
 32  87.565498  63.302108    14.787    14.842  5 53334.62554731 44.050
 33  87.587472  63.293840    17.509    17.482  8 53369.62548540 18.406
 34  87.560764  63.301798    18.055    18.056  3 53404.62551992 15.775
 35  87.581190  63.296510    24.093    23.180  8 53439.62550601 14.044
 36  87.550857  63.306515    48.436    48.276  5 53474.62557010  6.664
 37  87.561968  63.303947    27.045    27.046  6 53509.62558782 50.093
 38  87.562534  63.302967    17.812    17.828  5 53544.62560267 49.555
 39  87.571078  63.301298    15.852    15.877  6 53579.62558065 18.374
 40  87.579090  63.296181    15.425    15.422  8 53614.62553352 44.284
 41  87.558726  63.304131    15.527    15.538  6 53649.62554366 39.795
 43  87.589500  63.289551    17.745    16.836  6 53719.62547912 18.963
 44  87.561448  63.303414    19.003    18.435  6 53754.62540561 17.226
 45  87.575504  63.298130    39.745    39.909  8 53789.62543427 13.857
 46  87.549174  63.308119    40.113    40.144  5 53824.62539275 13.294
 47  87.552403  63.306217    34.248    31.392  6 53859.62548566  6.720
 48  87.562714  63.302905    41.564    44.417  5 53894.62550200 17.709
 49  87.550904  63.306988    16.561    16.450  5 53929.62555791 38.261
 50  87.563325  63.302875    33.372    33.314  6 53964.62553603 15.177
 52  87.561468  63.303623    15.052    14.978  5 54034.62553554 47.613
 53  87.570992  63.298841    29.793    29.556  4 54069.62552839 32.467
 54  87.583955  63.294146    39.598    39.801  8 54104.62548271 11.280
 55  87.556488  63.304232    41.993    42.127  5 54139.62546106 10.488
 56  87.575268  63.297861    40.861    40.848  7 54174.62546294  9.820
 57  87.555126  63.304797    19.175    19.117  5 54209.62546752 27.737
 58  87.562612  63.303416    48.348    49.718  6 54244.62549809 19.468
 59  87.563938  63.302260    18.039    18.028  6 54279.62550963 29.544
 60  87.570472  63.300348    15.683    15.630  6 54314.62550862 24.781
 61  87.582703  63.292557    16.560    16.528  5 54349.62547623 19.610
 62  87.559591  63.304098    16.311    16.332  6 54384.62544787 40.410
 63  87.575763  63.297441    14.715    14.726  7 54419.62542683 42.225
 64  87.551404  63.305587    36.459    40.679  5 54454.62541971 17.316
 65  87.570901  63.301111    37.791    41.454  6 54489.62542733 12.628
 66  87.560838  63.303475    39.242    41.787  6 54524.62543199 11.248
 67  87.575458  63.298188    42.786    42.382  8 54559.62543592  7.131
 68  87.564063  63.302264    19.113    19.111  6 54594.62542785 29.105
 70  87.561236  63.303110    16.017    15.991  5 54664.62544916 44.437
 71  87.581663  63.295392    15.568    15.540  7 54699.62541856 22.054
 72  87.553591  63.305373    15.206    15.882  5 54734.62540819 17.788
 73  87.572528  63.298047    13.549    14.222  5 54769.62539919 23.197
 74  87.551406  63.307460    18.162    18.170  5 54804.62540242 31.113
 75  87.569999  63.297577    18.595    18.593  3 54839.62539373 16.367
 76  87.557180  63.305204    31.670    30.595  5 54874.62540203 13.515
 77  87.577039  63.297684    32.942    33.860  7 54909.62539963 12.733
 78  87.554723  63.304964    19.355    19.244  5 54944.62539502 14.918
 79  87.563929  63.302903    46.215    47.084  5 54979.62542112 18.823
 80  87.568900  63.298133    18.264    18.232  3 55014.62542380 22.676
 81  87.566039  63.301924    15.751    15.703  5 55049.62541839 16.641
 82  87.583437  63.294389    15.758    15.778  8 55084.62538425 41.381
 83  87.557817  63.303777    26.634    28.899  5 55119.62535105 15.092
 84  87.568878  63.302060    17.124    17.163  6 55154.62534527 23.343
 85  87.552091  63.307038    31.461    29.388  5 55189.62534123 12.013
 86  87.569761  63.300150    33.870    39.888  6 55224.62534461 10.989
 87  87.563242  63.303094    40.687    40.742  6 55259.62533590 10.857
 88  87.578013  63.297269    38.876    41.072  7 55294.62533040 10.458
 89  87.564110  63.300654    22.761    22.727  3 55329.62531769 29.407
 90  87.574891  63.297127    20.441    20.441  4 55364.62531082 23.994
 91  87.553870  63.305798    16.552    16.665  5 55399.62532380 34.179
 92  87.573098  63.297001    16.495    16.454  3 55434.62532741 21.686
 93  87.591163  63.288042    16.566    16.568  5 55469.62527987 22.440
