# NaN NaN NaN ;Mean Elev.(m), Avg Gradient(m/km), RMS Gradient(m/km) - SRTM1     
#   26.721  -4.090  16.105 ;Mean Elev.(m), Avg Gradient(m/km), RMS Gradient(m/km) - ASTER GDEM
#   33.888  -4.602  16.787 ;Mean Elev.(m), Avg Gradient(m/km), RMS Gradient(m/km) - GMTED2010 
  7  89.791123  61.408113    54.493    51.805  5 52475.62310113 22.659
  8  89.803936  61.413409    52.666    51.742  7 52510.62305732 16.134
  9  89.785389  61.413642    64.631    58.589  5 52545.62307230  6.916
 10  89.786935  61.415501    34.755    35.039  5 52580.62309968 39.726
 11  89.797598  61.413759    32.609    32.613  8 52615.62306803 17.877
 12  89.793240  61.413416    34.106    33.357  7 52650.62304598 10.576
 13  89.801253  61.416702    34.081    32.817  7 52685.62303403 15.004
 14  89.790972  61.412237    32.326    32.258  7 52720.62308421 13.421
 15  89.784171  61.418515    35.075    35.075  2 52755.62310932  8.860
 16  89.780631  61.412961    38.348    35.018  6 52790.62305747 32.543
 17  89.787314  61.412295    32.779    32.934  7 52825.62312665 33.942
 18  89.791195  61.410776    40.866    41.694  6 52860.62317202 34.004
 19  89.793563  61.412069    52.307    54.113  5 52895.62320270 21.759
 20  89.800089  61.415611    51.045    48.124  8 52930.62315167 26.779
 21  89.787144  61.411246    33.442    32.761  6 52965.62314479 18.413
 23  89.807246  61.404192    33.603    33.347  4 53035.62312482 15.519
 24  89.799270  61.403512    33.906    33.839  3 53070.62314500 13.712
 26  89.788205  61.413118    48.328    50.571  7 53140.62315392 28.892
 27  89.792069  61.411932    63.552    60.613  8 53175.62318576 10.735
 28  89.794685  61.410395    44.784    45.523  6 53210.62320375 19.571
 29  89.799294  61.413785    51.137    49.400  8 53245.62317226 24.068
 31  89.789031  61.415109    39.439    35.456  5 53315.62317135 40.123
 32  89.796277  61.419869    33.742    35.127  5 53350.62313771 18.342
 34  89.809885  61.402085    35.157    35.157  2 53420.62312019 17.050
 35  89.780362  61.417140    32.876    32.876  2 53455.62312941 11.971
 36  89.783342  61.413144    34.142    33.984  5 53490.62321390 17.684
 37  89.804800  61.402099    94.450    94.450  2 53525.62319514  5.009
 38  89.790621  61.412074    58.670    52.315  5 53560.62322510  8.525
 39  89.806745  61.413459    55.660    53.060  7 53595.62316330 28.816
 41  89.788249  61.412404    57.478    54.384  6 53665.62318061 22.306
 42  89.797148  61.417801    30.908    30.975  5 53700.62313427 37.506
 43  89.818491  61.405193    35.843    35.835  4 53735.62305337 16.837
 44  89.789736  61.420664    32.576    32.576  2 53770.62304705  9.834
 45  89.805858  61.413527    34.513    33.368  9 53805.62303795 11.926
 47  89.795105  61.408477    64.537    71.198  5 53875.62310452 29.379
 48  89.785560  61.410831    32.144    32.350  7 53910.62315287 26.936
 49  89.787382  61.411843    35.091    35.029  7 53945.62317245 31.819
 50  89.795219  61.419698    32.055    31.986  5 53980.62311992 12.304
 51  89.783747  61.412208    43.390    35.587  5 54015.62313860 21.641
 52  89.799312  61.413735    32.575    32.465  9 54050.62313951 38.191
 53  89.799382  61.412329    35.721    35.910  9 54085.62313143 17.801
 56  89.798602  61.423127    33.954    33.979  3 54190.62305711 15.850
 57  89.792760  61.408951    58.513    70.873  5 54225.62310054 36.973
 58  89.799185  61.404847    78.501    77.993  4 54260.62311986  8.880
 59  89.794398  61.413584    40.123    38.401  7 54295.62312543 24.939
 60  89.800230  61.413611    53.564    51.767  7 54330.62311764 20.688
 61  89.804347  61.415207    68.530    65.838  6 54365.62306200  7.499
 62  89.795737  61.412568    38.703    39.712  8 54400.62305923 28.998
 63  89.802347  61.413908    36.400    35.625  8 54435.62301665 18.417
 64  89.789571  61.413852    33.508    32.169  7 54470.62304356 12.567
 65  89.803803  61.413265    35.008    34.890  9 54505.62302990 12.674
 66  89.793098  61.417272    34.187    33.074  6 54540.62305900 13.240
 68  89.796497  61.410973    77.997    78.479  8 54610.62304989  5.442
 69  89.790536  61.418005    44.409    43.221  4 54645.62305872 13.324
 70  89.790730  61.419187    51.799    61.009  3 54680.62306026 12.948
 71  89.807182  61.413017    55.918    51.194  7 54715.62300879 26.421
 72  89.791121  61.410390    72.868    73.218  7 54750.62302939  5.864
 73  89.804305  61.409078    33.200    33.380  6 54785.62299695 33.224
 75  89.794321  61.422311    34.251    34.360  3 54855.62299616 18.533
 76  89.801412  61.403769    35.333    35.333  2 54890.62302494 13.622
 77  89.800538  61.419417    37.664    35.149  6 54925.62299435 22.699
 78  89.787740  61.415160    38.699    38.751  5 54960.62302595 27.833
 79  89.794481  61.410361    64.784    66.317  7 54995.62304632  8.300
 80  89.794186  61.414428    39.565    37.681  7 55030.62303680 30.275
 81  89.799820  61.412087    32.694    32.749  8 55065.62302666 38.150
 82  89.806530  61.412988    68.667    66.928  6 55100.62296897  7.520
 83  89.792189  61.411143    41.108    41.277  6 55135.62297179 35.242
 84  89.800265  61.416925    34.756    34.759  7 55170.62293583 17.725
 85  89.797974  61.402540    36.320    36.320  2 55205.62296355 10.993
 87  89.797996  61.411867    36.200    34.900  8 55275.62295916  9.579
 89  89.796809  61.412729    75.336    74.421  8 55345.62292845  5.144
 90  89.796793  61.416622    37.931    38.683  7 55380.62292216 27.995
 91  89.790447  61.411584    31.836    32.121  7 55415.62294795 30.596
 92  89.801578  61.413063    60.936    57.469  9 55450.62293302 18.763
 93  89.800213  61.425695    55.301    61.789  3 55485.62285973  7.709
