# NaN NaN NaN ;Mean Elev.(m), Avg Gradient(m/km), RMS Gradient(m/km) - SRTM1     
#  -17.665  -4.523   8.850 ;Mean Elev.(m), Avg Gradient(m/km), RMS Gradient(m/km) - ASTER GDEM
#   10.015  -3.686   6.916 ;Mean Elev.(m), Avg Gradient(m/km), RMS Gradient(m/km) - GMTED2010 
  7  87.724891  64.730704    20.059    20.543 10 52456.62177522 16.501
 10  87.724910  64.724729    14.837    14.533  7 52561.62177518 22.989
 12  87.719356  64.727987    13.993    14.565 10 52631.62172900 18.488
 15  87.730659  64.734050    16.249    16.066 11 52736.62176234 12.278
 16  87.726791  64.744566    10.966    10.966  5 52771.62173771 27.015
 17  87.715369  64.726501    16.950    16.921 10 52806.62178511 51.059
 18  87.726620  64.720278     9.414     9.786  3 52841.62184307 23.696
 19  87.713356  64.737313     7.985     8.082  3 52876.62188522 37.602
 20  87.734914  64.738705     8.920     8.669 10 52911.62184622 28.261
 21  87.726323  64.718592     8.046     8.025  4 52946.62179614 37.427
 23  87.729376  64.733851    34.791    35.761 10 53016.62183478  8.895
 24  87.719918  64.728257    35.183    36.375 10 53051.62181197  8.878
 25  87.725888  64.730902    41.180    40.224  9 53086.62184884  7.120
 26  87.719646  64.727311    38.315    37.285  9 53121.62181857  6.405
 27  87.718281  64.726830    21.641    21.733 10 53156.62187370 26.601
 28  87.726344  64.735846    17.218    17.117  9 53191.62186709 16.934
 29  87.729349  64.734596    11.476    10.254  9 53226.62187008 18.895
 30  87.729677  64.735830    17.110    16.381 10 53261.62184400 16.643
 31  87.725525  64.714313     9.744     9.794  3 53296.62187422 37.315
 32  87.731753  64.724935    42.517    45.261  5 53331.62184817 28.925
 33  87.735968  64.735632    33.636    36.549  9 53366.62179641 18.024
 34  87.724476  64.726192    28.657    35.254  8 53401.62182227 14.867
 35  87.731503  64.735944    35.792    36.661 10 53436.62181321  9.523
 36  87.718743  64.726923    37.618    36.359  9 53471.62186276  7.354
 38  87.727500  64.726787    12.315    12.390  7 53541.62190048 30.673
 39  87.724924  64.737286    10.082    10.266  3 53576.62189146 48.573
 40  87.731242  64.736311     9.620     9.604 10 53611.62184296 47.410
 41  87.716332  64.731123    15.793    15.879  4 53646.62184677 39.682
 42  87.733626  64.720370     8.829     8.992  4 53681.62186038 46.418
 43  87.732506  64.737551    33.456    36.296 11 53716.62179112 10.080
 44  87.719657  64.730168    30.634    30.943  8 53751.62170871 11.159
 45  87.729516  64.734988    34.940    36.160 10 53786.62173951  8.942
 46  87.732473  64.746326    29.742    24.184  7 53821.62169727  8.678
 47  87.719477  64.726879    31.746    33.982 10 53856.62178337  7.726
 48  87.716975  64.742219    22.277    22.282  4 53891.62179857 31.477
 49  87.717960  64.725761    14.137    15.749  8 53926.62185726 18.563
 51  87.715922  64.721960    13.211    13.562  9 53996.62178382 25.042
 52  87.729925  64.720690     8.570     8.582  4 54031.62183594 39.234
 53  87.728385  64.734271    34.663    35.397 10 54066.62183216 11.764
 54  87.731352  64.736457    34.772    36.482 10 54101.62179416 10.254
 55  87.720100  64.728003    36.645    36.080  9 54136.62175875  7.312
 56  87.730439  64.733688    39.754    40.642 10 54171.62177023  5.761
 57  87.726394  64.718934    11.806    11.791  4 54206.62176204 26.236
 58  87.723645  64.733168    20.555    20.540  8 54241.62179773 51.819
 59  87.716850  64.740139    13.972    13.977  3 54276.62181380 30.500
 61  87.724340  64.745305    10.957    10.975  5 54346.62178886 35.050
 62  87.723124  64.726814    10.367    10.240  8 54381.62174890 42.409
 63  87.739119  64.722950     8.411     8.345  3 54416.62173330 46.131
 64  87.720276  64.725254    33.805    33.685  9 54451.62171757 18.299
 65  87.724503  64.734833    33.252    33.456  9 54486.62173246 13.354
 66  87.722674  64.729509    33.343    36.420  9 54521.62173154 10.832
 67  87.723428  64.741815    33.700    33.888  6 54556.62174434  6.787
 68  87.724197  64.729047    10.787    10.824 10 54591.62172763 23.613
 69  87.724570  64.734424    21.162    21.013  9 54626.62174430 21.745
 70  87.724788  64.728113    13.171    11.234  9 54661.62175100 18.749
 71  87.729280  64.736474    14.106    15.155 10 54696.62172884 18.495
 72  87.716652  64.732516    16.595    17.772  4 54731.62170812 16.747
 73  87.734818  64.722442     9.587     9.586  4 54766.62170487 32.726
 74  87.714026  64.732531    11.247    11.196  6 54801.62170195 27.591
 75  87.727141  64.730673    14.625    15.017 10 54836.62169893 17.678
 76  87.718124  64.730251    33.612    33.503  9 54871.62169972  9.891
 77  87.731014  64.734788    36.152    36.689 11 54906.62170738  8.152
 78  87.714419  64.734659    34.035    35.254  6 54941.62169338  4.481
 79  87.720972  64.733868    20.929    20.833  8 54976.62172132 50.713
 80  87.724260  64.734587    20.438    19.889  8 55011.62173032 17.383
 81  87.731044  64.724177     9.964     9.943  4 55046.62172006 19.882
 82  87.734807  64.733448    13.124    12.162  9 55081.62169436 25.056
 83  87.725818  64.724601    12.352    10.767  8 55116.62165210 19.267
 84  87.733630  64.723984    10.428    10.492  5 55151.62165008 24.859
 85  87.719727  64.727426    15.639    15.663 10 55186.62163906 17.110
 86  87.728420  64.730894    37.820    39.167 10 55221.62164993  8.837
 87  87.724359  64.728353    34.674    35.512 10 55256.62163499  7.887
 88  87.732155  64.734581    38.371    39.052 10 55291.62163910  6.223
 89  87.716297  64.738015    15.553    13.420  3 55326.62162190 22.813
 93  87.740107  64.731739    13.082    10.619  4 55466.62159171 27.214
