# NaN NaN NaN ;Mean Elev.(m), Avg Gradient(m/km), RMS Gradient(m/km) - SRTM1     
#   22.013  -6.917  33.801 ;Mean Elev.(m), Avg Gradient(m/km), RMS Gradient(m/km) - ASTER GDEM
#   30.986  -6.110  30.597 ;Mean Elev.(m), Avg Gradient(m/km), RMS Gradient(m/km) - GMTED2010 
  7    35.861 52472.21058175 28.70  90.228687  61.550671 20.425
  7    31.062 52472.21058239 29.76  90.226297  61.547511 20.425
  7    30.031 52472.21058304 25.86  90.223907  61.544361 20.425
  7    29.105 52472.21058368 27.88  90.221517  61.541201 20.425
  7    29.136 52472.21058433 27.45  90.219127  61.538051 20.425
  7    28.611 52472.21058497 27.42  90.216727  61.534901 20.425
  7    28.778 52472.21058562 28.24  90.214347  61.531741 20.425
  7    28.990 52472.21058626 26.72  90.211947  61.528591 20.425
  7    29.052 52472.21058691 25.85  90.209567  61.525441 20.425
  7    28.772 52472.21058755 27.24  90.207177  61.522281 20.425
  7    28.718 52472.21058820 27.01  90.204787  61.519131 20.425
  7    28.675 52472.21058884 27.57  90.202397  61.515971 20.425
  7    29.193 52472.21058948 27.50  90.200007  61.512821 20.425
  7    28.878 52472.21059013 27.95  90.197627  61.509671 20.425
  7    28.922 52472.21059077 26.07  90.195237  61.506511 20.425
  7    29.267 52472.21059142 23.81  90.192847  61.503361 20.425
  7    29.387 52472.21059206 23.07  90.190459  61.500208  7.523
  7    28.701 52472.21059271 25.21  90.188079  61.497048  7.523
  7    28.672 52472.21059335 28.78  90.185689  61.493898  7.523
  8    17.260 52507.21056076 17.42  90.214549  61.531404  3.709
  8    13.282 52507.21056140 17.37  90.212169  61.528244  3.709
  8    13.327 52507.21056205 15.68  90.209779  61.525094  3.709
  8    13.462 52507.21056269 15.53  90.207389  61.521944  3.709
  8    13.846 52507.21056334 15.92  90.204999  61.518784  3.709
  8    13.705 52507.21056398 15.69  90.202609  61.515634  3.709
  8    13.790 52507.21056463 16.40  90.200219  61.512484  3.709
  8    13.964 52507.21056527 18.28  90.197839  61.509324  3.709
  8    13.968 52507.21056592 16.51  90.195449  61.506174  3.709
  8    13.779 52507.21056656 15.45  90.193060  61.503020 11.024
  8    14.115 52507.21056721 18.41  90.190680  61.499860 11.024
  8    14.137 52507.21056785 17.88  90.188290  61.496710 11.024
  8    13.980 52507.21056849 17.62  90.185910  61.493550 11.024
 10    27.371 52577.21058964 37.86  90.230427  61.548708 29.139
 10    27.856 52577.21059028 41.11  90.228027  61.545548 29.139
 10    27.828 52577.21059093 42.94  90.225637  61.542398 29.139
 10    26.122 52577.21059222 50.33  90.220857  61.536088 29.139
 10    26.638 52577.21059286 50.28  90.218467  61.532938 29.139
 10    26.363 52577.21059351 48.65  90.216077  61.529788 29.139
 10    26.375 52577.21059415 48.92  90.213687  61.526628 29.139
 10    26.390 52577.21059479 49.10  90.211297  61.523478 29.139
 10    26.391 52577.21059544 49.92  90.208907  61.520318 29.139
 10    26.477 52577.21059608 50.96  90.206517  61.517168 29.139
 10    26.393 52577.21059673 50.07  90.204133  61.514011 26.783
 10    26.502 52577.21059737 50.53  90.201743  61.510861 26.783
 10    26.469 52577.21059802 50.00  90.199353  61.507711 26.783
 10    26.675 52577.21059866 50.56  90.196963  61.504551 26.783
 10    26.701 52577.21059931 49.74  90.194583  61.501401 26.783
 10    26.661 52577.21059995 47.35  90.192193  61.498241 26.783
 10    26.615 52577.21060060 43.52  90.189813  61.495091 26.783
 12    29.186 52647.21054170 18.69  90.223381  61.529712 11.534
 12    29.416 52647.21054234 17.85  90.220991  61.526562 11.534
 12    29.195 52647.21054299 17.52  90.218601  61.523402 11.534
 12    29.407 52647.21054363 17.73  90.216211  61.520252 11.534
 12    29.615 52647.21054428 17.42  90.213822  61.517095  7.822
 13    28.850 52682.21051044 17.13  90.228185  61.538923  9.483
 13    28.083 52682.21051109 18.93  90.225795  61.535763  9.483
 13    28.545 52682.21051173 17.50  90.223405  61.532613  9.483
 13    29.751 52682.21051238 16.06  90.221015  61.529463  9.483
 13    30.447 52682.21051302 15.00  90.218625  61.526303  9.483
 13    30.561 52682.21051367 15.26  90.216245  61.523153  9.483
 13    30.526 52682.21051431 14.24  90.213855  61.519993  9.483
 13    31.651 52682.21051495 13.71  90.211465  61.516843  9.483
 13    30.765 52682.21051560 14.16  90.209080  61.513692  8.957
 14    27.307 52717.21056847 14.24  90.230540  61.543701  4.948
 14    27.328 52717.21056911 14.35  90.228150  61.540551  4.948
 14    27.460 52717.21056976 14.10  90.225760  61.537391  4.948
 14    27.597 52717.21057040 13.58  90.223374  61.534239  4.299
 14    27.651 52717.21057104 14.04  90.220984  61.531089  4.299
 14    27.639 52717.21057169 14.89  90.218584  61.527929  4.299
 14    27.666 52717.21057233 15.70  90.216194  61.524779  4.299
 14    27.688 52717.21057298 15.23  90.213814  61.521629  4.299
 14    27.722 52717.21057362 15.11  90.211424  61.518469  4.299
 14    27.668 52717.21057427 15.88  90.209034  61.515319  4.299
 14    27.576 52717.21057491 16.19  90.206644  61.512169  4.299
 18    27.855 52857.21066057 48.29  90.228390  61.531139 20.014
 18    27.229 52857.21066121 44.53  90.226010  61.527989 20.014
 18    27.365 52857.21066186 41.30  90.223610  61.524829 20.014
 18    27.149 52857.21066250 44.01  90.221220  61.521679 20.014
 18    27.122 52857.21066315 44.99  90.218840  61.518519 20.014
 19    28.421 52892.21069024 32.48  90.226590  61.545111 28.984
 19    26.193 52892.21069089 33.49  90.224200  61.541961 28.984
 19    26.484 52892.21069153 33.85  90.221800  61.538811 28.984
 19    26.815 52892.21069217 35.89  90.219410  61.535651 28.984
 19    26.759 52892.21069282 39.41  90.217020  61.532501 28.984
 19    26.802 52892.21069346 38.16  90.214630  61.529351 28.984
 19    26.740 52892.21069411 38.55  90.212240  61.526191 28.984
 19    26.696 52892.21069475 35.48  90.209850  61.523041 28.984
 19    26.763 52892.21069540 33.03  90.207470  61.519881 28.984
 19    26.751 52892.21069604 31.65  90.205080  61.516731 28.984
 19    26.716 52892.21069669 28.83  90.202690  61.513581 28.984
 19    26.701 52892.21069733 26.24  90.200300  61.510421 28.984
 19    26.840 52892.21069798 25.36  90.197910  61.507271 28.984
 19    26.810 52892.21069862 28.19  90.195530  61.504111 28.984
 19    27.040 52892.21069927 31.68  90.193140  61.500961 28.984
 19    26.931 52892.21069991 36.58  90.190760  61.497811 28.984
 19    27.162 52892.21070056 38.29  90.188370  61.494651 28.984
 20    27.091 52927.21064127 41.65  90.219668  61.550806 30.126
 20    25.766 52927.21064191 41.19  90.217278  61.547656 30.126
 20    25.928 52927.21064256 48.23  90.214888  61.544496 30.126
 20    26.425 52927.21064836 50.84  90.193388  61.516116 30.126
 20    26.581 52927.21064900 52.41  90.190998  61.512956 30.126
 20    26.213 52927.21065223 22.19  90.179078  61.497186 30.126
 20    26.720 52927.21065287 21.14  90.176698  61.494036 30.126
 20    26.668 52927.21065352 26.43  90.174308  61.490876 30.126
 20    26.836 52927.21065416 22.66  90.171932  61.487726  6.308
 22    30.174 52997.21065654 14.39  90.218375  61.532658  8.811
 22    29.606 52997.21065718 17.21  90.215985  61.529508  8.811
 22    30.510 52997.21065783 14.24  90.213595  61.526348  8.811
 22    30.408 52997.21065847 12.62  90.211205  61.523198  8.811
 22    31.141 52997.21065912 11.93  90.208815  61.520048  8.811
 22    31.199 52997.21065976 12.24  90.206425  61.516888  8.811
 22    31.644 52997.21066041 10.40  90.204035  61.513738  8.811
 22    32.370 52997.21066105  9.84  90.201655  61.510588  8.811
 22    32.238 52997.21066170 10.10  90.199265  61.507428  8.811
 22    31.812 52997.21066234  9.87  90.196875  61.504278  8.811
 22    31.146 52997.21066298  9.94  90.194495  61.501118  8.811
 22    31.505 52997.21066363  9.28  90.192105  61.497968  8.811
 22    31.506 52997.21066427  9.18  90.189725  61.494818  8.811
 23    33.655 53032.21061085 12.94  90.223623  61.553375 10.375
 23    31.076 53032.21061149 14.00  90.221233  61.550225 10.375
 23    29.225 53032.21061214 14.31  90.218833  61.547075 10.375
 23    29.197 53032.21061278 14.22  90.216443  61.543915 10.375
 23    29.184 53032.21061343 14.79  90.214053  61.540765 10.375
 23    29.352 53032.21061859 12.92  90.194953  61.515535 10.375
 23    29.613 53032.21061923 14.21  90.192565  61.512381  5.056
 23    28.063 53032.21061988 13.38  90.190175  61.509221  5.056
 23    28.172 53032.21062052 13.76  90.187795  61.506071  5.056
 23    28.147 53032.21062181 12.50  90.183025  61.499761  5.056
 23    28.135 53032.21062245 12.11  90.180635  61.496611  5.056
 23    28.228 53032.21062310 11.57  90.178255  61.493451  5.056
 23    28.377 53032.21062374  9.82  90.175875  61.490301  5.056
 23    28.344 53032.21062439  9.83  90.173485  61.487141  5.056
 24    28.916 53067.21062592 14.69  90.223392  61.528661 11.258
 24    28.164 53067.21062657 17.52  90.221002  61.525511 11.258
 24    28.073 53067.21062721 17.68  90.218612  61.522351 11.258
 24    28.423 53067.21062786 16.07  90.216222  61.519201 11.258
 24    28.836 53067.21062850 15.23  90.213832  61.516051 11.258
 25    31.253 53102.21062307  5.15  90.191740  61.515638  8.737
 25    31.161 53102.21062758  8.79  90.175046  61.493554  5.877
 25    30.398 53102.21062823  7.54  90.172666  61.490404  5.877
 25    32.626 53102.21062887  2.26  90.170276  61.487244  5.877
 26    33.440 53137.21062744 22.52  90.230260  61.533273 10.160
 26    33.696 53137.21062808 17.02  90.227862  61.530119  7.606
 26    36.787 53137.21062873 15.78  90.225472  61.526969  7.606
 26    33.246 53137.21062937 15.27  90.223082  61.523809  7.606
 27    44.719 53172.21067382 16.26  90.227857  61.540767  6.448
 27    45.412 53172.21067447 13.82  90.225467  61.537617  6.448
 27    43.113 53172.21067511 15.19  90.223077  61.534467  6.448
 27    37.332 53172.21067576 13.89  90.220687  61.531307  6.448
 27    37.812 53172.21067640 14.79  90.218297  61.528157  6.448
 27    41.070 53172.21067704 12.12  90.215907  61.524997  6.448
 27    38.437 53172.21067769 12.25  90.213517  61.521847  6.448
 27    38.605 53172.21067833 12.03  90.211135  61.518690  7.021
 27    39.218 53172.21067898 11.08  90.208745  61.515540  7.021
 27    40.228 53172.21067962 11.55  90.206355  61.512390  7.021
 28    28.941 53207.21068682 41.49  90.229386  61.548762 14.270
 28    29.070 53207.21068746 29.51  90.226996  61.545602 14.270
 28    27.796 53207.21068811 31.13  90.224596  61.542452 14.270
 28    27.948 53207.21068875 28.29  90.222206  61.539302 14.270
 28    27.870 53207.21068939 27.03  90.219816  61.536142 14.270
 28    27.916 53207.21069004 21.70  90.217426  61.532992 14.270
 28    28.066 53207.21069068 17.38  90.215036  61.529832 14.270
 28    28.258 53207.21069133 15.22  90.212646  61.526682 14.270
 28    28.307 53207.21069197 16.06  90.210254  61.523525  5.769
 28    28.235 53207.21069262 16.41  90.207874  61.520375  5.769
 28    28.331 53207.21069326 18.25  90.205484  61.517215  5.769
 28    28.365 53207.21069391 17.70  90.203094  61.514065  5.769
 28    28.426 53207.21069455 16.63  90.200704  61.510915  5.769
 28    28.694 53207.21069520 14.26  90.198324  61.507755  5.769
 28    39.133 53207.21069584 13.89  90.195934  61.504605  5.769
 28    28.799 53207.21069649 16.98  90.193544  61.501455  5.769
 28    28.933 53207.21069713 15.26  90.191164  61.498295  5.769
 28    29.400 53207.21069778 13.35  90.188774  61.495145  5.769
 29    28.014 53242.21065833 24.73  90.215459  61.529902  9.578
 29    29.025 53242.21065898 24.54  90.213069  61.526752  9.578
 29    29.612 53242.21065962 23.85  90.210678  61.523592  8.007
 29    30.949 53242.21066027 24.85  90.208288  61.520442  8.007
 29    31.065 53242.21066091 28.84  90.205898  61.517292  8.007
 29    31.529 53242.21066156 28.44  90.203518  61.514132  8.007
 29    29.833 53242.21066220 29.88  90.201128  61.510982  8.007
 29    30.861 53242.21066285 25.26  90.198738  61.507822  8.007
 29    30.046 53242.21066349 26.22  90.196358  61.504672  8.007
 29    29.902 53242.21066414 26.58  90.193968  61.501522  8.007
 31    28.586 53312.21066349 36.62  90.231061  61.547379 28.655
 31    30.402 53312.21066413 42.45  90.228671  61.544229 28.655
 31    26.673 53312.21066607 52.54  90.221501  61.534769 28.655
 31    26.825 53312.21066671 53.22  90.219111  61.531619 28.655
 31    26.840 53312.21066736 53.39  90.216711  61.528459 28.655
 31    26.977 53312.21066800 49.25  90.214331  61.525309 28.655
 31    27.102 53312.21066865 51.91  90.211941  61.522149 28.655
 31    27.266 53312.21066929 51.22  90.209551  61.518999 28.655
 31    27.098 53312.21066994 48.80  90.207161  61.515842 27.982
 31    27.095 53312.21067058 52.34  90.204771  61.512692 27.982
 31    27.104 53312.21067123 50.74  90.202381  61.509542 27.982
 31    27.134 53312.21067187 53.11  90.200001  61.506382 27.982
 31    27.154 53312.21067252 49.59  90.197611  61.503232 27.982
 31    27.243 53312.21067316 46.33  90.195221  61.500072 27.982
 32    33.389 53347.21062949 34.17  90.229103  61.546773 17.389
 32    29.510 53347.21063013 40.12  90.226713  61.543623 17.389
 32    32.323 53347.21063078 32.57  90.224323  61.540473 17.389
 32    32.734 53347.21063142 31.55  90.221933  61.537313 17.389
 32    32.925 53347.21063206 30.88  90.219543  61.534163 17.389
 32    32.189 53347.21063271 31.91  90.217153  61.531013 17.389
 32    32.559 53347.21063335 29.45  90.214763  61.527853 17.389
 32    32.224 53347.21063400 28.43  90.212373  61.524703 17.389
 32    32.060 53347.21063464 28.32  90.209983  61.521543 17.389
 34    32.313 53417.21060992 23.48  90.229840  61.536815 12.176
 34    32.631 53417.21061056 28.52  90.227450  61.533665 12.176
 34    32.155 53417.21061121 28.43  90.225060  61.530515 12.176
 34    32.814 53417.21061185 23.78  90.222670  61.527355 12.176
 34    32.998 53417.21061250 23.32  90.220280  61.524205 12.176
 34    34.061 53417.21061314 22.71  90.217890  61.521045 12.176
 34    34.590 53417.21061379 23.27  90.215500  61.517895 12.176
 36    30.758 53487.21069310 19.99  90.227104  61.548245  8.467
 36    30.645 53487.21069375 20.82  90.224714  61.545095  8.467
 36    30.544 53487.21069439 23.04  90.222324  61.541945  8.467
 36    30.658 53487.21069504 24.89  90.219924  61.538785  8.467
 36    30.451 53487.21069568 26.08  90.217534  61.535635  8.467
 36    30.372 53487.21069633 25.69  90.215144  61.532485  8.467
 36    30.387 53487.21069697 25.13  90.212754  61.529325  8.467
 36    30.320 53487.21069762 23.77  90.210363  61.526169 15.153
 36    30.321 53487.21069826 24.12  90.207973  61.523019 15.153
 36    30.460 53487.21069891 23.77  90.205583  61.519859 15.153
 36    30.440 53487.21069955 25.04  90.203203  61.516709 15.153
 36    30.539 53487.21070020 23.71  90.200813  61.513559 15.153
 36    30.613 53487.21070084 22.53  90.198423  61.510399 15.153
 36    30.678 53487.21070149 22.76  90.196033  61.507249 15.153
 36    30.611 53487.21070213 23.24  90.193653  61.504089 15.153
 36    30.726 53487.21070277 22.36  90.191263  61.500939 15.153
 36    30.634 53487.21070342 22.34  90.188873  61.497789 15.153
 36    30.754 53487.21070406 21.23  90.186493  61.494629 15.153
 38    28.061 53557.21070824 44.48  90.227575  61.553920 22.309
 38    28.741 53557.21070889 46.24  90.225185  61.550770 22.309
 38    28.447 53557.21070953 44.22  90.222795  61.547620 22.309
 38    28.045 53557.21071018 46.18  90.220405  61.544460 22.309
 38    27.799 53557.21071082 49.24  90.218005  61.541310 22.309
 38    28.102 53557.21071147 48.82  90.215615  61.538160 22.309
 38    28.296 53557.21071533 50.66  90.201286  61.519232 32.660
 38    28.355 53557.21071598 52.41  90.198896  61.516082 32.660
 38    28.391 53557.21071662 52.40  90.196506  61.512922 32.660
 38    28.462 53557.21071727 48.16  90.194116  61.509772 32.660
 38    28.424 53557.21071791 51.85  90.191726  61.506612 32.660
 38    28.470 53557.21071856 51.09  90.189346  61.503462 32.660
 38    28.570 53557.21071920 48.58  90.186956  61.500312 32.660
 38    28.464 53557.21071985 50.27  90.184576  61.497152 32.660
 38    28.622 53557.21072049 51.35  90.182186  61.494002 32.660
 38    28.531 53557.21072114 50.01  90.179806  61.490842 32.660
 39    28.972 53592.21064655 18.01  90.229921  61.546057 12.461
 39    28.856 53592.21064720 19.00  90.227531  61.542897 12.461
 39    28.189 53592.21064784 19.71  90.225131  61.539747 12.461
 39    27.991 53592.21064849 19.37  90.222741  61.536587 12.461
 39    28.105 53592.21064913 19.70  90.220351  61.533437 12.461
 39    28.349 53592.21064978 18.19  90.217961  61.530287 12.461
 39    28.051 53592.21065042 19.53  90.215581  61.527127 12.461
 39    28.124 53592.21065107 22.28  90.213191  61.523977 12.461
 39    27.347 53592.21065171 26.01  90.210801  61.520817 12.461
 39    27.750 53592.21065236 27.76  90.208411  61.517667 12.461
 39    27.304 53592.21065300 30.74  90.206031  61.514517 12.461
 39    27.794 53592.21065365 27.75  90.203640  61.511364  8.885
 39    27.774 53592.21065429 28.42  90.201250  61.508204  8.885
 39    27.986 53592.21065493 26.65  90.198870  61.505054  8.885
 39    28.241 53592.21065558 26.98  90.196480  61.501894  8.885
 39    27.863 53592.21065622 25.70  90.194100  61.498744  8.885
 41    26.926 53662.21066232 48.44  90.230533  61.544904 25.553
 41    28.117 53662.21066296 46.68  90.228143  61.541754 25.553
 41    27.085 53662.21066360 43.60  90.225753  61.538604 25.553
 41    27.406 53662.21066425 40.05  90.223363  61.535444 25.553
 41    27.170 53662.21066489 41.07  90.220973  61.532294 25.553
 41    27.264 53662.21066554 40.49  90.218583  61.529144 25.553
 41    27.231 53662.21066618 40.27  90.216193  61.525984 25.553
 41    27.247 53662.21066683 44.28  90.213800  61.522830 24.123
 41    27.320 53662.21066747 45.34  90.211410  61.519680 24.123
 41    27.245 53662.21066812 45.94  90.209020  61.516520 24.123
 41    27.334 53662.21066876 47.29  90.206630  61.513370 24.123
 41    27.436 53662.21066941 52.17  90.204250  61.510220 24.123
 42    27.782 53697.21062746 41.26  90.227776  61.549786 30.485
 42    27.932 53697.21062811 45.31  90.225376  61.546626 30.485
 42    27.325 53697.21062875 44.38  90.222986  61.543476 30.485
 42    27.459 53697.21062940 47.60  90.220596  61.540326 30.485
 42    28.308 53697.21063004 44.87  90.218206  61.537166 30.485
 42    27.998 53697.21063069 44.21  90.215816  61.534016 30.485
 42    27.697 53697.21063133 46.52  90.213426  61.530856 30.485
 42    26.101 53697.21063198 53.73  90.211036  61.527706 30.485
 42    26.180 53697.21063262 52.85  90.208646  61.524556 30.485
 42    26.170 53697.21063327 49.82  90.206266  61.521396 30.485
 42    26.296 53697.21063391 52.02  90.203876  61.518246 30.485
 42    26.298 53697.21063456 50.40  90.201489  61.515086 33.384
 42    26.416 53697.21063520 51.75  90.199099  61.511936 33.384
 42    26.417 53697.21063585 51.63  90.196719  61.508786 33.384
 42    26.518 53697.21063649 48.36  90.194329  61.505626 33.384
 42    26.405 53697.21063714 49.39  90.191939  61.502476 33.384
 42    26.519 53697.21063778 46.70  90.189559  61.499316 33.384
 42    26.514 53697.21063842 44.12  90.187169  61.496166 33.384
 42    26.423 53697.21063907 40.37  90.184789  61.493016 33.384
 43    30.288 53732.21054967 29.38  90.227201  61.552028 20.394
 43    32.167 53732.21055031 28.14  90.224811  61.548878 20.394
 43    30.128 53732.21055096 29.07  90.222421  61.545718 20.394
 43    30.436 53732.21055160 28.71  90.220021  61.542568 20.394
 43    30.366 53732.21055225 29.02  90.217641  61.539418 20.394
 43    30.226 53732.21055289 28.60  90.215251  61.536258 20.394
 43    29.098 53732.21055611 30.32  90.203301  61.520488 20.394
 43    29.050 53732.21055676 31.39  90.200921  61.517338 20.394
 43    29.159 53732.21055740 29.74  90.198533  61.514185 13.330
 43    29.140 53732.21055805 31.67  90.196143  61.511025 13.330
 43    29.192 53732.21055869 30.60  90.193763  61.507875 13.330
 43    29.206 53732.21055934 29.92  90.191373  61.504715 13.330
 43    29.230 53732.21055998 30.96  90.188993  61.501565 13.330
 43    29.247 53732.21056063 29.13  90.186603  61.498415 13.330
 43    29.264 53732.21056127 29.27  90.184223  61.495255 13.330
 43    29.218 53732.21056192 28.34  90.181843  61.492105 13.330
 44    31.815 53767.21052875 18.13  90.229596  61.530276  9.251
 44    32.718 53767.21052940 18.59  90.227206  61.527116  9.251
 44    32.021 53767.21053004 17.49  90.224817  61.523961 11.467
 44    32.067 53767.21053069 18.12  90.222427  61.520811 11.467
 45    48.941 53802.21053354 19.65  90.198941  61.510166  9.770
 45    39.158 53802.21053418 19.26  90.196551  61.507016  9.770
 45    34.499 53802.21053483 18.83  90.194171  61.503856  9.770
 45    31.334 53802.21053547 17.33  90.191781  61.500706  9.770
 45    30.311 53802.21053612 18.53  90.189401  61.497556  9.770
 45    30.124 53802.21053676 16.28  90.187021  61.494396  9.770
 46    29.634 53837.21054021 17.78  90.228927  61.528161 11.674
 46    29.266 53837.21054085 17.61  90.226537  61.525011 11.674
 46    30.016 53837.21054150 17.02  90.224147  61.521851 11.674
 47    37.323 53872.21059247 12.00  90.224160  61.533334  5.108
 47    38.354 53872.21059311 18.87  90.221770  61.530184  5.108
 47    33.817 53872.21059376 28.69  90.219380  61.527024  5.108
 47    33.828 53872.21059440 28.52  90.216990  61.523874  5.108
 47    34.147 53872.21059505 27.20  90.214604  61.520717 16.487
 47    35.720 53872.21059569 25.48  90.212214  61.517567 16.487
 47    35.037 53872.21059634 27.94  90.209824  61.514417 16.487
 48    28.825 53907.21063246 37.55  90.221412  61.535013  8.241
 48    29.077 53907.21063310 36.80  90.219015  61.531858 13.620
 48    28.713 53907.21063375 39.96  90.216625  61.528708 13.620
 48    29.451 53907.21063439 35.94  90.214235  61.525548 13.620
 48    29.013 53907.21063504 34.02  90.211845  61.522398 13.620
 48    29.086 53907.21063568 36.94  90.209455  61.519248 13.620
 48    28.732 53907.21063633 34.95  90.207065  61.516088 13.620
 48    28.857 53907.21063697 33.78  90.204675  61.512938 13.620
 48    28.675 53907.21063762 33.34  90.202295  61.509788 13.620
 48    28.953 53907.21063826 34.22  90.199905  61.506628 13.620
 48    29.103 53907.21063890 35.77  90.197515  61.503478 13.620
 48    29.001 53907.21063955 34.36  90.195135  61.500318 13.620
 49    30.242 53942.21065639 46.02  90.225002  61.551786 30.106
 49    30.162 53942.21065704 50.07  90.222602  61.548636 30.106
 49    30.041 53942.21065768 46.72  90.220212  61.545486 30.106
 49    29.841 53942.21065833 45.42  90.217822  61.542326 30.106
 49    30.073 53942.21065897 46.16  90.215432  61.539176 30.106
 49    30.233 53942.21066284 40.51  90.201092  61.520256 30.106
 49    29.911 53942.21066348 41.05  90.198702  61.517096 30.106
 49    30.085 53942.21066413 40.53  90.196312  61.513946 30.106
 49    30.266 53942.21066477 40.43  90.193922  61.510796 30.106
 49    30.390 53942.21066542 41.05  90.191542  61.507636 30.106
 49    30.287 53942.21066606 41.54  90.189152  61.504486 30.106
 49    30.480 53942.21066671 44.30  90.186768  61.501333 21.241
 49    30.424 53942.21066735 48.30  90.184378  61.498173 21.241
 49    30.617 53942.21066800 47.71  90.181998  61.495023 21.241
 49    30.581 53942.21066864 49.55  90.179608  61.491863 21.241
 49    30.657 53942.21066929 48.21  90.177228  61.488713 21.241
 50    27.963 53977.21060986 47.76  90.224738  61.553594 34.665
 50    28.719 53977.21061050 50.35  90.222348  61.550444 34.665
 50    28.150 53977.21061115 48.60  90.219948  61.547294 34.665
 50    28.049 53977.21061179 49.79  90.217558  61.544134 34.665
 50    28.057 53977.21061243 48.49  90.215168  61.540984 34.665
 50    28.249 53977.21061695 46.54  90.198448  61.518904 34.665
 50    28.293 53977.21061759 44.24  90.196058  61.515754 34.665
 50    28.446 53977.21061824 40.48  90.193678  61.512594 34.665
 50    28.351 53977.21061888 41.88  90.191288  61.509444 34.665
 50    28.482 53977.21061953 45.41  90.188908  61.506284 34.665
 50    28.390 53977.21062017 41.73  90.186518  61.503134 34.665
 50    28.521 53977.21062082 37.05  90.184138  61.499984 34.665
 50    28.515 53977.21062146 32.88  90.181750  61.496828 13.450
 50    28.533 53977.21062210 34.14  90.179370  61.493668 13.450
 50    28.548 53977.21062275 37.50  90.176980  61.490518 13.450
 50    28.707 53977.21062339 38.44  90.174600  61.487358 13.450
 54    48.130 54117.21056270 14.41  90.180883  61.498649  1.960
 54    44.659 54117.21056335 14.51  90.178500  61.495499  7.577
 54    33.526 54117.21056399 12.93  90.176120  61.492339  7.577
 54    33.382 54117.21056464 13.45  90.173740  61.489189  7.577
 54    33.818 54117.21056528 10.63  90.171350  61.486039  7.577
 56    32.156 54187.21055194 18.55  90.198314  61.518423  7.986
 56    32.475 54187.21055258 15.65  90.195924  61.515273  7.986
 56    32.427 54187.21055323 14.52  90.193534  61.512113  7.986
 56    32.474 54187.21055387 13.47  90.191154  61.508963  7.986
 56    32.260 54187.21055451 13.52  90.188764  61.505813  7.986
 56    32.648 54187.21055516 14.15  90.186377  61.502658  8.903
 56    32.687 54187.21055580 14.54  90.183997  61.499498  8.903
 56    32.432 54187.21055645 14.01  90.181617  61.496348  8.903
 56    33.269 54187.21055709 12.46  90.179227  61.493188  8.903
 56    33.694 54187.21055774 11.57  90.176847  61.490038  8.903
 58    35.692 54257.21061222 10.92  90.203254  61.510462  4.092
 58    35.647 54257.21061287 17.57  90.200874  61.507312  4.092
 58    34.232 54257.21061351 27.67  90.198484  61.504152  4.092
 58    34.498 54257.21061416 33.71  90.196094  61.501002  4.092
 59    28.323 54292.21060785 50.80  90.230319  61.543353 32.846
 59    28.313 54292.21060849 51.06  90.227929  61.540193 32.846
 59    28.151 54292.21060914 47.89  90.225539  61.537043 32.846
 59    28.127 54292.21060978 47.59  90.223139  61.533893 32.846
 59    28.085 54292.21061043 48.35  90.220759  61.530733 32.846
 59    28.172 54292.21061107 49.67  90.218359  61.527583 32.846
 59    28.205 54292.21061171 47.13  90.215979  61.524433 32.846
 59    28.142 54292.21061236 50.44  90.213589  61.521273 32.846
 59    28.367 54292.21061300 49.13  90.211199  61.518123 32.846
 59    28.368 54292.21061365 48.69  90.208809  61.514963 32.846
 59    28.289 54292.21061429 50.89  90.206419  61.511813 32.846
 60    28.645 54327.21060348 37.70  90.230352  61.547326 17.900
 60    28.768 54327.21060413 32.76  90.227962  61.544176 17.900
 60    28.146 54327.21060477 31.04  90.225572  61.541016 17.900
 60    28.650 54327.21060542 29.63  90.223182  61.537866 17.900
 60    27.041 54327.21060606 29.34  90.220792  61.534716 17.900
 60    27.119 54327.21060670 30.35  90.218402  61.531556 17.900
 60    27.173 54327.21060735 30.44  90.216002  61.528406 17.900
 60    27.280 54327.21060799 30.35  90.213622  61.525246 17.900
 60    27.316 54327.21060864 29.50  90.211232  61.522096 17.900
 60    27.200 54327.21060928 32.07  90.208842  61.518946 17.900
 60    27.149 54327.21060993 34.87  90.206452  61.515786 17.900
 60    27.211 54327.21061057 34.69  90.204062  61.512636 17.900
 60    27.195 54327.21061122 35.09  90.201682  61.509476 17.900
 60    27.405 54327.21061186 31.04  90.199292  61.506326 17.900
 60    27.688 54327.21061251 28.07  90.196912  61.503176 17.900
 60    27.565 54327.21061315 25.57  90.194520  61.500022  6.905
 60    27.616 54327.21061380 24.62  90.192140  61.496862  6.905
 61    30.384 54362.21055227 44.76  90.223971  61.554007 29.410
 61    29.239 54362.21055292 41.96  90.221571  61.550857 29.410
 61    27.071 54362.21055356 43.75  90.219181  61.547697 29.410
 61    27.010 54362.21055421 43.04  90.216791  61.544547 29.410
 61    27.125 54362.21055485 40.97  90.214401  61.541387 29.410
 61    27.645 54362.21056001 47.31  90.195301  61.516157 29.410
 61    27.465 54362.21056065 41.92  90.192911  61.513007 29.410
 61    27.754 54362.21056130 42.07  90.190531  61.509847 29.410
 61    27.603 54362.21056194 39.86  90.188141  61.506697 29.410
 61    27.627 54362.21056323 51.32  90.183373  61.500389 19.911
 61    27.759 54362.21056388 47.37  90.180993  61.497229 19.911
 61    27.761 54362.21056452 43.77  90.178603  61.494079 19.911
 61    27.696 54362.21056517 44.32  90.176223  61.490919 19.911
 61    27.849 54362.21056581 44.98  90.173843  61.487769 19.911
 62    27.079 54397.21054521 26.83  90.228631  61.537642 18.092
 62    26.771 54397.21054585 26.31  90.226241  61.534492 18.092
 62    26.920 54397.21054649 27.48  90.223851  61.531342 18.092
 62    26.819 54397.21054714 28.31  90.221461  61.528182 18.092
 62    26.879 54397.21054778 29.11  90.219071  61.525032 18.092
 62    26.822 54397.21054843 31.21  90.216681  61.521872 18.092
 62    26.905 54397.21054907 33.88  90.214291  61.518722 18.092
 62    26.879 54397.21054972 42.98  90.211911  61.515572 18.092
 63    27.601 54432.21050280 31.47  90.226776  61.550264 35.827
 63    28.145 54432.21050344 42.09  90.224386  61.547104 35.827
 63    26.519 54432.21050409 49.54  90.221996  61.543954 35.827
 63    26.695 54432.21050473 48.45  90.219596  61.540804 35.827
 63    26.680 54432.21050538 50.41  90.217206  61.537644 35.827
 63    26.777 54432.21050602 50.46  90.214816  61.534494 35.827
 63    26.808 54432.21050667 45.14  90.212436  61.531334 35.827
 63    26.895 54432.21050731 41.46  90.210046  61.528184 35.827
 63    26.682 54432.21050796 42.86  90.207656  61.525034 35.827
 63    26.652 54432.21050860 48.68  90.205266  61.521874 35.827
 63    26.847 54432.21050925 51.65  90.202876  61.518724 35.827
 63    26.793 54432.21050989 51.04  90.200496  61.515574 35.827
 63    26.704 54432.21051053 50.88  90.198106  61.512414 35.827
 63    26.777 54432.21051118 51.25  90.195716  61.509264 35.827
 63    26.811 54432.21051182 51.92  90.193331  61.506110 25.006
 63    26.818 54432.21051247 51.49  90.190951  61.502950 25.006
 63    26.804 54432.21051311 50.45  90.188561  61.499800 25.006
 63    26.753 54432.21051376 49.70  90.186181  61.496640 25.006
 63    26.946 54432.21051440 44.22  90.183791  61.493490 25.006
 64    30.304 54467.21052930 20.54  90.222510  61.524149 11.324
 64    30.421 54467.21052995 20.69  90.220120  61.520989 11.324
 64    30.376 54467.21053059 19.28  90.217730  61.517839 11.324
 65    30.945 54502.21051729 15.32  90.229410  61.551092  8.123
 65    31.571 54502.21051794 14.32  90.227020  61.547942  8.123
 65    31.394 54502.21051858 16.11  90.224630  61.544792  8.123
 65    31.386 54502.21051923 16.09  90.222240  61.541632  8.123
 65    31.353 54502.21051987 15.34  90.219850  61.538482  8.123
 65    29.717 54502.21052696 13.96  90.193582  61.503783  6.057
 65    29.663 54502.21052761 13.76  90.191202  61.500633  6.057
 65    29.921 54502.21052825 12.31  90.188812  61.497473  6.057
 65    29.980 54502.21052890 12.93  90.186432  61.494323  6.057
 67    47.845 54572.21053027  2.32  90.183762  61.495397  2.237
 67    31.442 54572.21053092  7.62  90.181382  61.492237  2.237
 69    30.228 54642.21054280 46.35  90.228253  61.546880 20.388
 69    27.759 54642.21054344 47.49  90.225863  61.543730 20.388
 69    27.892 54642.21054409 48.07  90.223473  61.540570 20.388
 69    27.851 54642.21054473 49.42  90.221083  61.537420 20.388
 69    28.077 54642.21054538 49.74  90.218693  61.534260 20.388
 69    28.078 54642.21054602 50.49  90.216303  61.531110 20.388
 69    28.024 54642.21054667 49.85  90.213913  61.527954 33.914
 69    28.005 54642.21054731 48.24  90.211523  61.524804 33.914
 69    28.089 54642.21054796 49.30  90.209133  61.521644 33.914
 69    27.977 54642.21054860 50.86  90.206743  61.518494 33.914
 69    28.048 54642.21054925 49.80  90.204363  61.515344 33.914
 69    28.109 54642.21054989 51.14  90.201973  61.512184 33.914
 69    28.212 54642.21055053 52.61  90.199583  61.509034 33.914
 69    28.212 54642.21055118 51.67  90.197193  61.505884 33.914
 69    28.147 54642.21055182 52.02  90.194813  61.502724 33.914
 69    28.339 54642.21055247 51.41  90.192423  61.499574 33.914
 69    28.274 54642.21055311 51.39  90.190043  61.496414 33.914
 71    28.656 54712.21049804 29.98  90.226017  61.551542 12.484
 71    28.118 54712.21049868 28.06  90.223627  61.548392 12.484
 71    26.877 54712.21049933 26.97  90.221237  61.545242 12.484
 71    26.969 54712.21049997 27.30  90.218847  61.542082 12.484
 71    27.261 54712.21050062 26.92  90.216457  61.538932 12.484
 71    27.093 54712.21050126 25.07  90.214067  61.535772 12.484
 71    26.913 54712.21050448 24.76  90.202129  61.520009  8.717
 71    27.228 54712.21050513 22.29  90.199739  61.516849  8.717
 71    27.236 54712.21050577 23.22  90.197349  61.513699  8.717
 71    27.405 54712.21050642 24.70  90.194969  61.510539  8.717
 71    27.444 54712.21050706 23.24  90.192579  61.507389  8.717
 71    27.510 54712.21050771 24.22  90.190199  61.504239  8.717
 71    27.457 54712.21050835 22.99  90.187809  61.501079  8.717
 71    27.582 54712.21050900 21.92  90.185429  61.497929  8.717
 71    27.631 54712.21050964 24.77  90.183039  61.494769  8.717
 71    27.742 54712.21051029 22.24  90.180659  61.491619  8.717
 73    87.249 54782.21048627  9.05  90.224736  61.541348  8.336
 73    27.999 54782.21049013 40.88  90.210397  61.522423 22.048
 73    27.916 54782.21049078 42.19  90.208007  61.519273 22.048
 73    27.850 54782.21049142 42.85  90.205617  61.516123 22.048
 73   123.368 54782.21049207 21.59  90.203237  61.512963 22.048
 73   121.074 54782.21049271 22.01  90.200847  61.509813 22.048
 73   119.847 54782.21049336 15.13  90.198457  61.506653 22.048
 73   117.603 54782.21049400  7.76  90.196077  61.503503 22.048
 74    29.315 54817.21050780 22.61  90.228137  61.537049 10.085
 74    29.117 54817.21050844 26.88  90.225747  61.533889 10.085
 74    29.961 54817.21050909 25.62  90.223357  61.530739 10.085
 74    29.911 54817.21050973 27.21  90.220970  61.527584  9.451
 74    30.584 54817.21051038 26.06  90.218580  61.524434  9.451
 74    31.861 54817.21051102 26.84  90.216190  61.521284  9.451
 74    31.674 54817.21051167 24.09  90.213800  61.518124  9.451
 74    31.544 54817.21051231 21.89  90.211410  61.514974  9.451
 75    29.573 54852.21048254 17.49  90.227526  61.547342  8.011
 75    29.542 54852.21048319 17.13  90.225126  61.544192  8.011
 75    29.808 54852.21048383 17.11  90.222736  61.541042  8.011
 75    30.031 54852.21048448 15.76  90.220346  61.537882  8.011
 75    30.499 54852.21048512 15.16  90.217956  61.534732  8.011
 75    30.820 54852.21048576 14.57  90.215566  61.531572  8.011
 75    30.735 54852.21048641 15.75  90.213176  61.528422  8.011
 75    30.951 54852.21048705 15.08  90.210790  61.525264  4.701
 75    29.120 54852.21049350 13.33  90.186930  61.493724  4.701
 76    29.344 54887.21051312 14.64  90.221138  61.533720  6.107
 76    29.334 54887.21051377 13.69  90.218752  61.530568  7.349
 76    29.440 54887.21051441 13.54  90.216362  61.527418  7.349
 76    29.935 54887.21051506 12.36  90.213972  61.524258  7.349
 76    29.960 54887.21051570 13.11  90.211582  61.521108  7.349
 77    31.198 54922.21048190 10.17  90.222167  61.554969  8.124
 77    30.076 54922.21048255 10.05  90.219777  61.551819  8.124
 77    30.497 54922.21048319  8.74  90.217387  61.548659  8.124
 77    30.203 54922.21048384  9.45  90.214997  61.545509  8.124
 77    30.985 54922.21048448  9.67  90.212607  61.542349  8.124
 77    30.261 54922.21049028 10.25  90.191117  61.513966  5.675
 77    29.093 54922.21049415  9.41  90.176807  61.495036  5.675
 77    29.212 54922.21049480  7.05  90.174427  61.491886  5.675
 77    29.409 54922.21049544  6.34  90.172037  61.488726  5.675
 77    29.353 54922.21049609  5.70  90.169657  61.485576  5.675
 78    35.694 54957.21050759 32.77  90.230019  61.540543 13.186
 78    35.561 54957.21050824 35.11  90.227629  61.537393 13.186
 78    35.785 54957.21050888 35.96  90.225239  61.534233 13.186
 78    35.741 54957.21050953 36.65  90.222849  61.531083 13.186
 78    35.597 54957.21051017 38.54  90.220458  61.527927 21.403
 78    35.671 54957.21051082 41.76  90.218068  61.524777 21.403
 78    35.640 54957.21051146 40.89  90.215678  61.521627 21.403
 78    35.767 54957.21051211 42.25  90.213288  61.518467 21.403
 78    35.616 54957.21051275 40.12  90.210898  61.515317 21.403
 79    40.145 54992.21053841 13.94  90.195866  61.503510  6.686
 79    40.615 54992.21053906 19.89  90.193476  61.500360  6.686
 79    35.155 54992.21053970 20.94  90.191096  61.497200  6.686
 80    50.760 55027.21052197 29.29  90.221860  61.538306  5.695
 80    38.238 55027.21052261 39.44  90.219470  61.535146  5.695
 80    33.617 55027.21052326 43.23  90.217080  61.531996  5.695
 80    30.611 55027.21052390 43.27  90.214689  61.528839 25.473
 80    29.933 55027.21052455 42.78  90.212299  61.525689 25.473
 80    29.336 55027.21052519 42.99  90.209909  61.522539 25.473
 80    29.738 55027.21052584 43.49  90.207519  61.519379 25.473
 80    30.092 55027.21052648 43.04  90.205139  61.516229 25.473
 80    29.476 55027.21052712 44.39  90.202749  61.513069 25.473
 80    29.384 55027.21052777 45.40  90.200359  61.509919 25.473
 80    30.130 55027.21052841 44.03  90.197979  61.506769 25.473
 80    30.321 55027.21052906 42.08  90.195589  61.503609 25.473
 80    28.899 55027.21052970 46.17  90.193199  61.500459 25.473
 80    28.831 55027.21053035 48.11  90.190819  61.497299 25.473
 80    28.830 55027.21053099 41.96  90.188429  61.494149 25.473
 81    27.512 55062.21051525 50.76  90.221201  61.534885 22.557
 81    27.489 55062.21051590 51.32  90.218811  61.531725 22.557
 81    27.595 55062.21051654 51.61  90.216421  61.528575 22.557
 81    27.637 55062.21051719 47.79  90.214034  61.525416 30.099
 81    27.673 55062.21051783 49.37  90.211644  61.522266 30.099
 81    27.843 55062.21051848 52.90  90.209254  61.519116 30.099
 81    27.727 55062.21051912 48.74  90.206864  61.515956 30.099
 81    27.700 55062.21051977 51.77  90.204474  61.512806 30.099
 81    27.869 55062.21052041 50.26  90.202094  61.509646 30.099
 81    27.870 55062.21052106 53.01  90.199704  61.506496 30.099
 81    27.960 55062.21052170 52.08  90.197314  61.503346 30.099
 81    27.918 55062.21052235 51.76  90.194934  61.500186 30.099
 82    30.534 55097.21046768 30.04  90.193962  61.516844 10.773
 82    29.916 55097.21046832 29.75  90.191572  61.513684 10.773
 82    29.370 55097.21047155 24.45  90.179652  61.497914 10.773
 82    29.377 55097.21047219 25.28  90.177262  61.494764 10.773
 82    29.679 55097.21047284 23.62  90.174882  61.491604 10.773
 84    34.228 55167.21043150  6.55  90.197961  61.507726  9.249
 84    34.487 55167.21043215  6.57  90.195581  61.504576  9.249
 84    35.069 55167.21043279  6.93  90.193191  61.501426  9.249
 84    35.038 55167.21043343  7.53  90.190811  61.498266  9.249
 84    34.464 55167.21043408  8.11  90.188421  61.495116  9.249
 85    32.095 55202.21045083 12.02  90.224356  61.534646  7.098
 85    32.117 55202.21045147 11.81  90.221966  61.531486  7.098
 85    32.347 55202.21045212 10.84  90.219580  61.528332  5.856
 85    32.343 55202.21045276  8.72  90.217190  61.525182  5.856
 85    32.380 55202.21045340  9.81  90.214800  61.522022  5.856
 85    32.700 55202.21045405  9.16  90.212410  61.518872  5.856
 85    32.563 55202.21045469  8.50  90.210020  61.515722  5.856
 85    32.478 55202.21045534  8.34  90.207630  61.512562  5.856
 86    33.041 55237.21042979 11.65  90.226601  61.551914  9.466
 86    33.228 55237.21043044 11.90  90.224211  61.548754  9.466
 86    32.391 55237.21043624  7.62  90.202699  61.520376  4.677
 86    32.515 55237.21043689  7.03  90.200319  61.517216  4.677
 86    32.483 55237.21043753  7.66  90.197929  61.514066  4.677
 86    32.531 55237.21043818  6.87  90.195539  61.510906  4.677
 86    32.760 55237.21043882  4.87  90.193159  61.507756  4.677
 86    32.616 55237.21043946  5.15  90.190769  61.504606  4.677
 86    35.765 55237.21044011  4.60  90.188389  61.501446  4.677
 86    32.474 55237.21044075  5.84  90.185999  61.498296  4.677
 86    32.543 55237.21044140  5.84  90.183619  61.495136  4.677
 86    34.180 55237.21044204  4.16  90.181229  61.491986  4.677
 87    32.278 55272.21044290  9.12  90.229085  61.545840  6.972
 87    32.528 55272.21044355  8.91  90.226695  61.542680  6.972
 87    31.549 55272.21044419  9.79  90.224305  61.539530  6.972
 87    31.670 55272.21044484  9.35  90.221905  61.536380  6.972
 87    31.542 55272.21044548  8.82  90.219515  61.533220  6.972
 87    31.541 55272.21044613  9.00  90.217125  61.530065  4.218
 87    31.593 55272.21044677  7.54  90.214735  61.526915  4.218
 87    31.863 55272.21044742  6.94  90.212345  61.523755  4.218
 87    31.950 55272.21044806  6.88  90.209965  61.520605  4.218
 87    32.181 55272.21044871  5.42  90.207575  61.517455  4.218
 87    32.078 55272.21044935  4.95  90.205185  61.514295  4.218
 87    32.267 55272.21045000  4.30  90.202795  61.511145  4.218
 87    32.217 55272.21045064  3.90  90.200405  61.507995  4.218
 87    32.224 55272.21045128  3.50  90.198025  61.504835  4.218
 87    32.142 55272.21045193  3.38  90.195635  61.501685  4.218
 87    32.484 55272.21045257  2.85  90.193255  61.498525  4.218
 88    82.318 55307.21041253  2.20  90.221271  61.547605  6.129
 88    33.730 55307.21042285 11.70  90.183069  61.497142  7.328
 88    37.755 55307.21042349  6.23  90.180689  61.493982  7.328
 88    36.411 55307.21042414  5.80  90.178309  61.490832  7.328
 90    29.376 55377.21040593 41.46  90.228093  61.548204 19.064
 90    29.442 55377.21040657 40.24  90.225703  61.545054 19.064
 90    30.122 55377.21040721 39.56  90.223313  61.541894 19.064
 90    29.563 55377.21040786 42.25  90.220923  61.538744 19.064
 90    29.480 55377.21040850 43.07  90.218533  61.535584 19.064
 90    29.531 55377.21040915 45.79  90.216143  61.532434 19.064
 90    29.583 55377.21040979 47.05  90.213754  61.529277 30.168
 90    29.632 55377.21041044 45.95  90.211364  61.526127 30.168
 90    29.476 55377.21041108 45.81  90.208974  61.522977 30.168
 90    29.564 55377.21041173 46.54  90.206584  61.519817 30.168
 90    29.659 55377.21041237 47.17  90.204204  61.516667 30.168
 90    29.722 55377.21041302 46.54  90.201814  61.513507 30.168
 90    29.681 55377.21041366 50.02  90.199424  61.510357 30.168
 90    29.746 55377.21041431 50.63  90.197034  61.507207 30.168
 90    29.843 55377.21041495 48.85  90.194654  61.504047 30.168
 90    29.777 55377.21041560 49.55  90.192264  61.500897 30.168
 90    29.868 55377.21041624 50.55  90.189884  61.497737 30.168
 90    29.891 55377.21041689 47.88  90.187494  61.494587 30.168
 91    49.308 55412.21043330 13.29  90.221252  61.527716  9.416
 91    41.184 55412.21043395 13.03  90.218862  61.524566  9.416
 91    34.272 55412.21043459 13.36  90.216472  61.521416  9.416
 91    29.989 55412.21043524 14.30  90.214082  61.518256  9.416
 91    29.403 55412.21043588 15.29  90.211692  61.515106  9.416
 92    29.721 55447.21042141 13.34  90.226294  61.543114  3.668
 92    29.025 55447.21042205 19.93  90.223904  61.539954  3.668
 92    27.829 55447.21042270 23.22  90.221514  61.536804  3.668
 92    28.828 55447.21042334 20.55  90.219124  61.533654  3.668
 92    28.524 55447.21042399 19.70  90.216734  61.530494  3.668
 92    30.313 55447.21042463 18.06  90.214344  61.527344  3.668
 92    29.582 55447.21042528 17.78  90.211955  61.524185  9.752
 92    30.592 55447.21042592 16.77  90.209575  61.521035  9.752
 92    31.175 55447.21042657 16.50  90.207185  61.517885  9.752
 92    31.011 55447.21042721 20.04  90.204795  61.514725  9.752
 92    31.539 55447.21042786 16.67  90.202405  61.511575  9.752
 92    31.538 55447.21042850 19.19  90.200015  61.508415  9.752
 92    31.111 55447.21042915 24.27  90.197635  61.505265  9.752
 92    30.740 55447.21042979 27.10  90.195245  61.502115  9.752
 92    30.480 55447.21043044 30.22  90.192865  61.498955  9.752
 92    33.078 55447.21043108 29.90  90.190475  61.495805  9.752
 93    29.375 55482.21035036 29.81  90.222206  61.553266 14.819
 93    29.350 55482.21035100 30.00  90.219816  61.550116 14.819
 93    29.449 55482.21035165 29.34  90.217426  61.546966 14.819
 93    27.640 55482.21035229 38.25  90.215036  61.543806 14.819
 93    28.223 55482.21035809 44.43  90.193545  61.515424 15.122
 93    28.119 55482.21035874 40.71  90.191165  61.512264 15.122
 93    27.876 55482.21036196 31.40  90.179235  61.496494 15.122
 93    28.243 55482.21036261 28.96  90.176855  61.493344 15.122
 93    28.110 55482.21036325 29.44  90.174475  61.490184 15.122
 93    28.295 55482.21036390 28.53  90.172095  61.487034 15.122
