# NaN NaN NaN ;Mean Elev.(m), Avg Gradient(m/km), RMS Gradient(m/km) - SRTM1     
#   58.063  -1.506   7.976 ;Mean Elev.(m), Avg Gradient(m/km), RMS Gradient(m/km) - ASTER GDEM
#   61.008  -0.737   3.891 ;Mean Elev.(m), Avg Gradient(m/km), RMS Gradient(m/km) - GMTED2010 
  7    58.434 52475.62266855 51.09  91.292998  59.283680 31.211
  7    58.492 52475.62266919 52.14  91.290888  59.286860 31.211
  7    58.248 52475.62267500 50.75  91.271858  59.315440 31.211
  7    58.193 52475.62267564 51.45  91.269738  59.318620 31.211
  7    58.069 52475.62267629 51.33  91.267628  59.321790 31.211
  7    57.925 52475.62267693 55.45  91.265513  59.324971 25.870
  7    57.934 52475.62267757 54.82  91.263393  59.328151 25.870
  7    57.940 52475.62267822 51.72  91.261273  59.331321 25.870
  7    57.950 52475.62267886 52.63  91.259153  59.334501 25.870
  7    57.952 52475.62267951 51.74  91.257043  59.337671 25.870
  7    57.955 52475.62268015 51.05  91.254923  59.340851 25.870
  7    57.954 52475.62268080 52.45  91.252803  59.344031 25.870
  7    57.903 52475.62268144 45.22  91.250683  59.347201 25.870
  8    57.558 52510.62262087 35.79  91.318372  59.269867 23.727
  8    57.691 52510.62262152 36.62  91.316262  59.273047 23.727
  8    57.542 52510.62262216 34.42  91.314152  59.276227 23.727
  8    57.625 52510.62262281 36.37  91.312042  59.279397 23.727
  8    57.217 52510.62262603 29.44  91.301482  59.295287 23.727
  8    57.396 52510.62262667 32.96  91.299372  59.298457 23.727
  8    57.377 52510.62262732 34.45  91.297252  59.301637 23.727
  8    57.402 52510.62262796 34.54  91.295142  59.304807 23.727
  8    57.300 52510.62262861 29.18  91.293022  59.307987 23.727
  8    57.143 52510.62262925 29.61  91.290912  59.311167 23.727
  8    57.217 52510.62262990 30.72  91.288802  59.314337 23.727
  8    57.205 52510.62263054 28.59  91.286682  59.317517 23.727
  8    56.966 52510.62263119 27.16  91.284562  59.320697 23.727
  8    56.874 52510.62263183 29.17  91.282452  59.323867 23.727
  8    58.002 52510.62263248 30.16  91.280332  59.327047 23.727
  8    57.055 52510.62263312 30.87  91.278222  59.330217 23.727
  8    57.344 52510.62263377 25.80  91.276104  59.333399  6.189
  9    57.441 52545.62263843 19.63  91.292664  59.283065 17.852
  9    57.392 52545.62263908 26.74  91.290544  59.286245 17.852
  9    56.537 52545.62264488 22.63  91.271514  59.314825 17.852
  9    56.896 52545.62264552 23.91  91.269394  59.318005 17.852
  9    57.057 52545.62264617 34.87  91.267274  59.321175 17.852
  9    57.180 52545.62264681 42.07  91.265164  59.324355 17.852
  9    56.971 52545.62264746 32.67  91.263044  59.327525 17.852
  9    56.864 52545.62264810 29.58  91.260924  59.330705 17.852
  9    56.641 52545.62264875 23.59  91.258809  59.333879 18.217
  9    56.578 52545.62264939 20.83  91.256689  59.337059 18.217
  9    56.755 52545.62265004 19.43  91.254569  59.340229 18.217
  9    60.469 52545.62265068 18.51  91.252449  59.343409 18.217
  9    56.720 52545.62265133 23.96  91.250329  59.346589 18.217
  9    62.942 52545.62265197 24.03  91.248209  59.349759 18.217
 10    56.752 52580.62266517 53.54  91.295946  59.281666 31.968
 10    56.776 52580.62266582 50.77  91.293836  59.284836 31.968
 10    56.558 52580.62267162 48.44  91.274806  59.313426 31.968
 10    56.470 52580.62267226 44.84  91.272686  59.316596 31.968
 10    56.231 52580.62267291 45.78  91.270568  59.319776 25.783
 10    56.172 52580.62267355 46.34  91.268458  59.322956 25.783
 10    56.166 52580.62267420 49.10  91.266338  59.326126 25.783
 10    56.145 52580.62267484 50.08  91.264218  59.329306 25.783
 10    56.127 52580.62267549 51.75  91.262098  59.332476 25.783
 10    56.112 52580.62267613 49.37  91.259988  59.335656 25.783
 10    56.101 52580.62267678 44.93  91.257868  59.338836 25.783
 10    55.768 52580.62267742 37.84  91.255748  59.342006 25.783
 10    55.705 52580.62267807 37.59  91.253628  59.345186 25.783
 10    55.476 52580.62267871 31.55  91.251508  59.348356 25.783
 11    59.413 52615.62263320 27.02  91.306557  59.278180 17.675
 11    59.309 52615.62263384 26.49  91.304437  59.281360 17.675
 11    58.975 52615.62263836 24.37  91.289657  59.303590 17.675
 11    58.997 52615.62263900 26.39  91.287537  59.306770 17.675
 11    59.091 52615.62263964 29.53  91.285427  59.309940 17.675
 11    59.309 52615.62264029 37.14  91.283311  59.313124 14.051
 11    59.321 52615.62264093 40.29  91.281201  59.316294 14.051
 11    58.965 52615.62264158 25.35  91.279081  59.319474 14.051
 11    58.868 52615.62264222 25.04  91.276971  59.322654 14.051
 11    58.945 52615.62264287 24.92  91.274851  59.325824 14.051
 11    58.837 52615.62264351 26.16  91.272741  59.329004 14.051
 11    58.638 52615.62264416 27.30  91.270621  59.332174 14.051
 11    58.461 52615.62264480 26.34  91.268501  59.335354 14.051
 11    58.144 52615.62264545 25.93  91.266391  59.338534 14.051
 12    60.210 52650.62261147 15.31  91.302202  59.279578 11.077
 12    60.222 52650.62261211 15.72  91.300092  59.282758 11.077
 12    59.863 52650.62261727 16.82  91.283182  59.308168 11.077
 12    60.022 52650.62261792 34.61  91.281062  59.311338 11.077
 12    60.070 52650.62261856 41.23  91.278952  59.314518 11.077
 12    59.953 52650.62261921 18.18  91.276832  59.317688 11.077
 12    59.657 52650.62261985 14.42  91.274718  59.320867  5.163
 12    59.672 52650.62262049 14.22  91.272598  59.324047  5.163
 12    59.684 52650.62262114 14.76  91.270478  59.327217  5.163
 12    59.690 52650.62262178 14.92  91.268358  59.330397  5.163
 12    59.516 52650.62262243 15.48  91.266248  59.333567  5.163
 12    59.420 52650.62262307 15.10  91.264128  59.336747  5.163
 12    59.198 52650.62262372 14.82  91.262008  59.339917  5.163
 12    59.116 52650.62262436 14.66  91.259888  59.343097  5.163
 13    58.829 52685.62259694 17.40  91.318014  59.270041  9.060
 13    59.366 52685.62259759 14.82  91.315904  59.273211  9.060
 13    59.560 52685.62259823 13.74  91.313794  59.276391  9.060
 13    59.645 52685.62259888 13.61  91.311684  59.279571  9.060
 13    59.126 52685.62260210 13.56  91.301124  59.295451  9.060
 13    58.981 52685.62260274 13.47  91.299014  59.298631  9.060
 13    59.032 52685.62260339 12.88  91.296898  59.301807  5.640
 13    58.912 52685.62260403 13.22  91.294788  59.304977  5.640
 13    58.967 52685.62260468 14.44  91.292678  59.308157  5.640
 13    59.284 52685.62260532 17.01  91.290558  59.311337  5.640
 13    59.121 52685.62260597 23.49  91.288448  59.314507  5.640
 13    59.161 52685.62260661 13.47  91.286328  59.317687  5.640
 13    58.979 52685.62260726 12.49  91.284218  59.320857  5.640
 13    58.895 52685.62260790 12.68  91.282098  59.324037  5.640
 13    58.935 52685.62260855 12.75  91.279978  59.327217  5.640
 13    58.587 52685.62260919 13.77  91.277868  59.330387  5.640
 13    58.601 52685.62260983 13.37  91.275748  59.333567  5.640
 14    59.030 52720.62265035 13.68  91.297485  59.281499  4.768
 14    58.975 52720.62265099 15.64  91.295375  59.284679  4.768
 14    58.305 52720.62265615 14.80  91.278459  59.310082  5.556
 14    58.492 52720.62265679 14.41  91.276349  59.313262  5.556
 14    58.598 52720.62265744 14.15  91.274229  59.316442  5.556
 14    58.601 52720.62265808 15.07  91.272119  59.319612  5.556
 14    58.559 52720.62265873 15.65  91.269999  59.322792  5.556
 14    58.349 52720.62265937 16.19  91.267879  59.325972  5.556
 14    58.353 52720.62266002 16.23  91.265759  59.329142  5.556
 14    58.299 52720.62266066 15.64  91.263649  59.332322  5.556
 14    58.321 52720.62266131 15.08  91.261529  59.335492  5.556
 14    58.323 52720.62266195 15.61  91.259409  59.338672  5.556
 14    58.213 52720.62266260 15.64  91.257289  59.341842  5.556
 14    58.447 52720.62266324 16.35  91.255169  59.345022  5.556
 15    59.395 52755.62267448 14.01  91.293641  59.282983  7.902
 15    59.377 52755.62267513 14.13  91.291531  59.286163  7.902
 15    58.891 52755.62268093 12.72  91.272511  59.314748  7.313
 15    58.851 52755.62268158 13.84  91.270401  59.317928  7.313
 15    58.841 52755.62268222 12.79  91.268281  59.321098  7.313
 15    58.776 52755.62268286 14.13  91.266171  59.324278  7.313
 15    58.768 52755.62268351 14.45  91.264051  59.327448  7.313
 15    58.751 52755.62268415 14.01  91.261931  59.330628  7.313
 15    58.686 52755.62268480 13.80  91.259821  59.333808  7.313
 15    58.623 52755.62268544 13.16  91.257701  59.336978  7.313
 15    58.766 52755.62268609 13.20  91.255581  59.340158  7.313
 15    58.727 52755.62268673 13.07  91.253461  59.343328  7.313
 15    58.744 52755.62268738 14.22  91.251351  59.346508  7.313
 15    58.622 52755.62268802 13.86  91.249231  59.349688  7.313
 16    58.171 52790.62262392 34.30  91.287089  59.283937 19.826
 16    58.555 52790.62262457 33.38  91.284979  59.287117 19.826
 16    58.475 52790.62262521 33.35  91.282859  59.290297 19.826
 16    58.685 52790.62263101 52.31  91.263815  59.318878 29.384
 16    58.652 52790.62263166 50.49  91.261695  59.322048 29.384
 16    58.357 52790.62263230 43.86  91.259585  59.325228 29.384
 16    58.402 52790.62263295 45.72  91.257465  59.328408 29.384
 16    58.476 52790.62263359 49.43  91.255345  59.331578 29.384
 16    58.429 52790.62263424 45.85  91.253225  59.334758 29.384
 16    58.452 52790.62263488 47.30  91.251105  59.337928 29.384
 16    58.452 52790.62263553 46.52  91.248985  59.341108 29.384
 16    58.445 52790.62263617 48.55  91.246865  59.344278 29.384
 16    58.431 52790.62263682 52.22  91.244745  59.347458 29.384
 16    58.434 52790.62263746 49.86  91.242625  59.350638 29.384
 17    57.674 52825.62269278 43.34  91.294448  59.281641 26.140
 17    57.589 52825.62269343 44.59  91.292328  59.284821 26.140
 17    57.510 52825.62269407 48.93  91.290218  59.287991 26.140
 17    57.377 52825.62269987 46.55  91.271184  59.316582 38.208
 17    57.327 52825.62270052 48.18  91.269064  59.319752 38.208
 17    57.108 52825.62270116 45.18  91.266944  59.322932 38.208
 17    57.031 52825.62270181 48.04  91.264824  59.326112 38.208
 17    57.017 52825.62270245 50.13  91.262714  59.329282 38.208
 17    57.013 52825.62270310 49.71  91.260594  59.332462 38.208
 17    57.007 52825.62270374 51.37  91.258474  59.335632 38.208
 17    57.003 52825.62270438 50.83  91.256354  59.338812 38.208
 17    56.996 52825.62270503 51.84  91.254234  59.341982 38.208
 17    56.988 52825.62270567 50.39  91.252114  59.345162 38.208
 17    56.954 52825.62270632 40.07  91.249994  59.348342 38.208
 18    57.236 52860.62273815 21.92  91.298124  59.280103 11.537
 18    57.094 52860.62273880 20.94  91.296014  59.283283 11.537
 18    57.621 52860.62273944 19.99  91.293894  59.286463 11.537
 18    58.303 52860.62274460 13.94  91.276979  59.311874 15.369
 18    58.312 52860.62274525 14.24  91.274859  59.315044 15.369
 18    57.260 52860.62274589 17.40  91.272749  59.318224 15.369
 18    57.207 52860.62274654 25.54  91.270629  59.321394 15.369
 18    57.963 52860.62274718 31.17  91.268509  59.324574 15.369
 18    57.218 52860.62274782 25.89  91.266389  59.327754 15.369
 18    56.822 52860.62274847 20.98  91.264279  59.330924 15.369
 18    56.771 52860.62274911 18.09  91.262159  59.334104 15.369
 18    56.797 52860.62274976 17.07  91.260039  59.337274 15.369
 18    56.772 52860.62275040 15.51  91.257919  59.340454 15.369
 18    60.775 52860.62275105 16.48  91.255799  59.343624 15.369
 18    61.948 52860.62275169 16.16  91.253679  59.346804 15.369
 19    57.122 52895.62276884 31.70  91.299772  59.281291 16.054
 19    57.318 52895.62276948 34.79  91.297663  59.284470 29.170
 19    56.954 52895.62277400 36.82  91.282873  59.306700 29.170
 19    56.974 52895.62277464 29.55  91.280753  59.309880 29.170
 19    56.957 52895.62277528 33.40  91.278643  59.313050 29.170
 19    56.936 52895.62277593 35.76  91.276523  59.316230 29.170
 19    56.977 52895.62277657 42.31  91.274413  59.319400 29.170
 19    56.964 52895.62277722 43.28  91.272293  59.322580 29.170
 19    56.631 52895.62277786 37.43  91.270173  59.325760 29.170
 19    56.599 52895.62277851 37.55  91.268063  59.328930 29.170
 19    56.587 52895.62277915 35.53  91.265943  59.332110 29.170
 19    56.556 52895.62277980 29.83  91.263823  59.335280 29.170
 19    56.705 52895.62278044 27.06  91.261703  59.338460 29.170
 19    56.733 52895.62278109 26.17  91.259593  59.341640 29.170
 19    56.677 52895.62278173 24.89  91.257473  59.344810 29.170
 20    57.087 52930.62271555 50.43  91.313181  59.273629 48.669
 20    57.062 52930.62271619 50.47  91.311071  59.276799 48.669
 20    57.044 52930.62271684 51.69  91.308961  59.279979 48.669
 20    57.017 52930.62271748 49.74  91.306851  59.283159 48.669
 20    56.902 52930.62272006 52.96  91.298401  59.295859 48.669
 20    56.920 52930.62272071 51.25  91.296291  59.299039 48.669
 20    56.934 52930.62272135 51.46  91.294171  59.302209 48.669
 20    56.951 52930.62272200 52.96  91.292061  59.305389 48.669
 20    56.922 52930.62272264 52.63  91.289951  59.308569 48.669
 20    56.777 52930.62272328 53.70  91.287841  59.311739 48.669
 20    56.688 52930.62272393 53.35  91.285721  59.314919 48.669
 20    56.642 52930.62272457 53.61  91.283611  59.318099 48.669
 20    56.597 52930.62272522 54.33  91.281493  59.321274 22.334
 20    56.542 52930.62272586 51.09  91.279373  59.324444 22.334
 20    56.488 52930.62272651 50.20  91.277263  59.327624 22.334
 20    56.444 52930.62272715 46.90  91.275143  59.330804 22.334
 20    56.411 52930.62272780 41.05  91.273033  59.333974 22.334
 21    56.716 52965.62271124 51.06  91.293222  59.282252 37.988
 21    56.776 52965.62271189 52.92  91.291112  59.285432 37.988
 21    56.468 52965.62271253 38.01  91.288992  59.288602 37.988
 21    56.142 52965.62271833 39.44  91.269959  59.317193 32.676
 21    56.025 52965.62271898 40.01  91.267839  59.320363 32.676
 21    55.968 52965.62271962 41.97  91.265719  59.323543 32.676
 21    56.079 52965.62272027 45.91  91.263599  59.326713 32.676
 21    56.076 52965.62272091 46.51  91.261479  59.329893 32.676
 21    56.049 52965.62272156 46.20  91.259369  59.333063 32.676
 21    56.022 52965.62272220 44.26  91.257249  59.336243 32.676
 21    55.783 52965.62272285 37.37  91.255129  59.339423 32.676
 21    55.633 52965.62272349 32.80  91.253009  59.342593 32.676
 21    55.367 52965.62272414 28.95  91.250889  59.345773 32.676
 21    55.022 52965.62272478 26.14  91.248769  59.348943 32.676
 23    59.588 53035.62269128 11.88  91.311078  59.274849  6.683
 23    60.025 53035.62269192 10.48  91.308968  59.278029  6.683
 23    60.003 53035.62269257 10.50  91.306858  59.281199  6.683
 23    59.397 53035.62269579 10.41  91.296298  59.297089  6.683
 23    59.200 53035.62269644  9.58  91.294188  59.300259  6.683
 23    59.326 53035.62269708  9.45  91.292078  59.303439  6.683
 23    59.420 53035.62269773  9.57  91.289968  59.306619  6.683
 23    59.222 53035.62269837 10.09  91.287851  59.309796  4.503
 23    59.368 53035.62269901  9.32  91.285741  59.312966  4.503
 23    59.322 53035.62269966  9.61  91.283621  59.316146  4.503
 23    59.489 53035.62270030  9.80  91.281511  59.319316  4.503
 23    59.309 53035.62270095 10.19  91.279391  59.322496  4.503
 23    59.386 53035.62270159 10.35  91.277271  59.325676  4.503
 23    59.241 53035.62270224 10.29  91.275161  59.328846  4.503
 23    59.156 53035.62270288 11.14  91.273041  59.332026  4.503
 23    59.012 53035.62270353 11.00  91.270931  59.335206  4.503
 24    59.666 53070.62271242 14.21  91.300782  59.279104 10.659
 24    59.731 53070.62271307 15.48  91.298672  59.282284 10.659
 24    59.578 53070.62271371 15.38  91.296552  59.285454 10.659
 24    58.878 53070.62271822 17.07  91.281763  59.307689 10.150
 24    59.109 53070.62271887 16.64  91.279643  59.310869 10.150
 24    59.054 53070.62271951 16.55  91.277533  59.314039 10.150
 24    59.080 53070.62272016 17.15  91.275413  59.317219 10.150
 24    59.093 53070.62272080 16.92  91.273293  59.320399 10.150
 24    59.024 53070.62272145 17.04  91.271183  59.323569 10.150
 24    59.019 53070.62272209 17.63  91.269063  59.326749 10.150
 24    59.020 53070.62272274 18.86  91.266943  59.329919 10.150
 24    58.999 53070.62272338 18.69  91.264833  59.333099 10.150
 24    58.970 53070.62272403 19.45  91.262713  59.336279 10.150
 24    58.955 53070.62272467 19.47  91.260593  59.339449 10.150
 24    58.915 53070.62272531 20.62  91.258473  59.342629 10.150
 25    59.945 53105.62269163 19.01  91.316804  59.270478 14.714
 25    59.862 53105.62269227 18.55  91.314694  59.273658 14.714
 25    59.868 53105.62269292 18.83  91.312594  59.276828 14.714
 25    59.894 53105.62269356 19.33  91.310484  59.280008 14.714
 25    59.803 53105.62269678 17.64  91.299924  59.295888 14.714
 25    59.873 53105.62269743 18.84  91.297814  59.299068 14.714
 25    59.970 53105.62269807 19.51  91.295704  59.302238 14.714
 25    59.881 53105.62269872 18.06  91.293584  59.305418 14.714
 25    59.647 53105.62269936 16.32  91.291474  59.308598 14.714
 25    59.712 53105.62270001 17.02  91.289362  59.311775  6.885
 25    59.722 53105.62270065 17.70  91.287242  59.314945  6.885
 25    59.719 53105.62270130 18.66  91.285132  59.318125  6.885
 25    59.676 53105.62270194 19.07  91.283012  59.321305  6.885
 25    59.591 53105.62270259 19.30  91.280902  59.324475  6.885
 25    59.448 53105.62270323 17.13  91.278782  59.327655  6.885
 25    59.387 53105.62270387 17.15  91.276672  59.330825  6.885
 25    59.320 53105.62270452 16.32  91.274552  59.334005  6.885
 26    59.843 53140.62272005 50.44  91.295165  59.282425 36.956
 26    59.838 53140.62272070 49.54  91.293055  59.285605 36.956
 26    59.485 53140.62272650 50.71  91.274018  59.314191 38.436
 26    59.548 53140.62272714 51.47  91.271908  59.317361 38.436
 26    59.544 53140.62272779 47.83  91.269788  59.320541 38.436
 26    59.291 53140.62272843 43.74  91.267668  59.323711 38.436
 26    59.364 53140.62272908 48.25  91.265558  59.326891 38.436
 26    59.335 53140.62272972 44.13  91.263438  59.330061 38.436
 26    59.244 53140.62273037 47.17  91.261318  59.333241 38.436
 26    59.214 53140.62273101 44.42  91.259198  59.336421 38.436
 26    59.153 53140.62273166 39.59  91.257078  59.339591 38.436
 26    59.042 53140.62273230 38.04  91.254958  59.342771 38.436
 26    58.944 53140.62273295 36.94  91.252838  59.345941 38.436
 26    58.821 53140.62273359 36.22  91.250718  59.349121 38.436
 27    58.397 53175.62275157 51.09  91.299661  59.279590 26.694
 27    58.349 53175.62275221 50.16  91.297551  59.282760 26.694
 27    58.337 53175.62275286 49.85  91.295441  59.285940 26.694
 27    58.196 53175.62275737 51.33  91.280641  59.308170 26.694
 27    58.208 53175.62275802 49.23  91.278524  59.311353 33.812
 27    58.197 53175.62275866 51.01  91.276414  59.314523 33.812
 27    58.172 53175.62275931 53.07  91.274294  59.317703 33.812
 27    57.943 53175.62275995 54.93  91.272174  59.320883 33.812
 27    57.875 53175.62276060 54.28  91.270064  59.324053 33.812
 27    57.826 53175.62276124 54.03  91.267944  59.327233 33.812
 27    57.807 53175.62276188 52.21  91.265824  59.330403 33.812
 27    57.804 53175.62276253 51.40  91.263714  59.333583 33.812
 27    57.792 53175.62276317 50.77  91.261594  59.336763 33.812
 27    57.741 53175.62276382 47.93  91.259474  59.339933 33.812
 27    57.690 53175.62276446 44.30  91.257354  59.343113 33.812
 27    57.614 53175.62276511 40.93  91.255234  59.346283 33.812
 28    57.832 53210.62277021 23.77  91.299745  59.281197  7.316
 28    57.882 53210.62277085 20.47  91.297635  59.284377  7.316
 28    57.320 53210.62277601 24.43  91.280725  59.309782 15.683
 28    57.075 53210.62277665 24.27  91.278615  59.312962 15.683
 28    57.086 53210.62277730 24.68  91.276495  59.316142 15.683
 28    57.245 53210.62277794 25.37  91.274375  59.319312 15.683
 28    57.416 53210.62277859 27.12  91.272265  59.322492 15.683
 28    57.391 53210.62277923 30.43  91.270145  59.325662 15.683
 28    57.212 53210.62277988 27.21  91.268025  59.328842 15.683
 28    57.154 53210.62278052 25.44  91.265915  59.332022 15.683
 28    57.424 53210.62278117 26.28  91.263795  59.335192 15.683
 28    57.433 53210.62278181 33.42  91.261675  59.338372 15.683
 28    57.382 53210.62278246 33.52  91.259555  59.341542 15.683
 28    57.326 53210.62278310 26.44  91.257435  59.344722 15.683
 29    57.576 53245.62273678 49.24  91.310653  59.275059 47.728
 29    57.566 53245.62273743 47.71  91.308543  59.278229 47.728
 29    57.539 53245.62273807 47.85  91.306433  59.281409 47.728
 29    57.386 53245.62274130 53.25  91.295873  59.297289 47.728
 29    57.362 53245.62274194 52.67  91.293763  59.300469 47.728
 29    57.331 53245.62274259 50.89  91.291643  59.303649 47.728
 29    57.306 53245.62274323 53.44  91.289532  59.306824 29.881
 29    57.274 53245.62274388 51.30  91.287422  59.309994 29.881
 29    57.312 53245.62274452 53.20  91.285302  59.313174 29.881
 29    57.315 53245.62274517 52.08  91.283192  59.316354 29.881
 29    57.260 53245.62274581 53.64  91.281072  59.319524 29.881
 29    57.215 53245.62274645 51.44  91.278952  59.322704 29.881
 29    57.125 53245.62274710 53.14  91.276842  59.325874 29.881
 29    57.010 53245.62274774 52.42  91.274722  59.329054 29.881
 29    56.976 53245.62274839 50.13  91.272612  59.332234 29.881
 29    56.960 53245.62274903 42.28  91.270492  59.335404 29.881
 30    57.617 53280.62272288 52.32  91.285896  59.284717 22.003
 30    57.510 53280.62272353 51.94  91.283780  59.287900 35.206
 30    57.478 53280.62272417 48.92  91.281660  59.291070 35.206
 30    57.446 53280.62272997 50.74  91.262620  59.319660 35.206
 30    57.208 53280.62273062 49.37  91.260500  59.322830 35.206
 30    57.194 53280.62273126 38.47  91.258390  59.326010 35.206
 30    57.140 53280.62273191 44.49  91.256270  59.329180 35.206
 30    57.145 53280.62273255 52.00  91.254150  59.332360 35.206
 30    57.145 53280.62273320 50.28  91.252030  59.335540 35.206
 30    57.095 53280.62273384 51.69  91.249910  59.338710 35.206
 30    57.079 53280.62273449 51.65  91.247790  59.341890 35.206
 30    57.017 53280.62273513 53.00  91.245670  59.345060 35.206
 30    56.974 53280.62273578 53.44  91.243550  59.348240 35.206
 31    57.350 53315.62273684 52.78  91.298010  59.281257 37.960
 31    57.332 53315.62273748 51.32  91.295900  59.284427 37.960
 31    57.101 53315.62274264 50.70  91.278990  59.309837 37.960
 31    57.066 53315.62274329 51.16  91.276876  59.313018 34.471
 31    56.997 53315.62274393 52.73  91.274756  59.316198 34.471
 31    56.892 53315.62274457 51.75  91.272636  59.319368 34.471
 31    56.702 53315.62274522 50.97  91.270526  59.322548 34.471
 31    56.668 53315.62274586 50.29  91.268406  59.325718 34.471
 31    56.645 53315.62274651 51.53  91.266286  59.328898 34.471
 31    56.632 53315.62274715 53.10  91.264166  59.332068 34.471
 31    56.610 53315.62274780 50.02  91.262056  59.335248 34.471
 31    56.596 53315.62274844 47.47  91.259936  59.338428 34.471
 31    56.579 53315.62274909 46.54  91.257816  59.341598 34.471
 31    56.546 53315.62274973 39.37  91.255696  59.344778 34.471
 32    57.592 53350.62270062 47.93  91.313497  59.273260 46.815
 32    57.532 53350.62270126 48.02  91.311387  59.276440 46.815
 32    57.502 53350.62270191 47.14  91.309277  59.279610 46.815
 32    57.398 53350.62270255 40.02  91.307157  59.282790 46.815
 32    57.166 53350.62270578 47.22  91.296597  59.298670 46.815
 32    57.150 53350.62270642 46.00  91.294487  59.301850 46.815
 32    57.138 53350.62270707 44.29  91.292367  59.305020 46.815
 32    57.167 53350.62270771 44.91  91.290257  59.308200 46.815
 32    57.070 53350.62270835 44.25  91.288137  59.311370 46.815
 32    57.025 53350.62270900 43.89  91.286027  59.314553 19.918
 32    56.981 53350.62270964 43.94  91.283907  59.317723 19.918
 32    56.936 53350.62271029 43.77  91.281797  59.320903 19.918
 32    56.875 53350.62271093 38.43  91.279677  59.324083 19.918
 32    56.769 53350.62271158 37.83  91.277567  59.327253 19.918
 32    56.642 53350.62271222 33.92  91.275447  59.330433 19.918
 32    56.530 53350.62271287 32.78  91.273327  59.333603 19.918
 33    61.721 53385.62268521 13.87  91.288530  59.284181  7.443
 33    61.562 53385.62268585 14.56  91.286420  59.287361  7.443
 33    61.777 53385.62268650 15.55  91.284300  59.290531  7.443
 33    60.974 53385.62269230 16.37  91.265259  59.319122 13.422
 33    61.038 53385.62269294 16.33  91.263149  59.322292 13.422
 33    61.160 53385.62269359 16.39  91.261029  59.325472 13.422
 33    61.060 53385.62269423 22.91  91.258909  59.328642 13.422
 33    61.178 53385.62269488 16.16  91.256789  59.331822 13.422
 33    60.842 53385.62269552 14.08  91.254669  59.334992 13.422
 33    60.841 53385.62269617 13.10  91.252549  59.338172 13.422
 33    60.549 53385.62269681 14.17  91.250429  59.341352 13.422
 33    60.555 53385.62269746 14.29  91.248309  59.344522 13.422
 33    60.487 53385.62269810 15.98  91.246189  59.347702 13.422
 34    60.715 53420.62268665 15.70  91.314322  59.272873  8.966
 34    61.259 53420.62268729 13.82  91.312212  59.276053  8.966
 34    61.455 53420.62268794 12.89  91.310092  59.279223  8.966
 34    61.616 53420.62268858 12.78  91.307982  59.282403  8.966
 34    61.072 53420.62269116 12.21  91.299532  59.295113  8.966
 34    60.901 53420.62269181 10.35  91.297422  59.298283  8.966
 34    60.666 53420.62269245 10.43  91.295302  59.301463  8.966
 34    60.665 53420.62269310 10.35  91.293192  59.304633  8.966
 34    60.567 53420.62269374 10.04  91.291079  59.307816  6.358
 34    60.482 53420.62269439 11.16  91.288959  59.310986  6.358
 34    60.869 53420.62269503  9.47  91.286849  59.314166  6.358
 34    60.888 53420.62269567 11.63  91.284729  59.317346  6.358
 34    61.094 53420.62269632 11.00  91.282609  59.320516  6.358
 34    61.004 53420.62269696 13.47  91.280499  59.323696  6.358
 34    60.822 53420.62269761 14.16  91.278379  59.326866  6.358
 34    60.701 53420.62269825 14.30  91.276259  59.330046  6.358
 34    60.587 53420.62269890 14.21  91.274149  59.333226  6.358
 35    61.369 53455.62269522  8.56  91.289258  59.285025  5.605
 35    61.364 53455.62269587  8.48  91.287148  59.288205  5.605
 35    60.192 53455.62270167 13.37  91.268102  59.316784 12.043
 35    60.411 53455.62270231 14.94  91.265982  59.319964 12.043
 35    60.591 53455.62270296 18.55  91.263872  59.323144 12.043
 35    60.512 53455.62270360 24.07  91.261752  59.326314 12.043
 35    60.376 53455.62270425 25.01  91.259632  59.329494 12.043
 35    60.222 53455.62270489 19.20  91.257512  59.332664 12.043
 35    60.053 53455.62270554 15.86  91.255392  59.335844 12.043
 35    60.242 53455.62270618 12.84  91.253272  59.339014 12.043
 35    60.229 53455.62270683 13.37  91.251152  59.342194 12.043
 35    60.243 53455.62270747 13.41  91.249032  59.345374 12.043
 35    60.037 53455.62270812 12.50  91.246912  59.348544 12.043
 36    60.169 53490.62278068 23.80  91.287862  59.285609 17.394
 36    63.565 53490.62278132 21.33  91.285752  59.288789 17.394
 36    59.898 53490.62278712 28.10  91.266726  59.317373 18.945
 36    59.695 53490.62278777 26.94  91.264606  59.320543 18.945
 36    59.845 53490.62278841 29.08  91.262486  59.323723 18.945
 36    59.803 53490.62278906 28.95  91.260376  59.326903 18.945
 36    59.791 53490.62278970 31.72  91.258256  59.330073 18.945
 36    59.824 53490.62279035 28.41  91.256136  59.333253 18.945
 36    59.853 53490.62279099 32.55  91.254016  59.336423 18.945
 36    59.811 53490.62279164 36.00  91.251896  59.339603 18.945
 36    59.766 53490.62279228 39.55  91.249786  59.342773 18.945
 36    59.709 53490.62279293 35.79  91.247666  59.345953 18.945
 36    59.661 53490.62279357 31.31  91.245546  59.349133 18.945
 37    64.732 53525.62276288 23.22  91.305137  59.279160  8.724
 37    58.504 53525.62276352 23.78  91.303027  59.282340  8.724
 37    58.383 53525.62276804 37.12  91.288237  59.304580  8.724
 37    58.463 53525.62276868 41.48  91.286120  59.307755 24.770
 37    58.345 53525.62276933 43.67  91.284000  59.310925 24.770
 37    58.294 53525.62276997 45.92  91.281890  59.314105 24.770
 37    58.295 53525.62277062 45.13  91.279770  59.317285 24.770
 37    58.257 53525.62277126 46.84  91.277660  59.320455 24.770
 37    58.218 53525.62277191 47.86  91.275540  59.323635 24.770
 37    58.131 53525.62277255 50.40  91.273420  59.326805 24.770
 37    58.040 53525.62277319 48.98  91.271310  59.329985 24.770
 37    58.108 53525.62277384 50.71  91.269190  59.333165 24.770
 37    57.934 53525.62277448 48.61  91.267070  59.336335 24.770
 37    70.984 53525.62277513 36.75  91.264950  59.339515 24.770
 38    57.910 53560.62279124 24.84  91.296722  59.281258  8.212
 38    57.918 53560.62279188 25.72  91.294612  59.284438  8.212
 38    57.851 53560.62279252 37.16  91.292502  59.287608  8.212
 38    57.551 53560.62279768 27.62  91.275587  59.313024 14.069
 38    57.607 53560.62279833 28.89  91.273477  59.316194 14.069
 38    57.572 53560.62279897 37.25  91.271357  59.319374 14.069
 38    57.600 53560.62279962 38.54  91.269247  59.322554 14.069
 38    57.507 53560.62280026 40.93  91.267127  59.325724 14.069
 38    57.273 53560.62280091 29.78  91.265007  59.328904 14.069
 38    57.189 53560.62280155 27.61  91.262897  59.332084 14.069
 38    57.193 53560.62280219 27.60  91.260777  59.335254 14.069
 38    57.379 53560.62280284 27.19  91.258657  59.338434 14.069
 38    57.486 53560.62280348 28.50  91.256537  59.341604 14.069
 38    57.474 53560.62280413 27.47  91.254417  59.344784 14.069
 38    57.040 53560.62280477 25.86  91.252307  59.347964 14.069
 39    57.813 53595.62272686 42.08  91.321009  59.269923 36.364
 39    57.926 53595.62272750 43.14  91.318899  59.273093 36.364
 39    57.960 53595.62272815 44.51  91.316789  59.276273 36.364
 39    57.924 53595.62272879 43.60  91.314679  59.279443 36.364
 39    57.900 53595.62272944 45.45  91.312569  59.282623 36.364
 39    57.800 53595.62273073 44.75  91.308349  59.288983 36.364
 39    57.725 53595.62273137 43.18  91.306239  59.292153 36.364
 39    57.702 53595.62273202 41.30  91.304129  59.295333 36.364
 39    57.647 53595.62273266 40.75  91.302009  59.298503 36.364
 39    57.544 53595.62273331 46.06  91.299899  59.301683 36.364
 39    57.545 53595.62273395 47.18  91.297779  59.304863 36.364
 39    57.539 53595.62273459 42.77  91.295671  59.308039 14.510
 39    57.560 53595.62273524 40.16  91.293551  59.311209 14.510
 39    57.511 53595.62273588 39.80  91.291441  59.314389 14.510
 39    57.461 53595.62273653 38.69  91.289331  59.317569 14.510
 39    57.415 53595.62273717 39.66  91.287211  59.320739 14.510
 39    57.361 53595.62273782 37.54  91.285091  59.323919 14.510
 39    57.303 53595.62273846 36.11  91.282981  59.327089 14.510
 40    57.612 53630.62272475 42.96  91.279051  59.285880 14.310
 40    57.579 53630.62272540 42.91  91.276931  59.289060 14.310
 40    57.363 53630.62272604 46.29  91.274821  59.292230 14.310
 40    57.075 53630.62273249 52.88  91.253657  59.323990 32.812
 40    57.068 53630.62273313 54.11  91.251537  59.327170 32.812
 40    57.056 53630.62273378 48.15  91.249417  59.330340 32.812
 40    57.056 53630.62273442 51.54  91.247297  59.333520 32.812
 40    57.057 53630.62273507 52.33  91.245177  59.336690 32.812
 40    57.058 53630.62273571 52.28  91.243057  59.339870 32.812
 40    57.046 53630.62273636 47.69  91.240937  59.343040 32.812
 40    56.957 53630.62273700 46.51  91.238817  59.346220 32.812
 40    56.960 53630.62273765 53.37  91.236697  59.349400 32.812
 41    57.344 53665.62274707 56.02  91.293709  59.283287 26.313
 41    57.318 53665.62274771 54.96  91.291599  59.286457 26.313
 41    57.221 53665.62275351 51.63  91.272566  59.315050 40.149
 41    57.175 53665.62275416 51.14  91.270456  59.318220 40.149
 41    57.107 53665.62275480 49.12  91.268336  59.321400 40.149
 41    56.957 53665.62275545 50.60  91.266216  59.324570 40.149
 41    56.943 53665.62275609 52.57  91.264096  59.327750 40.149
 41    56.924 53665.62275674 51.14  91.261986  59.330930 40.149
 41    56.897 53665.62275738 51.85  91.259866  59.334100 40.149
 41    56.858 53665.62275803 51.91  91.257746  59.337280 40.149
 41    56.818 53665.62275867 52.05  91.255626  59.340450 40.149
 41    56.779 53665.62275932 52.56  91.253506  59.343630 40.149
 41    56.736 53665.62275996 44.95  91.251386  59.346800 40.149
 42    57.088 53700.62269782 47.48  91.312049  59.274359 45.938
 42    57.048 53700.62269847 46.06  91.309939  59.277539 45.938
 42    57.011 53700.62269911 40.82  91.307829  59.280719 45.938
 42    56.727 53700.62270234 50.23  91.297269  59.296599 45.938
 42    56.700 53700.62270298 43.95  91.295149  59.299769 45.938
 42    56.677 53700.62270363 42.20  91.293039  59.302949 45.938
 42    56.682 53700.62270427 42.47  91.290919  59.306129 45.938
 42    56.738 53700.62270491 45.71  91.288809  59.309299 45.938
 42    56.692 53700.62270556 45.75  91.286699  59.312479 45.938
 42    56.634 53700.62270620 45.10  91.284579  59.315649 45.938
 42    56.614 53700.62270685 47.39  91.282461  59.318832 21.081
 42    56.530 53700.62270749 49.91  91.280351  59.322002 21.081
 42    56.446 53700.62270814 49.45  91.278231  59.325182 21.081
 42    56.340 53700.62270878 47.97  91.276121  59.328362 21.081
 42    56.286 53700.62270943 46.78  91.274001  59.331532 21.081
 42    56.224 53700.62271007 37.69  91.271881  59.334712 21.081
 43    60.790 53735.62261918 22.62  91.324192  59.272651 12.575
 43    60.880 53735.62261983 21.57  91.322092  59.275831 12.575
 43    60.742 53735.62262047 21.10  91.319982  59.279011 12.575
 43    60.694 53735.62262112 20.21  91.317862  59.282181 12.575
 43    60.564 53735.62262176 20.11  91.315752  59.285361 12.575
 43    60.713 53735.62262240 21.78  91.313642  59.288541 12.575
 43    60.699 53735.62262305 26.16  91.311532  59.291711 12.575
 43    60.299 53735.62262369 20.46  91.309422  59.294891 12.575
 43    60.225 53735.62262434 19.09  91.307312  59.298061 12.575
 43    60.211 53735.62262498 17.11  91.305202  59.301241 12.575
 43    60.197 53735.62262563 17.71  91.303082  59.304421 12.575
 44    60.509 53770.62261093 16.86  91.304521  59.278913  7.526
 44    60.570 53770.62261157 17.84  91.302411  59.282083  7.526
 44    60.011 53770.62261609 18.73  91.287611  59.304323  7.526
 44    59.947 53770.62261673 19.68  91.285501  59.307493  7.526
 44    59.880 53770.62261738 19.38  91.283381  59.310673  7.526
 44    59.847 53770.62261802 19.34  91.281271  59.313853  7.526
 44    59.849 53770.62261866 20.38  91.279151  59.317023  7.526
 44    59.790 53770.62261931 22.89  91.277040  59.320203  7.003
 44    59.764 53770.62261995 22.93  91.274920  59.323383  7.003
 44    59.823 53770.62262060 23.53  91.272800  59.326553  7.003
 44    59.813 53770.62262124 22.00  91.270680  59.329733  7.003
 44    59.710 53770.62262189 21.07  91.268570  59.332903  7.003
 44    59.485 53770.62262253 19.68  91.266450  59.336083  7.003
 44    59.260 53770.62262318 18.08  91.264330  59.339253  7.003
 45    59.942 53805.62260151 17.19  91.320066  59.269998  6.766
 45    60.015 53805.62260215 16.61  91.317956  59.273178  6.766
 45    60.178 53805.62260280 14.98  91.315846  59.276348  6.766
 45    60.124 53805.62260344 13.67  91.313736  59.279528  6.766
 45    60.059 53805.62260602 12.45  91.305296  59.292228  6.766
 45    59.739 53805.62260666 12.60  91.303186  59.295408  6.766
 45    59.829 53805.62260731 13.33  91.301066  59.298588  6.766
 45    59.805 53805.62260795 13.57  91.298956  59.301758  6.766
 45    59.575 53805.62260860 15.06  91.296846  59.304938  6.766
 45    59.323 53805.62260924 15.96  91.294726  59.308118  6.766
 45    59.339 53805.62260989 16.51  91.292613  59.311293  5.498
 45    59.562 53805.62261053 15.74  91.290503  59.314463  5.498
 45    59.602 53805.62261118 15.89  91.288383  59.317643  5.498
 45    59.585 53805.62261182 16.60  91.286273  59.320823  5.498
 45    59.485 53805.62261247 17.16  91.284153  59.323993  5.498
 45    59.504 53805.62261311 17.71  91.282043  59.327173  5.498
 45    59.416 53805.62261376 18.42  91.279923  59.330343  5.498
 47    61.709 53875.62267130 51.65  91.299370  59.280919 41.795
 47    61.664 53875.62267194 51.67  91.297260  59.284099 41.795
 47    61.424 53875.62267710 48.08  91.280339  59.309502 37.545
 47    61.438 53875.62267774 51.51  91.278229  59.312682 37.545
 47    61.426 53875.62267839 51.26  91.276109  59.315862 37.545
 47    61.353 53875.62267903 51.98  91.273999  59.319032 37.545
 47    61.338 53875.62267968 52.45  91.271879  59.322212 37.545
 47    61.336 53875.62268032 51.41  91.269759  59.325382 37.545
 47    61.291 53875.62268097 51.77  91.267649  59.328562 37.545
 47    61.295 53875.62268161 52.89  91.265529  59.331742 37.545
 47    61.210 53875.62268226 52.16  91.263409  59.334912 37.545
 47    61.196 53875.62268290 52.69  91.261289  59.338092 37.545
 47    61.206 53875.62268355 50.17  91.259169  59.341262 37.545
 47    61.034 53875.62268419 38.54  91.257049  59.344442 37.545
 48    58.744 53910.62271965 34.23  91.290036  59.283259 12.728
 48    58.730 53910.62272029 36.24  91.287926  59.286429 12.728
 48    58.712 53910.62272094 39.79  91.285816  59.289609 12.728
 48    58.433 53910.62272674 51.48  91.266776  59.318201 39.085
 48    58.341 53910.62272739 49.84  91.264666  59.321371 39.085
 48    58.175 53910.62272803 47.92  91.262546  59.324551 39.085
 48    58.162 53910.62272867 51.69  91.260426  59.327721 39.085
 48    58.146 53910.62272932 54.15  91.258306  59.330901 39.085
 48    58.136 53910.62272996 52.48  91.256196  59.334071 39.085
 48    58.134 53910.62273061 53.54  91.254076  59.337251 39.085
 48    58.151 53910.62273125 51.83  91.251956  59.340431 39.085
 48    58.135 53910.62273190 53.16  91.249836  59.343601 39.085
 48    58.086 53910.62273254 52.26  91.247716  59.346781 39.085
 48    58.016 53910.62273319 46.06  91.245596  59.349951 39.085
 49    60.177 53945.62273923 51.78  91.291488  59.284182 24.923
 49    60.070 53945.62273987 52.18  91.289368  59.287362 24.923
 49    59.806 53945.62274567 50.24  91.270348  59.315942 24.923
 49    59.855 53945.62274632 50.89  91.268232  59.319126 29.835
 49    59.766 53945.62274696 45.08  91.266112  59.322296 29.835
 49    59.556 53945.62274761 51.63  91.263992  59.325476 29.835
 49    59.540 53945.62274825 53.42  91.261882  59.328656 29.835
 49    59.570 53945.62274890 50.30  91.259762  59.331826 29.835
 49    59.617 53945.62274954 50.68  91.257642  59.335006 29.835
 49    59.622 53945.62275019 51.04  91.255532  59.338186 29.835
 49    59.585 53945.62275083 52.26  91.253412  59.341356 29.835
 49    59.524 53945.62275148 52.29  91.251292  59.344536 29.835
 49    59.483 53945.62275212 50.35  91.249172  59.347706 29.835
 50    58.949 53980.62268348 23.70  91.309992  59.276183 13.524
 50    58.888 53980.62268412 23.61  91.307882  59.279353 13.524
 50    58.909 53980.62268477 28.46  91.305772  59.282533 13.524
 50    57.422 53980.62268799 26.99  91.295212  59.298413 13.524
 50    56.965 53980.62268863 26.68  91.293102  59.301593 13.524
 50    56.570 53980.62268928 26.69  91.290982  59.304773 13.524
 50    55.918 53980.62268992 26.36  91.288872  59.307943 13.524
 50    55.395 53980.62269057 26.77  91.286762  59.311123 13.524
 50    54.782 53980.62269121 26.91  91.284642  59.314303 13.524
 50    54.318 53980.62269186 26.20  91.282532  59.317473 13.524
 50    54.540 53980.62269250 25.01  91.280412  59.320653 13.524
 50    58.306 53980.62269315 23.80  91.278302  59.323823 13.524
 50    58.603 53980.62269379 26.65  91.276183  59.327006 11.180
 50    58.499 53980.62269444 23.84  91.274063  59.330176 11.180
 50    57.714 53980.62269508 22.90  91.271953  59.333356 11.180
 50    64.051 53980.62269572 23.22  91.269833  59.336536 11.180
 51    57.781 54015.62270538 50.39  91.289020  59.284751 23.399
 51    57.740 54015.62270602 39.86  91.286910  59.287921 23.399
 51    57.421 54015.62271182 51.35  91.267868  59.316510 35.905
 51    57.394 54015.62271247 43.74  91.265748  59.319690 35.905
 51    57.109 54015.62271311 38.49  91.263638  59.322860 35.905
 51    57.043 54015.62271376 38.27  91.261518  59.326040 35.905
 51    57.084 54015.62271440 52.26  91.259398  59.329210 35.905
 51    57.103 54015.62271505 51.81  91.257278  59.332390 35.905
 51    57.119 54015.62271569 50.43  91.255158  59.335560 35.905
 51    57.101 54015.62271634 43.61  91.253038  59.338740 35.905
 51    56.921 54015.62271698 37.16  91.250918  59.341920 35.905
 51    57.071 54015.62271762 50.04  91.248798  59.345090 35.905
 51    57.029 54015.62271827 49.07  91.246678  59.348270 35.905
 52    56.864 54050.62270435 18.98  91.310144  59.276675 11.990
 52    56.929 54050.62270499 18.20  91.308034  59.279855 11.990
 52    57.155 54050.62270564 18.13  91.305924  59.283025 11.990
 52    56.713 54050.62270886 20.02  91.295354  59.298905 11.990
 52    56.742 54050.62270951 20.53  91.293234  59.302085 11.990
 52    56.772 54050.62271015 18.54  91.291124  59.305265 11.990
 52    56.706 54050.62271080 19.37  91.289004  59.308435 11.990
 52    56.672 54050.62271144 18.26  91.286894  59.311615 11.990
 52    56.826 54050.62271209 16.36  91.284774  59.314785 11.990
 52    56.739 54050.62271273 17.36  91.282664  59.317965 11.990
 52    56.583 54050.62271338 20.10  91.280544  59.321145 11.990
 52    56.548 54050.62271402 20.77  91.278434  59.324315 11.990
 52    56.639 54050.62271466 18.20  91.276312  59.327495  9.569
 52    56.429 54050.62271531 19.29  91.274192  59.330675  9.569
 52    56.259 54050.62271595 17.82  91.272082  59.333845  9.569
 52    56.444 54050.62271660 17.75  91.269962  59.337025  9.569
 53    59.012 54085.62269692 47.93  91.307493  59.278405 49.752
 53    59.005 54085.62269756 43.84  91.305383  59.281575 49.752
 53    59.007 54085.62270143 43.78  91.292713  59.300635 49.752
 53    59.002 54085.62270208 43.74  91.290593  59.303815 49.752
 53    58.992 54085.62270272 45.41  91.288483  59.306985 49.752
 53    58.994 54085.62270337 45.11  91.286373  59.310165 49.752
 53    58.978 54085.62270401 41.51  91.284253  59.313345 49.752
 53    58.970 54085.62270466 43.16  91.282133  59.316515 49.752
 53    58.961 54085.62270530 44.97  91.280023  59.319695 49.752
 53    58.952 54085.62270595 44.74  91.277903  59.322865 49.752
 53    58.930 54085.62270659 36.95  91.275789  59.326046 13.358
 53    58.836 54085.62270723 34.87  91.273679  59.329226 13.358
 53    58.727 54085.62270788 32.52  91.271559  59.332396 13.358
 53    58.581 54085.62270852 29.97  91.269439  59.335576 13.358
 53    58.382 54085.62270917 28.59  91.267319  59.338746 13.358
 54    62.639 54120.62262184 33.83  91.323098  59.271390 15.113
 54    62.428 54120.62262248 26.39  91.320988  59.274570 15.113
 54    62.072 54120.62262313 22.31  91.318878  59.277750 15.113
 54    61.611 54120.62262377 21.13  91.316768  59.280930 15.113
 54    61.584 54120.62262442 20.74  91.314658  59.284100 15.113
 54    61.511 54120.62262506 24.06  91.312548  59.287280 15.113
 54    61.708 54120.62262571 38.30  91.310438  59.290460 15.113
 54    61.608 54120.62262635 27.13  91.308328  59.293630 15.113
 54    61.430 54120.62262700 18.24  91.306208  59.296810 15.113
 54    61.418 54120.62262764 17.03  91.304098  59.299980 15.113
 54    61.329 54120.62262829 17.21  91.301988  59.303160 15.113
 54    61.216 54120.62262893 17.62  91.299878  59.306340 15.113
 55    61.665 54155.62265555 17.24  91.301417  59.279047  7.787
 55    61.200 54155.62265620 16.36  91.299307  59.282227  7.787
 55    60.905 54155.62265684 18.17  91.297197  59.285397  7.787
 55    58.788 54155.62266135 18.88  91.282397  59.307637  7.787
 55    60.463 54155.62266200 18.82  91.280277  59.310807  7.787
 55    60.689 54155.62266264 16.95  91.278167  59.313987  7.787
 55    60.883 54155.62266329 16.08  91.276047  59.317157  7.787
 55    60.915 54155.62266393 15.62  91.273934  59.320339  8.073
 55    60.939 54155.62266458 15.54  91.271814  59.323519  8.073
 55    60.939 54155.62266522 15.45  91.269704  59.326689  8.073
 55    60.816 54155.62266587 15.88  91.267584  59.329869  8.073
 55    60.661 54155.62266651 16.09  91.265464  59.333039  8.073
 55    60.754 54155.62266716 15.41  91.263344  59.336219  8.073
 55    60.835 54155.62266780 14.80  91.261234  59.339399  8.073
 55    60.939 54155.62266845 14.45  91.259114  59.342569  8.073
 56    62.400 54190.62261873 24.37  91.319648  59.270118  7.968
 56    62.068 54190.62261938 16.84  91.317538  59.273298  7.968
 56    61.797 54190.62262002 16.60  91.315428  59.276468  7.968
 56    61.766 54190.62262067 15.94  91.313318  59.279648  7.968
 56    61.617 54190.62262325 15.54  91.304866  59.292349  5.566
 56    61.612 54190.62262389 15.39  91.302756  59.295529  5.566
 56    61.577 54190.62262453 14.76  91.300646  59.298709  5.566
 56    61.484 54190.62262518 15.20  91.298536  59.301879  5.566
 56    61.399 54190.62262582 15.80  91.296416  59.305059  5.566
 56    61.368 54190.62262647 15.68  91.294306  59.308239  5.566
 56    61.336 54190.62262711 16.63  91.292196  59.311409  5.566
 56    61.372 54190.62262776 15.96  91.290076  59.314589  5.566
 56    61.483 54190.62262840 15.26  91.287966  59.317759  5.566
 56    61.446 54190.62262905 15.64  91.285846  59.320939  5.566
 56    61.526 54190.62262969 15.64  91.283736  59.324119  5.566
 56    61.481 54190.62263034 15.61  91.281616  59.327289  5.566
 56    61.366 54190.62263098 16.01  91.279506  59.330469  5.566
 57    66.285 54225.62266731 23.01  91.297002  59.281388 14.860
 57    65.536 54225.62266796 22.20  91.294892  59.284558 14.860
 57    61.371 54225.62267376 22.64  91.275862  59.313148 14.860
 57    61.291 54225.62267441 23.92  91.273752  59.316328 14.860
 57    61.296 54225.62267505 23.49  91.271632  59.319498 14.860
 57    61.331 54225.62267570 24.53  91.269512  59.322678 14.860
 57    61.465 54225.62267634 24.29  91.267402  59.325848 14.860
 57    61.294 54225.62267698 25.24  91.265282  59.329028 14.860
 57    61.543 54225.62267763 22.27  91.263162  59.332208 14.860
 57    60.966 54225.62267827 22.07  91.261042  59.335378 14.860
 57    70.668 54225.62267892 21.08  91.258922  59.338555 13.164
 57    70.862 54225.62267956 18.97  91.256802  59.341735 13.164
 57    70.628 54225.62268021 18.64  91.254692  59.344905 13.164
 57    64.186 54225.62268085 18.37  91.252572  59.348085 13.164
 58    59.271 54260.62268696 38.30  91.301906  59.278756 37.426
 58    59.182 54260.62268760 37.80  91.299796  59.281936 37.426
 58    59.207 54260.62268825 46.19  91.297686  59.285116 37.426
 58    59.085 54260.62269276 49.42  91.282886  59.307346 37.426
 58    59.028 54260.62269341 50.87  91.280766  59.310526 37.426
 58    59.012 54260.62269405 51.54  91.278656  59.313696 37.426
 58    58.943 54260.62269469 52.04  91.276536  59.316876 37.426
 58    58.970 54260.62269534 52.32  91.274416  59.320056 37.426
 58    58.928 54260.62269598 52.43  91.272306  59.323226 37.426
 58    58.770 54260.62269663 54.10  91.270186  59.326406 37.426
 58    58.713 54260.62269727 52.49  91.268066  59.329586 37.426
 58    58.755 54260.62269792 53.01  91.265956  59.332756 37.426
 58    58.777 54260.62269856 53.33  91.263836  59.335936 37.426
 58    58.794 54260.62269921 51.09  91.261716  59.339106 37.426
 58    58.733 54260.62269985 44.05  91.259592  59.342285  9.425
 59    58.225 54295.62269092 44.83  91.302984  59.279664 36.774
 59    58.201 54295.62269156 46.62  91.300874  59.282844 36.774
 59    57.852 54295.62269608 36.39  91.286084  59.305074 36.774
 59    57.765 54295.62269672 36.09  91.283964  59.308254 36.774
 59    57.772 54295.62269737 40.17  91.281854  59.311424 36.774
 59    57.833 54295.62269801 43.85  91.279734  59.314604 36.774
 59    57.820 54295.62269866 45.58  91.277624  59.317784 36.774
 59    57.793 54295.62269930 47.89  91.275504  59.320954 36.774
 59    57.721 54295.62269994 51.41  91.273384  59.324134 36.774
 59    57.607 54295.62270059 51.95  91.271274  59.327304 36.774
 59    57.610 54295.62270123 50.35  91.269154  59.330484 36.774
 59    57.629 54295.62270188 50.72  91.267034  59.333664 36.774
 59    57.635 54295.62270252 51.97  91.264914  59.336834 36.774
 59    57.521 54295.62270317 44.77  91.262798  59.340012 14.052
 60    57.491 54330.62268248 37.41  91.310540  59.276465 20.098
 60    57.769 54330.62268313 36.16  91.308428  59.279635 37.277
 60    57.915 54330.62268377 37.88  91.306318  59.282815 37.277
 60    57.724 54330.62268699 49.11  91.295758  59.298695 37.277
 60    57.693 54330.62268764 48.84  91.293648  59.301875 37.277
 60    57.682 54330.62268828 48.65  91.291528  59.305055 37.277
 60    57.649 54330.62268893 49.79  91.289418  59.308225 37.277
 60    57.609 54330.62268957 50.35  91.287298  59.311405 37.277
 60    57.565 54330.62269022 51.75  91.285188  59.314575 37.277
 60    57.529 54330.62269086 51.98  91.283068  59.317755 37.277
 60    57.492 54330.62269151 51.77  91.280958  59.320935 37.277
 60    57.438 54330.62269215 50.61  91.278838  59.324105 37.277
 60    57.414 54330.62269280 50.47  91.276718  59.327285 37.277
 60    57.339 54330.62269344 48.30  91.274608  59.330455 37.277
 60    57.313 54330.62269408 44.05  91.272488  59.333635 37.277
 60    57.263 54330.62269473 35.73  91.270368  59.336815 37.277
 61    57.608 54365.62262491 35.35  91.320562  59.268427 24.546
 61    57.500 54365.62262556 26.40  91.318452  59.271607 24.546
 61    56.785 54365.62262620 22.88  91.316342  59.274787 24.546
 61    57.145 54365.62262685 19.52  91.314232  59.277957 24.546
 61    57.539 54365.62262749 21.72  91.312122  59.281137 24.546
 61    57.284 54365.62263007 24.10  91.303685  59.293840 28.499
 61    57.227 54365.62263071 22.82  91.301565  59.297020 28.499
 61    57.192 54365.62263136 23.78  91.299455  59.300200 28.499
 61    57.332 54365.62263200 29.45  91.297345  59.303370 28.499
 61    57.205 54365.62263265 40.49  91.295235  59.306550 28.499
 61    57.174 54365.62263329 45.50  91.293115  59.309730 28.499
 61    57.218 54365.62263394 45.60  91.291005  59.312900 28.499
 61    57.250 54365.62263458 45.11  91.288885  59.316080 28.499
 61    57.179 54365.62263523 42.74  91.286775  59.319250 28.499
 61    57.088 54365.62263587 42.41  91.284655  59.322430 28.499
 61    56.972 54365.62263652 41.18  91.282545  59.325610 28.499
 61    56.876 54365.62263716 39.92  91.280425  59.328780 28.499
 62    55.850 54400.62262504 32.73  91.303188  59.280242 28.273
 62    56.305 54400.62262568 28.38  91.301078  59.283422 28.273
 62    56.881 54400.62263019 30.39  91.286280  59.305649 33.376
 62    56.959 54400.62263084 33.27  91.284170  59.308829 33.376
 62    56.753 54400.62263148 35.05  91.282050  59.312009 33.376
 62    56.757 54400.62263213 35.35  91.279940  59.315179 33.376
 62    56.691 54400.62263277 34.35  91.277820  59.318359 33.376
 62    56.680 54400.62263342 33.76  91.275710  59.321529 33.376
 62    56.732 54400.62263406 36.19  91.273590  59.324709 33.376
 62    56.712 54400.62263471 39.54  91.271470  59.327889 33.376
 62    56.715 54400.62263535 45.38  91.269350  59.331059 33.376
 62    56.691 54400.62263600 47.93  91.267240  59.334239 33.376
 62    56.615 54400.62263664 45.69  91.265120  59.337409 33.376
 62    56.436 54400.62263729 37.38  91.263000  59.340589 33.376
 63    56.989 54435.62258053 46.18  91.315518  59.271970 38.898
 63    56.871 54435.62258117 44.90  91.313408  59.275150 38.898
 63    56.844 54435.62258182 44.72  91.311298  59.278320 38.898
 63    56.796 54435.62258246 34.99  91.309188  59.281500 38.898
 63    56.768 54435.62258568 40.78  91.298628  59.297379 31.611
 63    56.736 54435.62258633 38.12  91.296518  59.300559 31.611
 63    56.749 54435.62258697 40.34  91.294398  59.303739 31.611
 63    56.723 54435.62258762 39.08  91.292288  59.306909 31.611
 63    56.676 54435.62258826 37.28  91.290178  59.310089 31.611
 63    56.595 54435.62258891 35.76  91.288058  59.313269 31.611
 63    56.552 54435.62258955 38.11  91.285948  59.316439 31.611
 63    56.431 54435.62259020 35.87  91.283828  59.319619 31.611
 63    56.321 54435.62259084 36.26  91.281718  59.322789 31.611
 63    56.133 54435.62259149 35.68  91.279598  59.325969 31.611
 63    56.059 54435.62259213 32.59  91.277478  59.329149 31.611
 63    55.936 54435.62259278 30.53  91.275368  59.332319 31.611
 64    61.406 54470.62260905 16.33  91.298689  59.280021  9.929
 64    61.413 54470.62260969 13.18  91.296569  59.283201  9.929
 64    61.316 54470.62261034 11.74  91.294457  59.286376  6.365
 64    60.864 54470.62261485 12.08  91.279657  59.308606  6.365
 64    60.792 54470.62261550 13.10  91.277537  59.311786  6.365
 64    60.789 54470.62261614 12.84  91.275427  59.314956  6.365
 64    60.679 54470.62261678 13.77  91.273307  59.318136  6.365
 64    60.602 54470.62261743 14.48  91.271197  59.321306  6.365
 64    60.599 54470.62261807 15.44  91.269077  59.324486  6.365
 64    60.658 54470.62261872 14.35  91.266957  59.327666  6.365
 64    60.623 54470.62261936 13.87  91.264837  59.330836  6.365
 64    60.530 54470.62262001 13.88  91.262717  59.334016  6.365
 64    60.459 54470.62262065 14.61  91.260597  59.337186  6.365
 64    60.326 54470.62262130 15.67  91.258487  59.340366  6.365
 64    60.405 54470.62262194 15.07  91.256367  59.343536  6.365
 64    60.508 54470.62262259 15.22  91.254247  59.346716  6.365
 65    61.533 54505.62259345 17.00  91.317916  59.269727  7.143
 65    61.762 54505.62259410 15.85  91.315806  59.272907  7.143
 65    61.919 54505.62259474 14.68  91.313696  59.276087  7.143
 65    61.720 54505.62259539 14.04  91.311586  59.279257  7.143
 65    61.736 54505.62259603 12.55  91.309476  59.282437  7.143
 65    61.516 54505.62259861 10.08  91.301026  59.295147  7.143
 65    61.450 54505.62259926  9.74  91.298914  59.298325  5.418
 65    61.397 54505.62259990  9.94  91.296794  59.301495  5.418
 65    61.364 54505.62260055 10.12  91.294684  59.304675  5.418
 65    61.184 54505.62260119 11.84  91.292574  59.307845  5.418
 65    60.978 54505.62260183 12.55  91.290454  59.311025  5.418
 65    61.204 54505.62260248 11.75  91.288344  59.314205  5.418
 65    61.136 54505.62260312 11.46  91.286224  59.317375  5.418
 65    61.019 54505.62260377 12.55  91.284114  59.320555  5.418
 65    61.101 54505.62260441 12.86  91.281994  59.323735  5.418
 65    60.891 54505.62260506 14.23  91.279884  59.326905  5.418
 65    60.912 54505.62260570 13.92  91.277764  59.330085  5.418
 65    60.653 54505.62260635 15.29  91.275654  59.333255  5.418
 66    60.997 54540.62262352 12.04  91.305087  59.278638  6.530
 66    60.995 54540.62262417 11.66  91.302977  59.281818  6.530
 66    60.698 54540.62262868 11.17  91.288187  59.304052  6.289
 66    60.758 54540.62262932 11.68  91.286067  59.307232  6.289
 66    60.464 54540.62262997 12.72  91.283957  59.310402  6.289
 66    60.544 54540.62263061 12.05  91.281837  59.313582  6.289
 66    60.530 54540.62263126 12.51  91.279727  59.316752  6.289
 66    60.456 54540.62263190 12.76  91.277607  59.319932  6.289
 66    60.470 54540.62263255 13.83  91.275487  59.323112  6.289
 66    60.400 54540.62263319 14.18  91.273377  59.326282  6.289
 66    60.354 54540.62263384 14.20  91.271257  59.329462  6.289
 66    60.429 54540.62263448 14.31  91.269137  59.332632  6.289
 66    60.338 54540.62263512 13.80  91.267027  59.335812  6.289
 66    60.311 54540.62263577 14.00  91.264907  59.338992  6.289
 67    61.048 54575.62259501 11.91  91.318510  59.270551  4.053
 67    64.981 54575.62259566 10.46  91.316400  59.273731  4.053
 67    63.391 54575.62259630 10.24  91.314300  59.276901  4.053
 67    62.942 54575.62259695  9.55  91.312180  59.280081  4.053
 67    60.978 54575.62259952  8.00  91.303740  59.292791  4.053
 67    61.076 54575.62260017  7.54  91.301630  59.295961  4.053
 67    65.537 54575.62260081  7.61  91.299510  59.299141  4.053
 67    64.797 54575.62260146  7.14  91.297400  59.302321  4.053
 67    63.375 54575.62260210  7.49  91.295283  59.305499  3.560
 67    63.282 54575.62260275  8.34  91.293173  59.308669  3.560
 67    60.593 54575.62260339  8.25  91.291063  59.311849  3.560
 67    60.482 54575.62260404  8.97  91.288943  59.315019  3.560
 67    60.651 54575.62260468  8.24  91.286833  59.318199  3.560
 67    60.350 54575.62260533  8.43  91.284713  59.321379  3.560
 67    60.219 54575.62260597  8.63  91.282603  59.324549  3.560
 67    60.186 54575.62260662  8.99  91.280483  59.327729  3.560
 67    60.071 54575.62260726  9.20  91.278363  59.330909  3.560
 68    65.145 54610.62261570 22.92  91.303806  59.278571 15.285
 68    65.107 54610.62261635 21.43  91.301696  59.281751 15.285
 68    64.186 54610.62261699 24.20  91.299586  59.284921 15.285
 68    60.377 54610.62262150 17.86  91.284787  59.307158 13.088
 68    60.185 54610.62262215 18.78  91.282677  59.310338 13.088
 68    60.488 54610.62262279 17.66  91.280557  59.313508 13.088
 68    60.472 54610.62262344 18.28  91.278437  59.316688 13.088
 68    60.978 54610.62262408 17.47  91.276327  59.319858 13.088
 68    59.389 54610.62262473 21.16  91.274207  59.323038 13.088
 68    59.101 54610.62262537 28.93  91.272097  59.326218 13.088
 68    60.981 54610.62262602 25.14  91.269977  59.329388 13.088
 68    64.046 54610.62262666 20.44  91.267857  59.332568 13.088
 68    71.427 54610.62262731 22.76  91.265737  59.335738 13.088
 68    71.379 54610.62262795 30.53  91.263617  59.338918 13.088
 68    72.817 54610.62262860 27.43  91.261507  59.342098 13.088
 69    60.566 54645.62262324 17.25  91.302596  59.279363  9.165
 69    57.880 54645.62262388 23.12  91.300486  59.282533  9.165
 69    55.644 54645.62262904 21.67  91.283577  59.307948  8.178
 69    56.101 54645.62262968 21.54  91.281467  59.311128  8.178
 69    56.935 54645.62263033 22.22  91.279347  59.314298  8.178
 69    57.091 54645.62263097 21.91  91.277227  59.317478  8.178
 69    57.359 54645.62263162 22.85  91.275117  59.320648  8.178
 69    57.499 54645.62263226 25.77  91.272997  59.323828  8.178
 69    57.349 54645.62263291 25.23  91.270887  59.327008  8.178
 69    57.038 54645.62263355 23.97  91.268767  59.330178  8.178
 69    56.917 54645.62263420 22.66  91.266647  59.333358  8.178
 69    70.979 54645.62263484 22.53  91.264527  59.336528  8.178
 69    71.272 54645.62263549 22.91  91.262407  59.339708  8.178
 69    56.996 54645.62263613 22.65  91.260297  59.342888  8.178
 70    57.633 54680.62262424 29.17  91.304570  59.277862 21.837
 70    57.533 54680.62262488 27.46  91.302460  59.281042 21.837
 70    57.517 54680.62262553 25.84  91.300350  59.284212 21.837
 70    57.413 54680.62263004 24.09  91.285559  59.306448 10.867
 70    57.343 54680.62263069 21.10  91.283439  59.309628 10.867
 70    57.142 54680.62263133 19.94  91.281329  59.312798 10.867
 70    57.193 54680.62263198 21.05  91.279209  59.315978 10.867
 70    57.000 54680.62263262 22.64  91.277099  59.319158 10.867
 70    56.949 54680.62263326 25.67  91.274979  59.322328 10.867
 70    57.137 54680.62263391 25.77  91.272859  59.325508 10.867
 70    56.868 54680.62263455 28.36  91.270749  59.328688 10.867
 70    56.779 54680.62263520 22.73  91.268629  59.331858 10.867
 70    56.316 54680.62263584 22.39  91.266509  59.335038 10.867
 70    56.109 54680.62263649 22.22  91.264389  59.338208 10.867
 70    55.875 54680.62263713 21.98  91.262269  59.341388 10.867
 71    57.530 54715.62257235 47.91  91.321124  59.269387 38.047
 71    57.467 54715.62257299 48.09  91.319014  59.272567 38.047
 71    57.389 54715.62257364 46.11  91.316914  59.275737 38.047
 71    57.312 54715.62257428 41.96  91.314794  59.278917 38.047
 71    57.258 54715.62257493 46.57  91.312684  59.282087 38.047
 71    57.215 54715.62257686 44.70  91.306354  59.291617 38.047
 71    57.218 54715.62257751 44.75  91.304244  59.294797 38.047
 71    57.208 54715.62257815 43.06  91.302134  59.297977 38.047
 71    57.138 54715.62257879 46.66  91.300014  59.301147 38.047
 71    57.143 54715.62257944 47.99  91.297904  59.304327 38.047
 71    57.165 54715.62258008 45.31  91.295794  59.307507 38.047
 71    57.139 54715.62258073 41.79  91.293679  59.310685 13.994
 71    57.080 54715.62258137 42.08  91.291559  59.313855 13.994
 71    57.008 54715.62258202 40.69  91.289449  59.317035 13.994
 71    56.981 54715.62258266 40.43  91.287339  59.320205 13.994
 71    56.929 54715.62258331 36.92  91.285219  59.323385 13.994
 71    56.785 54715.62258395 35.44  91.283099  59.326565 13.994
 71    56.691 54715.62258460 34.77  91.280989  59.329735 13.994
 72    64.091 54750.62259617 22.19  91.295573  59.282868 18.422
 72    64.076 54750.62259681 19.08  91.293453  59.286048 18.422
 72    56.702 54750.62260197 20.02  91.276539  59.311452 11.334
 72    56.758 54750.62260261 19.44  91.274429  59.314632 11.334
 72    56.907 54750.62260326 20.31  91.272309  59.317802 11.334
 72    57.004 54750.62260390 26.44  91.270189  59.320982 11.334
 72    56.907 54750.62260455 31.32  91.268079  59.324162 11.334
 72    56.789 54750.62260519 27.74  91.265959  59.327332 11.334
 72    56.727 54750.62260584 26.19  91.263839  59.330512 11.334
 72    56.562 54750.62260648 24.10  91.261719  59.333682 11.334
 72    56.666 54750.62260713 22.83  91.259599  59.336862 11.334
 72    56.609 54750.62260777 22.62  91.257489  59.340032 11.334
 72    56.694 54750.62260842 22.74  91.255369  59.343212 11.334
 72    62.376 54750.62260906 22.31  91.253249  59.346392 11.334
 73    57.062 54785.62256211 49.96  91.312983  59.273541 46.683
 73    57.023 54785.62256276 48.58  91.310883  59.276711 46.683
 73    56.980 54785.62256340 47.61  91.308763  59.279891 46.683
 73    56.826 54785.62256405 39.39  91.306653  59.283071 46.683
 73    56.644 54785.62256727 47.97  91.296093  59.298951 46.683
 73    56.687 54785.62256792 46.69  91.293983  59.302121 46.683
 73    56.699 54785.62256856 49.57  91.291871  59.305305 29.212
 73    56.676 54785.62256921 48.90  91.289751  59.308475 29.212
 73    56.619 54785.62256985 46.75  91.287641  59.311655 29.212
 73    56.503 54785.62257050 45.12  91.285521  59.314835 29.212
 73    56.396 54785.62257114 46.27  91.283411  59.318005 29.212
 73    56.293 54785.62257178 48.26  91.281291  59.321185 29.212
 73    56.230 54785.62257243 46.75  91.279181  59.324355 29.212
 73    56.177 54785.62257307 45.54  91.277061  59.327535 29.212
 73    56.114 54785.62257372 42.20  91.274941  59.330715 29.212
 73    56.048 54785.62257436 34.89  91.272831  59.333885 29.212
 74    60.899 54820.62258884 16.96  91.298205  59.280101 14.613
 74    60.847 54820.62258948 18.13  91.296085  59.283281 14.613
 74    60.744 54820.62259013 18.70  91.293975  59.286451 14.613
 74    59.725 54820.62259528 15.18  91.277056  59.311865 11.838
 74    59.865 54820.62259593 16.02  91.274946  59.315035 11.838
 74    59.852 54820.62259657 16.19  91.272826  59.318215 11.838
 74    59.746 54820.62259722 18.90  91.270716  59.321395 11.838
 74    59.845 54820.62259786 18.44  91.268596  59.324565 11.838
 74    59.710 54820.62259851 20.09  91.266476  59.327745 11.838
 74    59.694 54820.62259915 19.97  91.264356  59.330915 11.838
 74    59.720 54820.62259980 18.49  91.262236  59.334095 11.838
 74    59.666 54820.62260044 18.04  91.260126  59.337275 11.838
 74    59.659 54820.62260109 17.72  91.258006  59.340445 11.838
 74    59.656 54820.62260173 16.65  91.255886  59.343625 11.838
 74    59.639 54820.62260238 17.70  91.253766  59.346795 11.838
 75    61.937 54855.62255843 14.35  91.313698  59.272490 10.063
 75    61.798 54855.62255907 13.87  91.311588  59.275670 10.063
 75    61.980 54855.62255972 12.03  91.309468  59.278840 10.063
 75    62.044 54855.62256036 11.56  91.307358  59.282020 10.063
 75    61.346 54855.62256358 12.18  91.296798  59.297900 10.063
 75    61.490 54855.62256423 13.33  91.294688  59.301080 10.063
 75    61.741 54855.62256487 13.14  91.292568  59.304260 10.063
 75    61.755 54855.62256552 10.84  91.290458  59.307435  7.102
 75    61.469 54855.62256616 11.54  91.288348  59.310605  7.102
 75    61.691 54855.62256681 11.69  91.286228  59.313785  7.102
 75    61.686 54855.62256745 16.65  91.284118  59.316965  7.102
 75    61.560 54855.62256810 16.60  91.281998  59.320135  7.102
 75    61.300 54855.62256874 12.23  91.279888  59.323315  7.102
 75    61.229 54855.62256939 12.61  91.277768  59.326485  7.102
 75    61.181 54855.62257003 13.55  91.275648  59.329665  7.102
 75    61.131 54855.62257068 13.82  91.273538  59.332845  7.102
 75    61.058 54855.62257132 14.16  91.271418  59.336015  7.102
 76    61.991 54890.62259269  9.63  91.301610  59.280935 11.096
 76    61.845 54890.62259333  9.68  91.299500  59.284115 11.096
 76    60.862 54890.62259785  9.68  91.284708  59.306349  6.430
 76    61.043 54890.62259849 10.58  91.282588  59.309529  6.430
 76    60.920 54890.62259914 10.89  91.280478  59.312699  6.430
 76    61.105 54890.62259978 10.23  91.278358  59.315879  6.430
 76    61.135 54890.62260043 10.03  91.276248  59.319049  6.430
 76    61.015 54890.62260107 11.78  91.274128  59.322229  6.430
 76    61.070 54890.62260171 12.16  91.272008  59.325409  6.430
 76    61.042 54890.62260236 12.55  91.269898  59.328579  6.430
 76    61.003 54890.62260300 12.81  91.267778  59.331759  6.430
 76    60.984 54890.62260365 12.17  91.265658  59.334929  6.430
 76    61.025 54890.62260429 11.65  91.263548  59.338109  6.430
 76    60.864 54890.62260494 12.76  91.261428  59.341279  6.430
 77    62.336 54925.62255629 18.78  91.320163  59.267949 25.002
 77    62.221 54925.62255694 22.42  91.318053  59.271129 25.002
 77    62.379 54925.62255758 13.43  91.315943  59.274299 25.002
 77    62.097 54925.62255823 12.95  91.313833  59.277479 25.002
 77    62.077 54925.62255887 17.31  91.311733  59.280649 25.002
 77    61.965 54925.62256145 19.98  91.303283  59.293359 25.002
 77    61.832 54925.62256210 17.19  91.301173  59.296539 25.002
 77    61.970 54925.62256274 17.05  91.299063  59.299709 25.002
 77    62.030 54925.62256339 20.35  91.296943  59.302889 25.002
 77    61.927 54925.62256403 18.52  91.294833  59.306069 25.002
 77    61.649 54925.62256468 17.69  91.292725  59.309245 18.097
 77    61.814 54925.62256532 16.86  91.290605  59.312415 18.097
 77    61.769 54925.62256596 17.30  91.288495  59.315595 18.097
 77    61.716 54925.62256661 20.82  91.286375  59.318775 18.097
 77    61.715 54925.62256725 17.54  91.284265  59.321945 18.097
 77    61.633 54925.62256790 20.97  91.282145  59.325125 18.097
 77    61.605 54925.62256854 21.08  91.280035  59.328295 18.097
 77    61.606 54925.62256919 19.27  91.277915  59.331475 18.097
 78    66.543 54960.62259144 22.79  91.296780  59.281232 14.340
 78    68.989 54960.62259208 19.77  91.294660  59.284412 14.340
 78    69.461 54960.62259273 19.10  91.292550  59.287582 14.340
 78    61.916 54960.62259788 21.16  91.275630  59.312999 16.154
 78    61.373 54960.62259853 22.15  91.273520  59.316169 16.154
 78    60.504 54960.62259917 24.53  91.271400  59.319349 16.154
 78    60.323 54960.62259982 26.46  91.269290  59.322519 16.154
 78    60.558 54960.62260046 26.39  91.267170  59.325699 16.154
 78    60.423 54960.62260111 30.24  91.265050  59.328879 16.154
 78    60.337 54960.62260175 28.99  91.262930  59.332049 16.154
 78    60.448 54960.62260240 25.49  91.260810  59.335229 16.154
 78    60.641 54960.62260304 24.47  91.258700  59.338399 16.154
 78    60.570 54960.62260368 22.66  91.256580  59.341579 16.154
 78    60.999 54960.62260433 21.00  91.254460  59.344759 16.154
 78    63.099 54960.62260497 20.33  91.252340  59.347929 16.154
 79    65.212 54995.62261246 17.55  91.300634  59.279561 13.889
 79    64.550 54995.62261310 18.64  91.298524  59.282731 13.889
 79    58.839 54995.62261375 22.74  91.296414  59.285911 13.889
 79    60.266 54995.62261826 15.60  91.281611  59.308138 10.233
 79    60.324 54995.62261890 15.43  91.279501  59.311318 10.233
 79    61.008 54995.62261955 13.27  91.277381  59.314498 10.233
 79    61.257 54995.62262019 14.21  91.275271  59.317668 10.233
 79    61.386 54995.62262084 14.77  91.273151  59.320848 10.233
 79    59.296 54995.62262148 18.67  91.271041  59.324028 10.233
 79    61.404 54995.62262213 18.12  91.268921  59.327198 10.233
 79    62.226 54995.62262277 17.74  91.266801  59.330378 10.233
 79    71.056 54995.62262342 16.50  91.264681  59.333548 10.233
 79    71.356 54995.62262406 19.07  91.262571  59.336728 10.233
 79    71.444 54995.62262471 21.76  91.260451  59.339908 10.233
 79    80.222 54995.62262535 14.56  91.258331  59.343078 10.233
 80    57.769 55030.62260229 50.36  91.302702  59.280509 42.998
 80    57.746 55030.62260293 51.56  91.300592  59.283689 42.998
 80    57.537 55030.62260744 51.39  91.285800  59.305924 43.229
 80    57.513 55030.62260809 51.96  91.283680  59.309104 43.229
 80    57.482 55030.62260873 51.06  91.281570  59.312274 43.229
 80    57.460 55030.62260938 52.40  91.279450  59.315454 43.229
 80    57.416 55030.62261002 48.65  91.277340  59.318624 43.229
 80    57.387 55030.62261067 52.27  91.275220  59.321804 43.229
 80    57.309 55030.62261131 52.70  91.273100  59.324984 43.229
 80    57.244 55030.62261196 53.42  91.270990  59.328154 43.229
 80    57.216 55030.62261260 50.85  91.268870  59.331334 43.229
 80    57.198 55030.62261324 51.81  91.266750  59.334504 43.229
 80    57.171 55030.62261389 52.32  91.264640  59.337684 43.229
 80    57.135 55030.62261453 38.79  91.262520  59.340864 43.229
 81    57.687 55065.62259182 34.01  91.309023  59.276473 27.141
 81    57.585 55065.62259247 32.92  91.306913  59.279653 27.141
 81    58.035 55065.62259311 30.88  91.304803  59.282833 27.141
 81    57.876 55065.62259633 37.98  91.294243  59.298713 27.141
 81    57.916 55065.62259698 36.04  91.292123  59.301893 27.141
 81    57.757 55065.62259762 39.93  91.290014  59.305070 30.948
 81    57.773 55065.62259827 43.71  91.287904  59.308240 30.948
 81    57.796 55065.62259891 47.49  91.285784  59.311420 30.948
 81    57.737 55065.62259956 48.22  91.283674  59.314590 30.948
 81    57.780 55065.62260020 47.73  91.281554  59.317770 30.948
 81    57.729 55065.62260085 52.00  91.279434  59.320950 30.948
 81    57.644 55065.62260149 51.24  91.277324  59.324120 30.948
 81    57.533 55065.62260214 54.06  91.275204  59.327300 30.948
 81    57.429 55065.62260278 52.74  91.273084  59.330480 30.948
 81    57.420 55065.62260343 49.29  91.270974  59.333650 30.948
 81    57.378 55065.62260407 39.64  91.268854  59.336830 30.948
 82    58.089 55100.62253252 51.09  91.320300  59.269349 48.508
 82    58.134 55100.62253317 50.45  91.318200  59.272529 48.508
 82    58.049 55100.62253381 49.70  91.316090  59.275709 48.508
 82    57.966 55100.62253445 48.99  91.313980  59.278879 48.508
 82    57.893 55100.62253510 49.17  91.311870  59.282059 48.508
 82    57.840 55100.62253703 51.29  91.305530  59.291589 48.508
 82    57.848 55100.62253768 49.69  91.303420  59.294769 48.508
 82    57.810 55100.62253832 51.96  91.301310  59.297939 48.508
 82    57.803 55100.62253897 49.66  91.299200  59.301119 48.508
 82    57.802 55100.62253961 51.24  91.297080  59.304289 48.508
 82    57.791 55100.62254026 51.39  91.294970  59.307469 48.508
 82    57.771 55100.62254090 48.75  91.292860  59.310649 48.508
 82    57.680 55100.62254155 47.51  91.290743  59.313827 15.864
 82    57.651 55100.62254219 44.92  91.288633  59.316997 15.864
 82    57.625 55100.62254284 42.72  91.286513  59.320177 15.864
 82    57.572 55100.62254348 42.19  91.284403  59.323347 15.864
 82    57.488 55100.62254412 39.63  91.282283  59.326527 15.864
 82    57.408 55100.62254477 37.71  91.280163  59.329707 15.864
 83    57.647 55135.62253792 41.81  91.298702  59.280481 29.474
 83    57.335 55135.62253857 35.69  91.296592  59.283661 29.474
 83    57.285 55135.62253921 29.61  91.294472  59.286841 29.474
 83    57.388 55135.62254373 40.57  91.279679  59.309073 34.064
 83    57.245 55135.62254437 39.67  91.277559  59.312243 34.064
 83    57.154 55135.62254502 37.37  91.275449  59.315423 34.064
 83    57.042 55135.62254566 36.42  91.273329  59.318593 34.064
 83    57.001 55135.62254630 38.78  91.271209  59.321773 34.064
 83    56.959 55135.62254695 40.55  91.269099  59.324953 34.064
 83    56.918 55135.62254759 39.83  91.266979  59.328123 34.064
 83    56.903 55135.62254824 42.38  91.264859  59.331303 34.064
 83    56.882 55135.62254888 41.74  91.262739  59.334473 34.064
 83    56.862 55135.62254953 42.91  91.260619  59.337653 34.064
 83    56.848 55135.62255017 43.00  91.258509  59.340833 34.064
 83    56.792 55135.62255082 35.94  91.256389  59.344003 34.064
 84    59.730 55170.62249874 47.54  91.316881  59.270250 47.178
 84    59.740 55170.62249938 49.28  91.314771  59.273430 47.178
 84    59.722 55170.62250003 49.25  91.312661  59.276600 47.178
 84    59.722 55170.62250067 47.02  91.310551  59.279780 47.178
 84    59.574 55170.62250390 46.84  91.300001  59.295660 47.178
 84    59.573 55170.62250454 41.25  91.297881  59.298840 47.178
 84    59.502 55170.62250518 41.30  91.295771  59.302020 47.178
 84    59.502 55170.62250583 43.12  91.293652  59.305196 27.642
 84    59.503 55170.62250647 43.67  91.291542  59.308366 27.642
 84    59.477 55170.62250712 37.69  91.289432  59.311546 27.642
 84    59.455 55170.62250776 40.98  91.287312  59.314716 27.642
 84    59.452 55170.62250841 43.52  91.285202  59.317896 27.642
 84    59.493 55170.62250905 48.35  91.283082  59.321076 27.642
 84    59.420 55170.62250970 39.74  91.280972  59.324246 27.642
 84    59.335 55170.62251034 33.80  91.278852  59.327426 27.642
 84    59.218 55170.62251099 31.32  91.276732  59.330606 27.642
 84    59.118 55170.62251163 29.04  91.274622  59.333776 27.642
 85    61.542 55205.62253194 21.08  91.296461  59.282884  7.211
 85    61.365 55205.62253259 19.18  91.294341  59.286064  7.211
 85    61.144 55205.62253775 21.59  91.277428  59.311468  8.773
 85    61.130 55205.62253839 21.81  91.275308  59.314648  8.773
 85    61.062 55205.62253904 24.42  91.273198  59.317818  8.773
 85    61.102 55205.62253968 20.42  91.271078  59.320998  8.773
 85    61.091 55205.62254033 21.18  91.268968  59.324178  8.773
 85    61.116 55205.62254097 21.05  91.266848  59.327348  8.773
 85    61.054 55205.62254161 21.26  91.264728  59.330528  8.773
 85    60.916 55205.62254226 19.64  91.262608  59.333698  8.773
 85    60.888 55205.62254290 19.18  91.260488  59.336878  8.773
 85    60.808 55205.62254355 18.38  91.258378  59.340048  8.773
 85    60.414 55205.62254419 18.71  91.256258  59.343228  8.773
 85    60.312 55205.62254484 17.85  91.254138  59.346408  8.773
 86    61.234 55240.62250485 15.24  91.316358  59.271036  6.387
 86    61.345 55240.62250550 14.58  91.314258  59.274206  6.387
 86    61.498 55240.62250614 13.81  91.312138  59.277386  6.387
 86    61.517 55240.62250679 13.93  91.310028  59.280556  6.387
 86    61.141 55240.62251001 14.18  91.299478  59.296446  6.387
 86    61.212 55240.62251066 14.62  91.297358  59.299616  6.387
 86    61.159 55240.62251130 14.78  91.295248  59.302796  6.387
 86    61.142 55240.62251194 15.00  91.293138  59.305976  6.387
 86    61.078 55240.62251259 15.03  91.291024  59.309151  4.469
 86    60.977 55240.62251323 15.45  91.288904  59.312321  4.469
 86    61.075 55240.62251388 15.28  91.286794  59.315501  4.469
 86    61.025 55240.62251452 15.23  91.284684  59.318681  4.469
 86    61.014 55240.62251517 16.40  91.282564  59.321851  4.469
 86    60.985 55240.62251581 16.24  91.280444  59.325031  4.469
 86    60.896 55240.62251646 15.46  91.278334  59.328201  4.469
 86    60.837 55240.62251710 14.96  91.276214  59.331381  4.469
 86    60.489 55240.62251775 14.97  91.274094  59.334561  4.469
 87    60.853 55275.62252497 12.56  91.305070  59.279531  6.626
 87    60.721 55275.62252562 12.39  91.302960  59.282711  6.626
 87    60.404 55275.62253013 14.66  91.288175  59.304946  5.295
 87    60.346 55275.62253077 14.92  91.286055  59.308126  5.295
 87    60.362 55275.62253142 15.16  91.283945  59.311296  5.295
 87    60.356 55275.62253206 15.27  91.281825  59.314476  5.295
 87    60.477 55275.62253271 15.30  91.279715  59.317646  5.295
 87    60.364 55275.62253335 14.70  91.277595  59.320826  5.295
 87    60.347 55275.62253400 15.53  91.275475  59.324006  5.295
 87    60.344 55275.62253464 15.86  91.273365  59.327176  5.295
 87    60.207 55275.62253529 15.29  91.271245  59.330356  5.295
 87    60.182 55275.62253593 15.22  91.269125  59.333526  5.295
 87    60.122 55275.62253658 15.25  91.267015  59.336706  5.295
 87    60.103 55275.62253722 15.36  91.264895  59.339886  5.295
 88    66.059 55310.62248874 19.02  91.319500  59.268645 23.595
 88    65.407 55310.62248938 17.56  91.317390  59.271825 23.595
 88    60.829 55310.62249003 17.50  91.315290  59.275005 23.595
 88    60.721 55310.62249067 17.25  91.313180  59.278175 23.595
 88    60.732 55310.62249131 20.75  91.311060  59.281355 23.595
 88    60.528 55310.62249389 18.40  91.302620  59.294065 23.595
 88    60.500 55310.62249454 16.93  91.300510  59.297235 23.595
 88    60.550 55310.62249518 16.68  91.298390  59.300415 23.595
 88    60.384 55310.62249583 18.56  91.296280  59.303595 23.595
 88    60.519 55310.62249647 16.33  91.294170  59.306774 20.346
 88    60.334 55310.62249712 16.72  91.292050  59.309944 20.346
 88    60.467 55310.62249776 19.98  91.289940  59.313124 20.346
 88    60.420 55310.62249841 18.32  91.287820  59.316294 20.346
 88    60.368 55310.62249905 17.80  91.285710  59.319474 20.346
 88    60.330 55310.62249970 18.10  91.283590  59.322654 20.346
 88    60.300 55310.62250034 21.88  91.281480  59.325824 20.346
 88    60.289 55310.62250098 22.05  91.279360  59.329004 20.346
 88    60.232 55310.62250163 19.21  91.277240  59.332184 20.346
 89    59.975 55345.62249361 51.33  91.306288  59.277165 44.890
 89    60.143 55345.62249426 49.39  91.304178  59.280335 44.890
 89    60.082 55345.62249490 47.52  91.302068  59.283515 44.890
 89    59.753 55345.62249877 49.26  91.289388  59.302575 44.890
 89    59.715 55345.62249941 46.11  91.287278  59.305745 44.890
 89    59.666 55345.62250006 49.85  91.285158  59.308925 44.890
 89    59.785 55345.62250070 50.09  91.283048  59.312105 44.890
 89    59.751 55345.62250135 50.37  91.280928  59.315275 44.890
 89    59.681 55345.62250199 49.73  91.278818  59.318455 44.890
 89    59.625 55345.62250264 51.24  91.276698  59.321635 44.890
 89    59.627 55345.62250328 51.16  91.274578  59.324805 44.890
 89    59.521 55345.62250393 53.19  91.272468  59.327985 44.890
 89    59.522 55345.62250457 51.29  91.270348  59.331155 44.890
 89    59.557 55345.62250522 51.78  91.268227  59.334336 11.851
 89    59.607 55345.62250586 47.21  91.266117  59.337516 11.851
 89    71.318 55345.62250650 37.52  91.263997  59.340686 11.851
 90    59.061 55380.62248636 38.84  91.309417  59.276335 17.623
 90    59.104 55380.62248701 38.54  91.307307  59.279515 17.623
 90    59.017 55380.62248765 43.11  91.305197  59.282685 17.623
 90    58.918 55380.62249087 38.60  91.294637  59.298575 17.623
 90    58.823 55380.62249152 37.49  91.292528  59.301751 27.429
 90    58.777 55380.62249216 41.01  91.290408  59.304921 27.429
 90    58.655 55380.62249281 43.48  91.288298  59.308101 27.429
 90    58.646 55380.62249345 45.56  91.286178  59.311281 27.429
 90    58.606 55380.62249410 44.77  91.284068  59.314451 27.429
 90    58.657 55380.62249474 48.75  91.281948  59.317631 27.429
 90    58.725 55380.62249539 50.52  91.279838  59.320801 27.429
 90    58.615 55380.62249603 50.70  91.277718  59.323981 27.429
 90    58.494 55380.62249668 54.32  91.275598  59.327161 27.429
 90    58.486 55380.62249732 50.85  91.273488  59.330331 27.429
 90    58.527 55380.62249796 47.65  91.271368  59.333511 27.429
 90    58.502 55380.62249861 40.53  91.269258  59.336681 27.429
 91    57.907 55415.62251408 33.83  91.297180  59.280878 19.914
 91    57.882 55415.62251473 32.12  91.295060  59.284058 19.914
 91    57.875 55415.62251537 30.24  91.292950  59.287228 19.914
 91    58.126 55415.62252053 51.37  91.276038  59.312642 38.515
 91    58.074 55415.62252117 50.57  91.273918  59.315812 38.515
 91    57.960 55415.62252182 49.12  91.271798  59.318992 38.515
 91    57.802 55415.62252246 48.79  91.269688  59.322172 38.515
 91    57.767 55415.62252311 53.08  91.267568  59.325342 38.515
 91    57.762 55415.62252375 52.06  91.265448  59.328522 38.515
 91    57.755 55415.62252440 51.79  91.263328  59.331692 38.515
 91    57.751 55415.62252504 53.09  91.261208  59.334872 38.515
 91    57.744 55415.62252569 52.73  91.259098  59.338052 38.515
 91    57.734 55415.62252633 53.34  91.256978  59.341222 38.515
 91    57.734 55415.62252697 46.69  91.254858  59.344402 38.515
 91    57.627 55415.62252762 36.09  91.252738  59.347572 38.515
 92    55.825 55450.62249722 25.21  91.313850  59.272674 13.183
 92    55.450 55450.62249786 25.57  91.311740  59.275854 13.183
 92    55.194 55450.62249851 24.00  91.309630  59.279024 13.183
 92    57.871 55450.62249915 26.29  91.307520  59.282204 13.183
 92    57.346 55450.62250238 20.06  91.296960  59.298084 13.183
 92    57.052 55450.62250302 21.04  91.294850  59.301264 13.183
 92    57.117 55450.62250367 19.24  91.292730  59.304444 13.183
 92    57.341 55450.62250431 20.62  91.290619  59.307621  9.230
 92    57.421 55450.62250496 20.71  91.288509  59.310791  9.230
 92    57.685 55450.62250560 21.08  91.286389  59.313971  9.230
 92    57.503 55450.62250624 19.62  91.284279  59.317141  9.230
 92    57.482 55450.62250689 20.25  91.282159  59.320321  9.230
 92    57.991 55450.62250753 22.34  91.280039  59.323501  9.230
 92    57.253 55450.62250818 30.50  91.277929  59.326671  9.230
 92    57.390 55450.62250882 32.33  91.275809  59.329851  9.230
 92    57.828 55450.62250947 26.70  91.273699  59.333031  9.230
 92    70.933 55450.62251011 22.00  91.271579  59.336201  9.230
 93    57.879 55485.62242135 33.56  91.321301  59.272652 25.770
 93    58.096 55485.62242199 35.22  91.319191  59.275832 25.770
 93    58.013 55485.62242264 38.80  91.317081  59.279002 25.770
 93    57.983 55485.62242328 42.49  91.314971  59.282182 25.770
 93    57.936 55485.62242393 42.47  91.312861  59.285352 25.770
 93    57.788 55485.62242457 37.63  91.310751  59.288532 25.770
 93    57.819 55485.62242521 42.24  91.308641  59.291712 25.770
 93    57.664 55485.62242586 43.85  91.306531  59.294882 25.770
 93    57.667 55485.62242650 46.54  91.304421  59.298062 25.770
 93    57.704 55485.62242715 49.52  91.302311  59.301242 25.770
 93    57.798 55485.62242779 47.17  91.300191  59.304412 25.770
 93    57.604 55485.62242844 38.21  91.298081  59.307592 25.770
 93    57.566 55485.62242908 34.86  91.295971  59.310772 25.770
 93    57.548 55485.62242973 36.58  91.293855  59.313948 13.447
 93    57.490 55485.62243037 35.68  91.291735  59.317118 13.447
 93    57.484 55485.62243102 32.96  91.289625  59.320298 13.447
 93    57.266 55485.62243166 33.73  91.287515  59.323478 13.447
