# NaN NaN NaN ;Mean Elev.(m), Avg Gradient(m/km), RMS Gradient(m/km) - SRTM1     
#  -17.665  -4.523   8.850 ;Mean Elev.(m), Avg Gradient(m/km), RMS Gradient(m/km) - ASTER GDEM
#   10.015  -3.686   6.916 ;Mean Elev.(m), Avg Gradient(m/km), RMS Gradient(m/km) - GMTED2010 
  7    21.161 52456.62177232 10.39  87.738036  64.716699  6.655
  7    21.217 52456.62177297  9.33  87.735116  64.719819  6.655
  7    20.622 52456.62177361  8.49  87.732196  64.722929  6.655
  7    20.230 52456.62177425  8.17  87.729276  64.726039  6.655
  7    18.075 52456.62177490 13.39  87.726356  64.729149  6.655
  7    17.806 52456.62177554 15.05  87.723436  64.732259  6.655
  7    18.864 52456.62177619 14.41  87.720506  64.735369  6.655
  7    20.463 52456.62177683 13.01  87.717586  64.738479  6.655
  7    21.112 52456.62177748 16.40  87.714666  64.741589  6.655
  7    21.044 52456.62177812 24.29  87.711736  64.744699  6.655
 10    10.539 52561.62177325 21.52  87.733675  64.715399  7.516
 10    10.304 52561.62177389 22.78  87.730755  64.718509  7.516
 10    10.181 52561.62177454 22.65  87.727835  64.721619  7.516
 10    14.761 52561.62177518 21.73  87.724915  64.724729  7.516
 10    18.231 52561.62177583 18.20  87.721995  64.727839  7.516
 10    18.752 52561.62177647 18.60  87.719065  64.730949  7.516
 10    21.092 52561.62177905 27.71  87.707374  64.743389 17.324
 12    10.943 52631.62172610 17.78  87.732507  64.713992  6.363
 12    11.115 52631.62172675 18.41  87.729587  64.717102  6.363
 12    11.243 52631.62172739 18.98  87.726667  64.720212  6.363
 12    10.729 52631.62172804 21.96  87.723737  64.723322  6.363
 12    10.693 52631.62172868 19.11  87.720817  64.726432  6.363
 12    10.593 52631.62172932 17.92  87.717897  64.729542  6.363
 12    16.690 52631.62172997 18.07  87.714973  64.732653  3.972
 12    18.188 52631.62173061 17.56  87.712053  64.735763  3.972
 12    19.189 52631.62173126 16.15  87.709123  64.738873  3.972
 12    20.543 52631.62173190 15.42  87.706203  64.741983  3.972
 15    13.010 52736.62175912  8.48  87.745267  64.718495  4.596
 15    18.382 52736.62175976 12.28  87.742347  64.721605  4.596
 15    13.449 52736.62176041 13.51  87.739427  64.724715  4.596
 15    12.673 52736.62176105 13.13  87.736507  64.727825  4.596
 15    14.513 52736.62176170 12.05  87.733587  64.730935  4.596
 15    14.693 52736.62176234 12.00  87.730657  64.734045  4.596
 15    13.151 52736.62176299 12.48  87.727737  64.737165  4.596
 15    18.609 52736.62176363 13.09  87.724817  64.740275  4.596
 15    19.368 52736.62176428 13.24  87.721897  64.743385  4.596
 15    20.465 52736.62176492 11.66  87.718967  64.746495  4.596
 15    20.423 52736.62176557 11.21  87.716047  64.749605  4.596
 16    11.357 52771.62173320 28.10  87.747239  64.722796 17.392
 16    10.540 52771.62173707 24.78  87.729719  64.741456 17.392
 16    10.918 52771.62173771 25.66  87.726789  64.744566 17.392
 16    11.163 52771.62173836 26.45  87.723869  64.747676 17.392
 16    10.855 52771.62173900 28.80  87.720949  64.750786 17.392
 17    17.441 52806.62178221 51.68  87.728519  64.712506 25.301
 17    17.137 52806.62178285 49.84  87.725599  64.715616 25.301
 17    16.978 52806.62178350 50.14  87.722679  64.718726 25.301
 17    16.972 52806.62178414 50.45  87.719759  64.721836 25.301
 17    16.914 52806.62178479 50.34  87.716829  64.724946 25.301
 17    16.894 52806.62178543 52.17  87.713909  64.728056 25.301
 17    16.819 52806.62178608 51.76  87.710989  64.731166 25.301
 17    16.800 52806.62178672 51.38  87.708059  64.734276 25.301
 17    16.736 52806.62178737 52.67  87.705139  64.737386 25.301
 17    16.807 52806.62178801 48.63  87.702209  64.740496 25.301
 18     9.964 52841.62184178 22.15  87.732460  64.714058 14.246
 18     9.786 52841.62184307 23.34  87.726620  64.720278 14.246
 18     8.493 52841.62184435 25.09  87.720780  64.726498 14.246
 19     8.082 52876.62188457 39.16  87.716279  64.734203 16.305
 19     8.091 52876.62188522 36.46  87.713359  64.737313 16.305
 19     7.783 52876.62188586 36.63  87.710429  64.740423 16.305
 20    10.603 52911.62184332 20.76  87.748058  64.724710 12.062
 20    10.957 52911.62184396 17.20  87.745138  64.727820 12.062
 20     8.873 52911.62184461 18.37  87.742218  64.730930 12.062
 20     7.905 52911.62184525 19.29  87.739298  64.734040 12.062
 20     8.574 52911.62184590 19.32  87.736378  64.737150 12.062
 20     8.547 52911.62184654 19.33  87.733458  64.740260 12.062
 20     8.473 52911.62184719 19.34  87.730538  64.743370 12.062
 20     8.501 52911.62184783 21.23  87.727608  64.746480 12.062
 20     8.384 52911.62184848 25.74  87.724688  64.749590 12.062
 20     8.382 52911.62184912 37.49  87.721758  64.752700 12.062
 21     7.957 52946.62179517 42.49  87.730708  64.713922 15.084
 21     7.931 52946.62179581 33.85  87.727788  64.717032 15.084
 21     8.093 52946.62179646 29.01  87.724858  64.720152 15.084
 21     8.201 52946.62179710 30.63  87.721938  64.723262 15.084
 23    54.016 53016.62183187  2.70  87.742517  64.719851  4.588
 23    51.401 53016.62183252  4.24  87.739597  64.722961  4.588
 23    50.425 53016.62183316  3.14  87.736677  64.726071  4.588
 23    48.520 53016.62183381  2.29  87.733757  64.729181  4.588
 23    46.204 53016.62183445  7.27  87.730837  64.732291  4.588
 23    19.059 53016.62183510  9.02  87.727917  64.735411  4.588
 23    19.597 53016.62183574  9.82  87.724997  64.738521  4.588
 23    18.798 53016.62183639 12.12  87.722077  64.741631  4.588
 23    20.121 53016.62183703 11.56  87.719147  64.744741  4.588
 23    19.768 53016.62183768 11.97  87.716227  64.747851  4.588
 24    52.790 53051.62180907  3.62  87.733064  64.714256  5.525
 24    51.828 53051.62180971  2.28  87.730144  64.717376  5.525
 24    52.011 53051.62181036  1.53  87.727224  64.720476  5.525
 24    49.546 53051.62181100  3.63  87.724304  64.723596  5.525
 24    45.748 53051.62181165  5.12  87.721384  64.726696  5.525
 24    18.232 53051.62181229  8.24  87.718464  64.729816  5.525
 24    19.102 53051.62181294  9.49  87.715534  64.732926  5.525
 24    20.435 53051.62181358  9.68  87.712614  64.736036  5.525
 24    20.921 53051.62181422 11.96  87.709684  64.739146  5.525
 24    21.216 53051.62181487 14.10  87.706764  64.742256  5.525
 25    54.509 53086.62184626  2.30  87.737568  64.718453  3.451
 25    54.914 53086.62184691  1.78  87.734648  64.721563  3.451
 25    52.963 53086.62184755  0.87  87.731728  64.724683  3.451
 25    51.615 53086.62184820  0.88  87.728808  64.727793  3.451
 25    49.039 53086.62184884  1.10  87.725888  64.730903  3.451
 25    46.911 53086.62184949  3.61  87.722968  64.734013  3.451
 25    20.018 53086.62185013  9.40  87.720048  64.737123  3.451
 25    20.016 53086.62185078 11.27  87.717128  64.740233  3.451
 25    20.635 53086.62185142 11.77  87.714198  64.743343  3.451
 26    55.069 53121.62181599  1.54  87.731332  64.714862  3.255
 26    53.649 53121.62181663  1.52  87.728412  64.717972  3.255
 26    51.022 53121.62181728  1.92  87.725492  64.721092  3.255
 26    50.263 53121.62181792  1.06  87.722572  64.724202  3.255
 26    48.016 53121.62181857  2.74  87.719652  64.727312  3.255
 26    19.563 53121.62181921  8.07  87.716722  64.730422  3.255
 26    25.202 53121.62181985  7.98  87.713802  64.733532  3.255
 26    20.906 53121.62182050  8.42  87.710882  64.736642  3.255
 26    21.148 53121.62182114 10.84  87.707952  64.739752  3.255
 27    22.172 53156.62187080 24.13  87.731426  64.712825 15.755
 27    21.650 53156.62187145 24.41  87.728506  64.715945 15.755
 27    21.420 53156.62187209 23.06  87.725586  64.719055 15.755
 27    20.804 53156.62187274 23.43  87.722666  64.722165 15.755
 27    20.669 53156.62187338 23.94  87.719746  64.725275 15.755
 27    21.094 53156.62187403 24.58  87.716826  64.728385 15.755
 27    21.786 53156.62187467 24.79  87.713896  64.731495 15.755
 27    22.147 53156.62187532 26.13  87.710976  64.734605 15.755
 27    22.170 53156.62187596 28.92  87.708056  64.737715 15.755
 27    22.502 53156.62187661 32.01  87.705126  64.740825 15.755
 28    12.464 53191.62186452 16.67  87.738031  64.723405 17.111
 28    12.460 53191.62186516 16.12  87.735111  64.726515 17.111
 28    12.707 53191.62186581 14.50  87.732191  64.729625 17.111
 28    12.773 53191.62186645 14.66  87.729271  64.732735 17.111
 28    18.531 53191.62186709 13.71  87.726351  64.735845 17.111
 28    20.897 53191.62186774 11.82  87.723421  64.738955 17.111
 28    21.959 53191.62186838 12.04  87.720501  64.742065 17.111
 28    21.767 53191.62186903 17.92  87.717572  64.745179 31.123
 28    21.407 53191.62186967 22.62  87.714652  64.748289 31.123
 29     9.395 53226.62186750 18.54  87.741033  64.722151 16.538
 29    10.615 53226.62186814 18.27  87.738113  64.725261 16.538
 29    10.669 53226.62186879 16.93  87.735193  64.728371 16.538
 29    10.084 53226.62186943 17.82  87.732273  64.731491 16.538
 29    10.196 53226.62187008 18.01  87.729353  64.734591 16.538
 29    10.051 53226.62187072 19.38  87.726433  64.737711 16.538
 29    10.336 53226.62187137 19.42  87.723503  64.740821 16.538
 29    10.775 53226.62187201 20.66  87.720583  64.743931 16.538
 29    21.159 53226.62187266 19.80  87.717663  64.747041 16.538
 30    24.599 53261.62184110 19.77  87.742821  64.721829 15.879
 30    11.423 53261.62184175 17.46  87.739901  64.724939 15.879
 30    10.960 53261.62184239 17.48  87.736981  64.728049 15.879
 30    11.228 53261.62184304 15.75  87.734061  64.731159 15.879
 30    11.187 53261.62184368 14.86  87.731141  64.734279 15.879
 30    17.287 53261.62184432 14.91  87.728221  64.737389 15.879
 30    19.343 53261.62184497 15.64  87.725301  64.740499 15.879
 30    21.566 53261.62184561 13.49  87.722371  64.743609 15.879
 30    21.338 53261.62184626 16.42  87.719451  64.746719 15.879
 30    22.173 53261.62184690 17.25  87.716531  64.749829 15.879
 31     9.582 53296.62187358 41.64  87.728445  64.711200 11.588
 31     9.794 53296.62187422 31.02  87.725525  64.714320 11.588
 31     9.856 53296.62187487 24.97  87.722605  64.717420 11.588
 32    52.631 53331.62184689  3.24  87.737596  64.718715  9.269
 32    50.763 53331.62184753  6.54  87.734676  64.721815  9.269
 32    49.037 53331.62184817  6.11  87.731756  64.724935  9.269
 32    47.930 53331.62184882  4.23  87.728836  64.728045  9.269
 32    12.223 53331.62185204 35.90  87.714216  64.743595  9.269
 33    53.184 53366.62179383  7.85  87.747651  64.723192  7.981
 33    51.721 53366.62179447  7.23  87.744731  64.726302  7.981
 33    50.570 53366.62179512  4.51  87.741811  64.729412  7.981
 33    48.285 53366.62179576  4.36  87.738891  64.732522  7.981
 33    46.031 53366.62179641  6.40  87.735971  64.735632  7.981
 33    19.094 53366.62179705  8.25  87.733051  64.738742  7.981
 33    11.381 53366.62179898 24.78  87.724281  64.748072  7.981
 33    11.256 53366.62179963 21.65  87.721361  64.751182  7.981
 33    11.201 53366.62180027 19.83  87.718431  64.754292  7.981
 34    52.811 53401.62182001  2.53  87.734701  64.715297  6.592
 34    51.561 53401.62182065  0.73  87.731781  64.718417  6.592
 34    49.924 53401.62182130  2.75  87.728861  64.721527  6.592
 34    18.553 53401.62182194  5.80  87.725941  64.724637  6.592
 34    17.523 53401.62182259  9.67  87.723021  64.727747  6.592
 34    12.515 53401.62182452 19.57  87.714251  64.737077  6.592
 34    12.683 53401.62182517 18.97  87.711321  64.740187  6.592
 34    13.689 53401.62182581 17.63  87.708401  64.743297  6.592
 35    55.547 53436.62181031  1.46  87.744647  64.721940  3.883
 35    54.270 53436.62181095  1.17  87.741727  64.725050  3.883
 35    53.699 53436.62181159  0.38  87.738807  64.728170  3.883
 35    51.367 53436.62181224  0.60  87.735887  64.731280  3.883
 35    45.542 53436.62181288  6.22  87.732967  64.734390  3.883
 35    19.551 53436.62181353  7.39  87.730047  64.737500  3.883
 35    19.724 53436.62181417  8.95  87.727127  64.740610  3.883
 35    19.941 53436.62181482 10.87  87.724197  64.743720  3.883
 35    19.052 53436.62181546 14.84  87.721277  64.746830  3.883
 35    19.228 53436.62181611 13.88  87.718347  64.749940  3.883
 36    55.659 53471.62186018  1.39  87.730429  64.714473  2.929
 36    53.559 53471.62186082  1.64  87.727509  64.717593  2.929
 36    52.661 53471.62186147  1.08  87.724589  64.720703  2.929
 36    51.339 53471.62186211  1.02  87.721669  64.723813  2.929
 36    46.501 53471.62186276  3.37  87.718749  64.726923  2.929
 36    19.719 53471.62186340  8.47  87.715819  64.730033  2.929
 36    19.249 53471.62186405 10.19  87.712899  64.733143  2.929
 36    19.151 53471.62186469 10.83  87.709979  64.736253  2.929
 36    20.726 53471.62186533 10.72  87.707049  64.739363  2.929
 38    12.782 53541.62189855 30.52  87.736260  64.717447 11.396
 38    12.238 53541.62189919 30.44  87.733340  64.720567 11.396
 38    11.993 53541.62189984 30.53  87.730420  64.723677 11.396
 38    11.848 53541.62190048 31.36  87.727500  64.726787 11.396
 38    12.029 53541.62190113 30.83  87.724580  64.729897 11.396
 38    12.542 53541.62190177 30.76  87.721660  64.733007 11.396
 38    12.773 53541.62190242 30.17  87.718730  64.736117 11.396
 39     9.709 53576.62188738 21.38  87.743427  64.717583 18.554
 39    10.270 53576.62189318 49.32  87.717137  64.745583 18.554
 39    10.266 53576.62189383 51.15  87.714207  64.748693 18.554
 40     9.764 53611.62184006 50.84  87.744386  64.722306 19.968
 40     9.484 53611.62184070 47.09  87.741466  64.725426 19.968
 40     9.728 53611.62184135 44.72  87.738546  64.728536 19.968
 40     9.643 53611.62184199 48.20  87.735626  64.731646 19.968
 40     9.748 53611.62184264 46.01  87.732706  64.734756 19.968
 40     9.580 53611.62184328 47.09  87.729786  64.737866 19.968
 40     9.551 53611.62184393 46.44  87.726866  64.740976 19.968
 40     9.783 53611.62184457 47.52  87.723936  64.744086 19.968
 40     9.475 53611.62184522 45.38  87.721016  64.747196 19.968
 40     9.443 53611.62184586 47.52  87.718096  64.750306 19.968
 41     9.126 53646.62184290 45.69  87.733865  64.712456 20.922
 41    10.301 53646.62184742 16.11  87.713415  64.734236 20.922
 41    21.457 53646.62184806 14.19  87.710485  64.737346 20.922
 41    22.288 53646.62184870 16.24  87.707565  64.740456 20.922
 42     9.578 53681.62185941 44.29  87.738006  64.715705 17.281
 42     7.753 53681.62186006 51.52  87.735086  64.718815 17.281
 42     8.729 53681.62186070 36.12  87.732166  64.721925 17.281
 42     9.255 53681.62186135 33.91  87.729246  64.725035 17.281
 43    53.331 53716.62178789  5.90  87.747111  64.721991  5.472
 43    52.155 53716.62178854  5.84  87.744191  64.725111  5.472
 43    50.459 53716.62178918  6.67  87.741271  64.728221  5.472
 43    49.135 53716.62178983  4.62  87.738351  64.731331  5.472
 43    46.417 53716.62179047  6.26  87.735431  64.734441  5.472
 43    18.387 53716.62179112  9.77  87.732511  64.737551  5.472
 43    18.785 53716.62179176 11.02  87.729591  64.740661  5.472
 43    19.405 53716.62179241 11.49  87.726661  64.743771  5.472
 43    19.548 53716.62179305 13.01  87.723741  64.746881  5.472
 43    20.438 53716.62179370 12.48  87.720811  64.749991  5.472
 43    19.956 53716.62179434 12.70  87.717891  64.753101  5.472
 44    52.317 53751.62170581  2.45  87.732807  64.716165  4.700
 44    50.412 53751.62170645  2.97  87.729887  64.719285  4.700
 44    49.748 53751.62170710  1.27  87.726967  64.722385  4.700
 44    17.609 53751.62170839 11.04  87.721117  64.728615  4.700
 44    17.915 53751.62170903 12.12  87.718197  64.731725  4.700
 44    18.243 53751.62170968 12.87  87.715277  64.734835  4.700
 44    19.072 53751.62171032 14.63  87.712347  64.737945  4.700
 44    19.757 53751.62171097 13.42  87.709427  64.741055  4.700
 45    54.268 53786.62173661  2.50  87.742663  64.720983  4.142
 45    53.015 53786.62173725  2.22  87.739743  64.724103  4.142
 45    50.723 53786.62173790  4.33  87.736823  64.727213  4.142
 45    49.101 53786.62173854  3.15  87.733903  64.730323  4.142
 45    46.288 53786.62173919  5.57  87.730983  64.733433  4.142
 45    18.579 53786.62173983  9.09  87.728053  64.736543  4.142
 45    19.025 53786.62174048 10.83  87.725133  64.739653  4.142
 45    19.452 53786.62174112 10.87  87.722213  64.742763  4.142
 45    19.304 53786.62174177 11.94  87.719283  64.745873  4.142
 45    19.649 53786.62174241 12.67  87.716363  64.748983  4.142
 46    56.483 53821.62169276  0.43  87.752920  64.724548  3.977
 46    55.478 53821.62169341  0.17  87.750000  64.727658  3.977
 46    19.406 53821.62169663  7.60  87.735400  64.743208  3.977
 46    19.288 53821.62169727  9.25  87.732480  64.746328  3.977
 46    19.545 53821.62169792  9.94  87.729550  64.749438  3.977
 46    18.776 53821.62169856 11.35  87.726630  64.752548  3.977
 46    19.219 53821.62169921 10.72  87.723710  64.755658  3.977
 47    52.738 53856.62178047  0.67  87.732616  64.712878  3.680
 47    51.989 53856.62178112  1.92  87.729706  64.715988  3.680
 47    50.996 53856.62178176  0.16  87.726786  64.719098  3.680
 47    48.007 53856.62178241  2.60  87.723866  64.722208  3.680
 47    17.954 53856.62178305  6.73  87.720936  64.725328  3.680
 47    18.107 53856.62178370  8.83  87.718016  64.728438  3.680
 47    19.353 53856.62178434  8.23  87.715096  64.731548  3.680
 47    18.685 53856.62178499  9.68  87.712176  64.734658  3.680
 47    19.396 53856.62178563 11.19  87.709246  64.737768  3.680
 47    20.231 53856.62178628 10.87  87.706326  64.740878  3.680
 48    22.332 53891.62179760 31.12  87.721364  64.737554 12.999
 48    22.213 53891.62179824 31.44  87.718434  64.740664 12.999
 48    22.299 53891.62179889 31.39  87.715514  64.743774 12.999
 48    22.265 53891.62179953 31.92  87.712589  64.746885 30.685
 49    10.744 53926.62185436 20.85  87.731100  64.711761 16.968
 49    11.049 53926.62185500 17.81  87.728180  64.714871 16.968
 49    10.799 53926.62185629 21.48  87.722340  64.721091 16.968
 49    10.995 53926.62185694 18.77  87.719420  64.724201 16.968
 49    10.907 53926.62185758 17.90  87.716500  64.727321 16.968
 49    18.413 53926.62185823 16.61  87.713580  64.730421 16.968
 49    19.739 53926.62185887 15.15  87.710660  64.733541 16.968
 49    20.450 53926.62185951 15.62  87.707730  64.736651 16.968
 51    10.410 53996.62178124 23.70  87.727610  64.709520 16.512
 51    10.576 53996.62178189 29.74  87.724690  64.712630 16.512
 51    10.313 53996.62178253 30.23  87.721770  64.715740 16.512
 51    10.340 53996.62178318 24.82  87.718850  64.718850 16.512
 51    10.346 53996.62178382 19.87  87.715920  64.721960 16.512
 51    10.096 53996.62178446 18.73  87.713000  64.725080 16.512
 51    17.879 53996.62178511 17.68  87.710080  64.728180 16.512
 51    18.888 53996.62178575 17.51  87.707150  64.731300 16.512
 51    20.048 53996.62178640 17.26  87.704230  64.734400 16.512
 52     8.608 54031.62183498 43.60  87.734305  64.716025 15.312
 52     8.012 54031.62183562 38.72  87.731385  64.719135 15.312
 52     8.556 54031.62183627 31.71  87.728465  64.722245 15.312
 52     9.103 54031.62183691 32.29  87.725545  64.725355 15.312
 53    53.587 54066.62182926  4.75  87.741534  64.720271  4.913
 53    52.191 54066.62182991  3.53  87.738614  64.723381  4.913
 53    50.888 54066.62183055  3.54  87.735694  64.726491  4.913
 53    49.452 54066.62183120  3.42  87.732764  64.729611  4.913
 53    46.284 54066.62183184  7.74  87.729844  64.732711  4.913
 53    18.191 54066.62183248  9.43  87.726924  64.735831  4.913
 53    20.108 54066.62183313 10.11  87.724004  64.738931  4.913
 53    18.083 54066.62183377 15.54  87.721084  64.742051  4.913
 53    18.603 54066.62183442 16.08  87.718154  64.745161  4.913
 53    19.243 54066.62183506 15.92  87.715234  64.748271  4.913
 54    55.451 54101.62179126  1.64  87.744493  64.722461  5.072
 54    52.596 54101.62179190  2.61  87.741573  64.725571  5.072
 54    50.237 54101.62179255  4.61  87.738653  64.728681  5.072
 54    47.118 54101.62179319  6.21  87.735733  64.731791  5.072
 54    41.123 54101.62179384  6.47  87.732813  64.734901  5.072
 54    19.418 54101.62179448  9.38  87.729893  64.738011  5.072
 54    20.227 54101.62179513 10.07  87.726973  64.741121  5.072
 54    20.475 54101.62179577 11.83  87.724053  64.744241  5.072
 54    20.367 54101.62179641 15.09  87.721123  64.747341  5.072
 54    20.712 54101.62179706 13.96  87.718203  64.750461  5.072
 55    52.742 54136.62175617  3.27  87.731792  64.715558  4.125
 55    51.172 54136.62175682  3.17  87.728872  64.718668  4.125
 55    52.032 54136.62175746  2.08  87.725942  64.721788  4.125
 55    47.149 54136.62175811  4.77  87.723022  64.724888  4.125
 55    44.759 54136.62175875  5.84  87.720102  64.728008  4.125
 55    19.523 54136.62175940  8.75  87.717182  64.731108  4.125
 55    20.175 54136.62176004  9.53  87.714252  64.734228  4.125
 55    20.972 54136.62176069  9.37  87.711332  64.737338  4.125
 55    21.282 54136.62176133 10.29  87.708412  64.740448  4.125
 56    56.076 54171.62176733  1.60  87.743578  64.719689  3.197
 56    56.084 54171.62176797  0.96  87.740658  64.722799  3.197
 56    53.260 54171.62176862  1.38  87.737748  64.725909  3.197
 56    52.173 54171.62176926  0.50  87.734828  64.729019  3.197
 56    50.396 54171.62176990  1.03  87.731908  64.732129  3.197
 56    47.263 54171.62177055  3.24  87.728978  64.735239  3.197
 56    20.037 54171.62177119  8.13  87.726058  64.738359  3.197
 56    20.652 54171.62177184  8.12  87.723138  64.741459  3.197
 56    20.810 54171.62177248  8.36  87.720218  64.744579  3.197
 56    20.791 54171.62177313  9.67  87.717288  64.747689  3.197
 57    11.719 54206.62176107 23.47  87.730774  64.714262  9.587
 57    11.769 54206.62176172 25.48  87.727854  64.717382  9.587
 57    11.921 54206.62176236 27.03  87.724934  64.720492  9.587
 57    11.814 54206.62176301 27.79  87.722014  64.723602  9.587
 58    20.704 54241.62179547 50.32  87.733875  64.722279 35.836
 58    20.589 54241.62179612 51.21  87.730955  64.725389 35.836
 58    20.452 54241.62179676 52.35  87.728025  64.728499 35.836
 58    20.591 54241.62179741 51.22  87.725105  64.731609 35.836
 58    20.678 54241.62179805 51.54  87.722185  64.734719 35.836
 58    20.499 54241.62179870 52.70  87.719265  64.737839 35.836
 58    20.471 54241.62179934 51.93  87.716335  64.740949 35.836
 58    20.457 54241.62179999 52.73  87.713415  64.744059 35.836
 59    14.056 54276.62181316 31.45  87.719773  64.737029 10.236
 59    13.884 54276.62181380 30.19  87.716853  64.740139 10.236
 59    13.977 54276.62181445 29.66  87.713923  64.743249 10.236
 61    11.138 54346.62178757 35.68  87.730187  64.739085  8.746
 61    10.877 54346.62178821 36.09  87.727267  64.742195  8.746
 61    11.076 54346.62178886 34.84  87.724337  64.745305  8.746
 61    10.883 54346.62178950 34.53  87.721417  64.748415  8.746
 61    10.813 54346.62179015 33.70  87.718487  64.751525  8.746
 62     9.968 54381.62174664 26.34  87.733348  64.715924 15.298
 62     9.752 54381.62174728 26.89  87.730428  64.719034 15.298
 62     9.897 54381.62174793 27.24  87.727508  64.722144 15.298
 62    10.149 54381.62174857 26.67  87.724588  64.725264 15.298
 62    10.436 54381.62174922 30.46  87.721668  64.728374 15.298
 62    11.350 54381.62175051 45.15  87.715818  64.734594 15.298
 62    10.882 54381.62175115 45.02  87.712898  64.737704 15.298
 62    10.505 54381.62175180 48.56  87.709968  64.740814 15.298
 63     8.345 54416.62173265 48.33  87.742039  64.719840 16.808
 63     7.808 54416.62173330 47.26  87.739119  64.722950 16.808
 63     9.081 54416.62173394 32.58  87.736199  64.726060 16.808
 64    52.295 54451.62171499  3.41  87.731960  64.712804  5.971
 64    51.135 54451.62171564  5.40  87.729040  64.715924  5.971
 64    49.748 54451.62171628  4.48  87.726120  64.719024  5.971
 64    47.446 54451.62171692  5.92  87.723200  64.722144  5.971
 64    45.559 54451.62171757  8.93  87.720280  64.725254  5.971
 64    18.150 54451.62171821 12.80  87.717360  64.728364  5.971
 64    19.237 54451.62171886 13.42  87.714430  64.731474  5.971
 64    10.388 54451.62172015 24.44  87.708590  64.737694  5.971
 64    10.294 54451.62172079 24.30  87.705660  64.740804  5.971
 65    52.121 54486.62172924  4.90  87.739109  64.719273  5.439
 65    50.840 54486.62172989  3.94  87.736189  64.722383  5.439
 65    49.439 54486.62173053  4.82  87.733269  64.725503  5.439
 65    47.827 54486.62173118  3.55  87.730349  64.728613  5.439
 65    17.626 54486.62173246 13.51  87.724509  64.734833  5.439
 65    20.202 54486.62173311 13.46  87.721579  64.737943  5.439
 65    20.231 54486.62173375 16.94  87.718659  64.741053  5.439
 65    20.428 54486.62173440 17.15  87.715739  64.744163  5.439
 65    20.555 54486.62173504 15.80  87.712809  64.747273  5.439
 66    53.160 54521.62172896  1.24  87.734360  64.717069  4.770
 66    52.059 54521.62172960  1.00  87.731440  64.720179  4.770
 66    48.375 54521.62173025  4.63  87.728520  64.723289  4.770
 66    46.103 54521.62173089  6.80  87.725600  64.726399  4.770
 66    18.865 54521.62173154  8.35  87.722680  64.729509  4.770
 66    19.510 54521.62173218 11.75  87.719750  64.732619  4.770
 66    20.210 54521.62173283 11.63  87.716830  64.735729  4.770
 66    20.806 54521.62173347 14.97  87.713910  64.738839  4.770
 66    21.002 54521.62173412 14.91  87.710980  64.741949  4.770
 67    49.160 54556.62174273  0.37  87.730733  64.734040  2.836
 67    46.214 54556.62174338  2.10  87.727813  64.737150  2.836
 67    37.859 54556.62174402  4.17  87.724893  64.740260  2.836
 67    34.873 54556.62174467  4.65  87.721963  64.743370  2.836
 67    20.075 54556.62174531  8.37  87.719043  64.746480  2.836
 67    14.019 54556.62174596 11.31  87.716123  64.749590  2.836
 68    10.688 54591.62172473 23.85  87.737342  64.715052 13.529
 68    10.891 54591.62172537 23.76  87.734422  64.718162 13.529
 68    11.082 54591.62172602 25.93  87.731502  64.721272 13.529
 68    11.159 54591.62172666 27.34  87.728582  64.724382 13.529
 68    10.831 54591.62172731 26.68  87.725662  64.727492 13.529
 68    10.491 54591.62172795 22.36  87.722742  64.730602 13.529
 68    10.493 54591.62172859 20.86  87.719812  64.733712 13.529
 68    10.621 54591.62172924 17.70  87.716892  64.736822 13.529
 68    10.852 54591.62172988 15.19  87.713972  64.739932 13.529
 68    10.760 54591.62173053 15.09  87.711042  64.743046  5.916
 69    20.741 54626.62174172 18.61  87.736256  64.721984 16.051
 69    20.693 54626.62174236 16.90  87.733336  64.725094 16.051
 69    20.859 54626.62174301 16.16  87.730416  64.728204 16.051
 69    20.902 54626.62174365 16.05  87.727496  64.731314 16.051
 69    21.006 54626.62174430 18.07  87.724576  64.734424 16.051
 69    21.119 54626.62174494 18.44  87.721646  64.737534 16.051
 69    21.129 54626.62174559 21.49  87.718726  64.740644 16.051
 69    22.171 54626.62174623 23.48  87.715806  64.743754 16.051
 69    21.844 54626.62174688 28.09  87.712876  64.746858 35.792
 70    11.718 54661.62174842 18.34  87.736472  64.715663 12.247
 70    11.530 54661.62174907 18.45  87.733552  64.718783 12.247
 70    11.379 54661.62174971 18.14  87.730632  64.721893 12.247
 70    11.332 54661.62175036 18.17  87.727712  64.725003 12.247
 70    10.613 54661.62175100 20.63  87.724792  64.728113 12.247
 70     9.387 54661.62175165 21.13  87.721872  64.731223 12.247
 70    10.750 54661.62175229 18.58  87.718942  64.734333 12.247
 70    20.311 54661.62175294 17.13  87.716022  64.737443 12.247
 70    21.520 54661.62175358 15.65  87.713102  64.740553 12.247
 71    10.339 54696.62172594 17.18  87.742426  64.722470  9.726
 71    10.512 54696.62172658 17.26  87.739506  64.725580  9.726
 71    10.412 54696.62172723 17.96  87.736586  64.728700  9.726
 71    10.151 54696.62172787 18.15  87.733666  64.731810  9.726
 71     9.800 54696.62172852 18.66  87.730746  64.734920  9.726
 71    10.171 54696.62172916 18.21  87.727816  64.738030  9.726
 71    18.133 54696.62172981 17.82  87.724896  64.741140  9.726
 71    20.072 54696.62173045 18.58  87.721976  64.744250  9.726
 71    20.351 54696.62173110 19.22  87.719056  64.747360  9.726
 71    21.123 54696.62173174 20.72  87.716126  64.750470  9.726
 72    10.385 54731.62170715 18.77  87.721040  64.727851 10.735
 72    16.938 54731.62170780 16.92  87.718110  64.730961 10.735
 72    18.605 54731.62170844 15.24  87.715190  64.734071 10.735
 72    20.450 54731.62170909 14.94  87.712270  64.737181 10.735
 73     9.596 54766.62170391 38.35  87.739198  64.717777 11.061
 73     9.389 54766.62170455 25.56  87.736278  64.720887 11.061
 73     9.576 54766.62170520 23.15  87.733358  64.723997 11.061
 73     9.787 54766.62170584 19.41  87.730438  64.727107 11.061
 74    11.298 54801.62170034 31.20  87.721336  64.724756 10.777
 74    10.968 54801.62170098 27.64  87.718416  64.727866 10.777
 74    11.165 54801.62170163 26.74  87.715486  64.730976 10.777
 74    11.498 54801.62170227 25.70  87.712566  64.734086 10.777
 74    11.459 54801.62170292 25.97  87.709636  64.737196 10.777
 74    11.094 54801.62170356 24.88  87.706716  64.740306 10.777
 75    11.741 54836.62169602 18.60  87.740286  64.716678  6.532
 75    11.448 54836.62169667 19.73  87.737366  64.719778  6.532
 75    11.286 54836.62169731 20.19  87.734446  64.722898  6.532
 75    10.736 54836.62169796 18.23  87.731526  64.726008  6.532
 75    10.710 54836.62169860 17.96  87.728606  64.729118  6.532
 75    11.075 54836.62169925 17.84  87.725686  64.732228  6.532
 75    16.720 54836.62169989 15.96  87.722756  64.735338  6.532
 75    18.748 54836.62170054 15.18  87.719836  64.738448  6.532
 75    21.272 54836.62170118 14.19  87.716916  64.741558  6.532
 75    22.515 54836.62170183 14.22  87.713986  64.744668  6.532
 76    52.576 54871.62169650  1.69  87.732732  64.714701  3.832
 76    50.948 54871.62169714  2.41  87.729812  64.717811  3.832
 76    50.883 54871.62169779  1.33  87.726892  64.720921  3.832
 76    50.126 54871.62169843  2.66  87.723972  64.724031  3.832
 76    18.050 54871.62169972 11.31  87.718132  64.730251  3.832
 76    18.637 54871.62170037 11.36  87.715202  64.733361  3.832
 76    19.708 54871.62170101 12.38  87.712282  64.736471  3.832
 76    20.433 54871.62170166 13.17  87.709353  64.739581  2.812
 76    21.144 54871.62170230 12.07  87.706433  64.742691  2.812
 77    55.180 54906.62170416  2.55  87.745617  64.719238  4.833
 77    53.662 54906.62170480  2.55  87.742697  64.722338  4.833
 77    51.766 54906.62170545  2.36  87.739777  64.725458  4.833
 77    49.410 54906.62170609  3.60  87.736857  64.728568  4.833
 77    45.605 54906.62170673  7.00  87.733937  64.731678  4.833
 77    43.154 54906.62170738  8.92  87.731017  64.734788  4.833
 77    18.791 54906.62170802  9.17  87.728097  64.737898  4.833
 77    19.680 54906.62170867  9.89  87.725177  64.741008  4.833
 77    20.018 54906.62170931  9.62  87.722247  64.744118  4.833
 77    19.690 54906.62170996 10.99  87.719327  64.747228  4.833
 77    20.715 54906.62171060 10.69  87.716407  64.750338  4.833
 78    49.181 54941.62169177  0.14  87.721724  64.726882  1.974
 78    45.110 54941.62169242  1.60  87.718804  64.729992  1.974
 78    42.859 54941.62169306  2.30  87.715884  64.733102  1.974
 78    25.062 54941.62169371  5.01  87.712961  64.736216  2.613
 78    20.671 54941.62169435  6.91  87.710031  64.739326  2.613
 78    21.327 54941.62169500  6.61  87.707111  64.742436  2.613
 79    20.907 54976.62171907 51.66  87.731197  64.722983 27.272
 79    21.017 54976.62171971 49.64  87.728277  64.726093 27.272
 79    20.844 54976.62172035 50.06  87.725357  64.729203 27.272
 79    20.683 54976.62172100 53.60  87.722437  64.732313 27.272
 79    20.820 54976.62172164 52.19  87.719507  64.735423 27.272
 79    21.315 54976.62172229 49.35  87.716587  64.738533 27.272
 79    20.780 54976.62172293 49.29  87.713667  64.741643 27.272
 79    21.069 54976.62172358 45.68  87.710745  64.744758 32.471
 80    24.030 55011.62172807 13.22  87.734485  64.723702 13.535
 80    18.146 55011.62172871 12.68  87.731565  64.726812 13.535
 80    17.526 55011.62172936 14.44  87.728645  64.729922 13.535
 80    18.390 55011.62173000 13.81  87.725725  64.733032 13.535
 80    20.362 55011.62173065 13.13  87.722805  64.736142 13.535
 80    21.681 55011.62173129 12.62  87.719875  64.739252 13.535
 80    21.633 55011.62173194 15.93  87.716955  64.742362 13.535
 80    21.731 55011.62173258 24.29  87.714025  64.745472 13.535
 81     9.872 55046.62171861 18.95  87.737617  64.717172  9.542
 81     9.921 55046.62171925 19.83  87.734697  64.720292  9.542
 81    10.097 55046.62171989 19.92  87.731777  64.723402  9.542
 81     9.964 55046.62172247 20.66  87.720087  64.735842  9.542
 82    10.755 55081.62169178 33.69  87.746491  64.721003 15.956
 82     9.529 55081.62169243 20.70  87.743571  64.724113 15.956
 82     9.292 55081.62169307 19.85  87.740651  64.727223 15.956
 82     9.158 55081.62169371 17.53  87.737731  64.730343 15.956
 82     9.248 55081.62169436 16.36  87.734811  64.733453 15.956
 82     9.340 55081.62169500 14.62  87.731891  64.736563 15.956
 82    19.809 55081.62169629 12.35  87.726041  64.742783 15.956
 82    20.213 55081.62169694 14.09  87.723121  64.745893 15.956
 82    20.772 55081.62169823 21.99  87.717271  64.752113 15.956
 83    10.254 55116.62164984 22.37  87.736041  64.713710 10.815
 83     9.870 55116.62165049 21.93  87.733121  64.716820 10.815
 83    10.203 55116.62165113 20.47  87.730201  64.719930 10.815
 83    10.588 55116.62165177 19.21  87.727281  64.723050 10.815
 83    10.380 55116.62165242 17.11  87.724361  64.726160 10.815
 83    10.171 55116.62165306 15.65  87.721441  64.729270 10.815
 83    18.207 55116.62165371 15.02  87.718511  64.732380 10.815
 83    19.139 55116.62165435 15.12  87.715591  64.735490 10.815
 84    10.595 55151.62164880 24.67  87.739470  64.717759  7.878
 84    10.786 55151.62164944 25.07  87.736550  64.720869  7.878
 84    10.484 55151.62165008 24.71  87.733630  64.723989  7.878
 84    10.295 55151.62165073 24.78  87.730710  64.727099  7.878
 84     9.977 55151.62165137 25.05  87.727790  64.730209  7.878
 85    12.204 55186.62163616 17.75  87.732872  64.713431  5.172
 85    11.795 55186.62163680 17.92  87.729952  64.716541  5.172
 85    12.904 55186.62163745 17.40  87.727032  64.719651  5.172
 85    14.100 55186.62163809 17.48  87.724112  64.722761  5.172
 85    13.687 55186.62163874 18.00  87.721192  64.725871  5.172
 85    16.442 55186.62163938 17.18  87.718272  64.728981  5.172
 85    17.356 55186.62164003 16.40  87.715342  64.732091  5.172
 85    18.267 55186.62164067 16.25  87.712422  64.735201  5.172
 85    19.416 55186.62164132 15.33  87.709502  64.738311  5.172
 85    20.217 55186.62164196 16.66  87.706574  64.741421  4.411
 86    52.583 55221.62164703  6.07  87.741564  64.716899  4.847
 86    53.450 55221.62164767  3.30  87.738644  64.720009  4.847
 86    50.595 55221.62164832  4.82  87.735724  64.723119  4.847
 86    49.546 55221.62164896  4.25  87.732804  64.726229  4.847
 86    47.949 55221.62164960  4.28  87.729884  64.729339  4.847
 86    44.844 55221.62165025  6.75  87.726964  64.732449  4.847
 86    18.328 55221.62165089 10.74  87.724044  64.735559  4.847
 86    19.938 55221.62165154 11.60  87.721114  64.738669  4.847
 86    20.159 55221.62165218 11.51  87.718194  64.741779  4.847
 86    20.806 55221.62165283 12.24  87.715274  64.744889  4.847
 87    53.527 55256.62163209  1.42  87.737504  64.714358  4.614
 87    51.069 55256.62163273  3.46  87.734584  64.717468  4.614
 87    51.088 55256.62163338  1.66  87.731664  64.720578  4.614
 87    48.752 55256.62163402  2.44  87.728744  64.723688  4.614
 87    46.932 55256.62163466  3.70  87.725824  64.726798  4.614
 87    18.639 55256.62163531  7.73  87.722904  64.729908  4.614
 87    17.639 55256.62163595  9.60  87.719974  64.733018  4.614
 87    18.927 55256.62163660 10.38  87.717054  64.736128  4.614
 87    19.956 55256.62163724 11.33  87.714134  64.739238  4.614
 87    20.213 55256.62163789 11.06  87.711205  64.742347  4.211
 88    54.905 55291.62163620  2.80  87.745299  64.720586  3.522
 88    53.528 55291.62163684  2.66  87.742379  64.723696  3.522
 88    50.967 55291.62163749  4.99  87.739459  64.726806  3.522
 88    50.696 55291.62163813  2.06  87.736539  64.729916  3.522
 88    47.870 55291.62163878  3.32  87.733619  64.733026  3.522
 88    44.688 55291.62163942  6.01  87.730699  64.736136  3.522
 88    20.222 55291.62164007  7.01  87.727779  64.739246  3.522
 88    20.237 55291.62164071  8.47  87.724849  64.742356  3.522
 88    20.155 55291.62164136  8.85  87.721929  64.745466  3.522
 88    20.439 55291.62164200  8.77  87.719009  64.748576  3.522
 89    13.241 55326.62161997 22.11  87.725067  64.728685 17.448
 89    13.420 55326.62162255 22.03  87.713377  64.741125 17.448
 89    19.998 55326.62162319 24.00  87.710447  64.744235 17.448
 93    10.341 55466.62158994 32.64  87.748140  64.723182 13.243
 93    10.778 55466.62159058 22.46  87.745220  64.726302 13.243
 93    10.460 55466.62159123 18.64  87.742300  64.729402 13.243
 93    20.750 55466.62159509 13.02  87.724770  64.748072 13.243
