# NaN NaN NaN ;Mean Elev.(m), Avg Gradient(m/km), RMS Gradient(m/km) - SRTM1     
#   38.507 -17.113  19.492 ;Mean Elev.(m), Avg Gradient(m/km), RMS Gradient(m/km) - ASTER GDEM
#   61.793  -8.452  15.694 ;Mean Elev.(m), Avg Gradient(m/km), RMS Gradient(m/km) - GMTED2010 
  8  90.940982  59.529377    57.904    56.719  4 52485.20499647 15.413
  9  90.939993  59.531728    61.087    60.757  4 52520.20496046 24.872
 11  90.941512  59.529424    52.674    52.716  5 52590.20499999 40.681
 12  90.942895  59.530043    56.002    56.056  4 52625.20493181 16.529
 13  90.944369  59.527027    56.208    56.220  5 52660.20496640 11.719
 14  90.954089  59.520809    56.406    56.162  4 52695.20494714 11.674
 15  90.947400  59.524968    60.337    59.867  5 52730.20497776 11.524
 17  90.954462  59.520994    59.969    61.599  4 52800.20497861 25.812
 18  90.952863  59.521938    53.741    53.589  5 52835.20504647 42.450
 19  90.949543  59.524374    57.190    53.836  5 52870.20508762 17.407
 22  90.947195  59.525017    55.065    55.083  5 52975.20506772 14.526
 23  90.940474  59.530309    58.631    58.669  4 53010.20507163  9.996
 24  90.949084  59.524652    58.236    58.255  4 53045.20503423  9.710
 25  90.937857  59.530015    58.814    58.574  4 53080.20506769 12.488
 26  90.947309  59.526485    66.662    67.375  4 53115.20503845  2.977
 27  90.942414  59.528514    62.535    62.547  4 53150.20508493 23.145
 28  90.951484  59.523635    55.111    55.252  5 53185.20507647 37.039
 29  90.942843  59.528298    58.688    58.613  5 53220.20510156 12.149
 30  90.934668  59.533761    55.331    53.802  4 53255.20507767 25.550
 31  90.946851  59.527105    66.151    64.893  4 53290.20508783 14.343
 32  90.947418  59.526850    52.972    53.034  5 53325.20506299 33.154
 34  90.949610  59.524912    57.492    57.604  5 53395.20504160 10.605
 35  90.941623  59.528647    58.607    58.660  4 53430.20503407  9.720
 36  90.952123  59.522530    57.110    57.079  4 53465.20506207  6.136
 37  90.940051  59.529920    60.801    60.523  5 53500.20512267 27.423
 39  90.938808  59.531061    56.863    55.279  4 53570.20512126 27.102
 40  90.936434  59.530182    54.311    54.291  4 53605.20506873 30.852
 41  90.949059  59.524885    67.957    67.758  5 53640.20506868 10.647
 42  90.941733  59.529405    53.718    53.779  5 53675.20508798 35.059
 43  90.941012  59.528995    52.750    52.773  4 53710.20501824 35.682
 45  90.947979  59.525334    63.283    58.959  4 53780.20495920 11.699
 46  90.936469  59.532129    56.381    56.433  4 53815.20492859 11.699
 47  90.948161  59.526426    64.494    65.327  5 53850.20499359  7.209
 49  90.937676  59.529359    57.067    54.996  4 53920.20507257 27.110
 50  90.936932  59.531399    55.477    55.477  2 53955.20507126 27.017
 51  90.939965  59.531499    60.125    60.303  4 53990.20498954 24.410
 52  90.951621  59.523617    54.686    53.903  4 54025.20505562 17.823
 53  90.949063  59.524225    53.517    53.591  5 54060.20504889 42.872
 54  90.937635  59.531545    60.562    60.303  4 54095.20502335 26.836
 55  90.953470  59.522233    59.184    59.142  5 54130.20496882 10.470
 56  90.940665  59.530044    60.973    61.054  5 54165.20499487  9.832
 57  90.950186  59.524855    60.039    60.105  5 54200.20497145 14.353
 58  90.946824  59.524015    57.909    57.978  4 54235.20500994 41.560
 60  90.946328  59.527628    59.729    59.197  5 54305.20503260 17.740
 62  90.948301  59.525503    57.518    57.574  4 54375.20496714 29.653
 63  90.943124  59.527647    53.497    53.520  4 54410.20496195 25.014
 64  90.952913  59.522991    53.236    53.220  5 54445.20493061 36.425
 65  90.945231  59.526261    56.938    56.993  4 54480.20495298 10.803
 66  90.952985  59.523393    57.699    57.656  5 54515.20494502 11.901
 67  90.940855  59.529964    57.152    57.257  5 54550.20496558 11.739
 68  90.947112  59.526193    57.715    57.688  4 54585.20494009 27.705
 69  90.945763  59.528014    62.531    62.518  5 54620.20495939 23.001
 71  90.940586  59.527253    59.047    59.116  4 54690.20495652 12.288
 72  90.951857  59.523174    66.343    65.962  4 54725.20492083 16.346
 73  90.944375  59.530421    54.688    54.719  4 54760.20493257 34.777
 74  90.952024  59.522772    52.645    52.662  4 54795.20491441 32.461
 76  90.952034  59.524450    59.066    58.990  5 54865.20490886  8.563
 78  90.949021  59.526006    62.875    62.934  5 54935.20490052 10.557
 79  90.949411  59.531302    69.257    69.257  2 54970.20493251 24.677
 80  90.942424  59.527987    56.107    56.007  4 55005.20495317 25.610
 81  90.945740  59.527761    56.497    56.559  4 55040.20494065 11.540
 83  90.948820  59.523699    66.165    65.294  5 55110.20487398 13.372
 84  90.942068  59.528540    53.498    53.527  4 55145.20487631 39.252
 85  90.953025  59.522414    58.460    58.517  4 55180.20485007  7.169
 86  90.943794  59.529379    59.353    59.388  4 55215.20487063  7.616
 87  90.950207  59.522997    60.145    60.331  5 55250.20484741  6.629
 88  90.938422  59.527354    59.783    59.783  2 55285.20486480 10.598
 89  90.942988  59.528070    62.974    61.130  4 55320.20483708 24.415
 91  90.949065  59.525659    59.279    57.226  5 55390.20483827 38.959
