# NaN NaN NaN ;Mean Elev.(m), Avg Gradient(m/km), RMS Gradient(m/km) - SRTM1     
#   -9.507  -0.655  12.827 ;Mean Elev.(m), Avg Gradient(m/km), RMS Gradient(m/km) - ASTER GDEM
#    2.119  -0.176  10.629 ;Mean Elev.(m), Avg Gradient(m/km), RMS Gradient(m/km) - GMTED2010 
  7     2.566 52472.62019657 41.90  86.465905  66.681876 13.592
  7     2.686 52472.62019721 39.56  86.462545  66.684956 13.592
  7     2.881 52472.62019786 36.22  86.459185  66.688026 13.592
  7     2.607 52472.62019850 36.07  86.455825  66.691106 13.592
  7     2.339 52472.62020043 32.31  86.445745  66.700326 13.592
  7     2.323 52472.62020108 29.58  86.442375  66.703406 13.592
  7     2.432 52472.62020172 28.40  86.439005  66.706476 13.592
  7     2.257 52472.62020237 27.38  86.435645  66.709546 13.592
  7     2.638 52472.62020301 26.18  86.432275  66.712626 13.592
  8     1.760 52507.62016977 30.37  86.471954  66.683900 18.260
  8     1.377 52507.62017042 32.04  86.468594  66.686980 18.260
  8     1.468 52507.62017106 28.26  86.465234  66.690050 18.260
  8     1.976 52507.62017364 27.28  86.451784  66.702350 18.260
  8     1.539 52507.62017429 19.78  86.448424  66.705430 18.260
  8     1.084 52507.62017493 18.91  86.445054  66.708500 18.260
  8     0.661 52507.62017558 17.35  86.441694  66.711580 18.260
  8     0.295 52507.62017622 17.24  86.438324  66.714650 18.260
  9   331.250 52542.62015262 19.13  86.459933  66.683930  7.403
  9   327.944 52542.62015326 21.11  86.456563  66.687010  7.403
  9   330.569 52542.62015391 16.12  86.453203  66.690080  7.403
  9   328.897 52542.62015520 16.41  86.446473  66.696230  7.403
  9   328.882 52542.62015584 16.84  86.443113  66.699310  7.403
  9   329.242 52542.62015649 14.59  86.439743  66.702380  7.403
  9   330.636 52542.62015713 14.44  86.436373  66.705450  7.403
  9   332.915 52542.62015778 13.27  86.433013  66.708530  7.403
  9   334.905 52542.62015842 13.30  86.429643  66.711600  7.403
 10     3.844 52577.62020317 36.72  86.461298  66.682283 16.573
 10     2.229 52577.62020381 36.26  86.457938  66.685353 16.573
 10     3.231 52577.62020446 28.87  86.454578  66.688433 16.573
 10     2.937 52577.62020574 34.28  86.447858  66.694583 16.573
 10    -6.882 52577.62020639  9.30  86.444488  66.697653 16.573
 10     2.745 52577.62020703 30.96  86.441128  66.700723 16.573
 10     2.036 52577.62020768 33.75  86.437758  66.703803 16.573
 10     2.340 52577.62020832 32.16  86.434398  66.706873 16.573
 10     2.472 52577.62020897 31.31  86.431028  66.709953 16.573
 11    10.430 52612.62016743 18.58  86.471634  66.684295  4.404
 11     4.566 52612.62016808 18.50  86.468274  66.687365  4.404
 11     4.296 52612.62016872 18.86  86.464914  66.690445  4.404
 11     1.252 52612.62017130 18.16  86.451464  66.702735  4.404
 11     1.252 52612.62017195 17.23  86.448104  66.705815  4.404
 11     2.433 52612.62017259 16.38  86.444733  66.708892  4.377
 11     7.335 52612.62017324 15.51  86.441373  66.711962  4.377
 11     8.836 52612.62017388 15.23  86.438003  66.715042  4.377
 12    10.443 52647.62015136 16.41  86.463071  66.683268  3.284
 12     9.250 52647.62015200 16.42  86.459711  66.686348  3.284
 12     8.017 52647.62015265 16.52  86.456351  66.689418  3.284
 12     2.798 52647.62015458 15.90  86.446261  66.698638  3.284
 12     2.131 52647.62015523 15.76  86.442891  66.701718  3.284
 12     2.667 52647.62015587 15.97  86.439531  66.704788  3.284
 12     3.967 52647.62015652 14.85  86.436161  66.707868  3.284
 12     6.035 52647.62015716 14.56  86.432801  66.710938  3.284
 13    10.730 52682.62012397 13.86  86.479761  66.685637  3.172
 13     8.704 52682.62012462 13.55  86.476401  66.688717  3.172
 13     7.469 52682.62012526 13.38  86.473041  66.691787  3.172
 13     3.135 52682.62012784 12.10  86.459591  66.704087  3.172
 13     2.205 52682.62012848 12.13  86.456231  66.707157  3.172
 13     4.308 52682.62012913 11.84  86.452861  66.710237  3.172
 13     6.967 52682.62012977 11.09  86.449494  66.713313  3.488
 13     8.647 52682.62013042 10.57  86.446134  66.716383  3.488
 14    10.114 52717.62018199 12.47  86.459701  66.683365  3.277
 14     8.888 52717.62018264 13.07  86.456341  66.686435  3.277
 14     7.670 52717.62018328 12.69  86.452981  66.689505  3.277
 14     4.553 52717.62018393 13.48  86.449621  66.692585  3.277
 14     3.607 52717.62018457 12.67  86.446258  66.695663  2.597
 14     2.902 52717.62018522 12.55  86.442898  66.698733  2.597
 14     2.275 52717.62018586 13.03  86.439528  66.701813  2.597
 14     4.068 52717.62018651 12.40  86.436168  66.704883  2.597
 14     5.730 52717.62018715 12.29  86.432798  66.707953  2.597
 14     7.689 52717.62018780 11.18  86.429428  66.711033  2.597
 15     7.753 52752.62020700 13.02  86.465042  66.683939  2.979
 15     9.049 52752.62020765 12.85  86.461682  66.687009  2.979
 15     7.897 52752.62020829 12.85  86.458322  66.690089  2.979
 15     2.111 52752.62021023 13.22  86.448242  66.699309  2.979
 15     2.142 52752.62021087 13.14  86.444882  66.702389  2.979
 15     2.419 52752.62021152 13.03  86.441522  66.705459  2.979
 15     4.630 52752.62021216 13.17  86.438152  66.708539  2.979
 15     6.501 52752.62021281 12.23  86.434792  66.711609  2.979
 16    17.336 52787.62015259 25.08  86.449104  66.681721 14.117
 16    17.590 52787.62015323 22.29  86.445744  66.684791 14.117
 16    16.973 52787.62015387 20.24  86.442374  66.687871 14.117
 16    17.183 52787.62015452 18.71  86.439014  66.690941 14.117
 16    18.029 52787.62015516 17.79  86.435644  66.694011 14.117
 16    16.804 52787.62015581 17.73  86.432284  66.697091 14.117
 16    16.319 52787.62015645 17.36  86.428914  66.700161 14.117
 16    16.615 52787.62015710 17.68  86.425554  66.703241 14.117
 16    29.910 52787.62015839 19.49  86.418814  66.709381 14.117
 17     4.723 52822.62022499 16.59  86.453822  66.683928 12.177
 17     3.582 52822.62022563 16.91  86.450462  66.687008 12.177
 17     3.579 52822.62022627 17.18  86.447102  66.690078 12.177
 17     3.572 52822.62022692 19.40  86.443742  66.693158 12.177
 17     3.337 52822.62022756 20.96  86.440372  66.696228 12.177
 17     3.118 52822.62022821 21.85  86.437012  66.699308 12.177
 17     3.799 52822.62022885 19.04  86.433642  66.702378 12.177
 17     3.862 52822.62022950 17.40  86.430272  66.705448 12.177
 17     4.478 52822.62023014 16.83  86.426912  66.708528 12.177
 17    31.083 52822.62023079 17.78  86.423542  66.711598 12.177
 18     5.177 52857.62027152 17.19  86.461024  66.683148 10.719
 18     1.994 52857.62027216 16.95  86.457654  66.686218 10.719
 18     2.265 52857.62027281 18.27  86.454294  66.689298 10.719
 18     1.662 52857.62027474 24.89  86.444204  66.698518 10.719
 18     1.478 52857.62027539 20.32  86.440844  66.701598 10.719
 18     1.569 52857.62027603 17.78  86.437474  66.704668 10.719
 18     1.902 52857.62027668 15.33  86.434104  66.707738 10.719
 18     2.403 52857.62027732 13.82  86.430744  66.710818 10.719
 19     1.349 52892.62030377 18.78  86.461425  66.684842 13.478
 19     1.625 52892.62030441 17.45  86.458065  66.687912 13.478
 19     2.040 52892.62030506 25.98  86.454705  66.690992 13.478
 19     0.809 52892.62030635 36.67  86.447975  66.697132 13.478
 19     0.937 52892.62030699 23.30  86.444615  66.700212 13.478
 19     0.981 52892.62030764 17.41  86.441245  66.703282 13.478
 19     0.949 52892.62030828 15.06  86.437885  66.706362 13.478
 19     1.067 52892.62030893 14.36  86.434515  66.709432 13.478
 19     1.158 52892.62030957 13.16  86.431155  66.712512 13.478
 20    11.785 52927.62025480 18.25  86.478139  66.685130 13.468
 20     5.834 52927.62025544 18.83  86.474773  66.688200 10.337
 20     6.393 52927.62025608 18.54  86.471413  66.691280 10.337
 20     1.642 52927.62025866 21.45  86.457973  66.703570 10.337
 20     1.764 52927.62025931 19.31  86.454613  66.706650 10.337
 20     7.056 52927.62025995 17.77  86.451243  66.709720 10.337
 20     8.272 52927.62026060 17.39  86.447883  66.712800 10.337
 20     9.649 52927.62026124 17.09  86.444513  66.715870 10.337
 21     0.220 52962.62022776 22.71  86.461410  66.682151  4.798
 21     0.344 52962.62022840 22.76  86.458050  66.685221  4.798
 21     0.356 52962.62022905 23.20  86.454690  66.688301  4.798
 21     0.161 52962.62022969 23.98  86.451330  66.691371  4.798
 21     0.156 52962.62023034 24.36  86.447960  66.694451  4.798
 21     0.160 52962.62023098 24.98  86.444594  66.697523  7.913
 21     0.283 52962.62023162 24.57  86.441234  66.700593  7.913
 21     0.327 52962.62023227 24.02  86.437864  66.703673  7.913
 21     0.572 52962.62023291 23.16  86.434504  66.706743  7.913
 21     0.568 52962.62023356 22.54  86.431134  66.709823  7.913
 22    10.125 52997.62026878 16.37  86.461739  66.683979  3.399
 22     9.062 52997.62026942 16.88  86.458379  66.687059  3.399
 22     0.986 52997.62027007 17.39  86.455019  66.690129  3.399
 22     0.779 52997.62027200 17.96  86.444932  66.699348  5.096
 22     1.549 52997.62027265 17.63  86.441572  66.702428  5.096
 22     1.408 52997.62027329 17.29  86.438202  66.705498  5.096
 22     3.308 52997.62027394 17.36  86.434842  66.708578  5.096
 22     5.898 52997.62027458 16.60  86.431472  66.711648  5.096
 23     9.776 53032.62022502 16.35  86.480024  66.682672  4.701
 23     5.128 53032.62022567 16.32  86.476664  66.685752  4.701
 23     1.408 53032.62022631 17.10  86.473304  66.688822  4.701
 23     3.533 53032.62022696 16.23  86.469944  66.691902  4.701
 23     0.878 53032.62022954 17.18  86.456494  66.704202  4.701
 23     1.022 53032.62023018 17.11  86.453134  66.707272  4.701
 23     1.289 53032.62023083 17.30  86.449774  66.710352  4.701
 23     1.557 53032.62023147 17.40  86.446404  66.713422  4.701
 24    10.365 53067.62023688 15.24  86.467122  66.681999  4.662
 24     9.485 53067.62023752 15.12  86.463762  66.685079  4.662
 24     4.747 53067.62023816 15.16  86.460402  66.688149  4.662
 24     7.338 53067.62023881 15.50  86.457042  66.691219  4.662
 24     1.311 53067.62024074 15.74  86.446954  66.700446  6.589
 24     1.163 53067.62024139 16.27  86.443584  66.703526  6.589
 24     1.370 53067.62024203 16.27  86.440224  66.706596  6.589
 24     2.660 53067.62024268 15.47  86.436854  66.709666  6.589
 24     6.441 53067.62024332 14.66  86.433484  66.712746  6.589
 25     6.341 53102.62022822 14.61  86.479942  66.683699  4.399
 25     6.045 53102.62022886 14.38  86.476582  66.686779  4.399
 25     3.053 53102.62022951 14.70  86.473222  66.689849  4.399
 25     1.182 53102.62023015 15.52  86.469862  66.692929  4.399
 25     1.464 53102.62023273 14.99  86.456422  66.705229  4.399
 25     1.621 53102.62023338 15.00  86.453052  66.708299  4.399
 25     1.724 53102.62023402 15.59  86.449692  66.711379  4.399
 25     1.695 53102.62023466 14.51  86.446322  66.714449  4.399
 26     1.099 53137.62024033 11.07  86.465194  66.682370  5.875
 26     1.277 53137.62024097 13.00  86.461834  66.685450  5.875
 26     1.432 53137.62024161 13.54  86.458474  66.688520  5.875
 26     1.623 53137.62024355 16.45  86.448376  66.697749  8.515
 26     1.419 53137.62024419 13.68  86.445016  66.700819  8.515
 26     1.019 53137.62024484 10.55  86.441646  66.703889  8.515
 26     0.974 53137.62024548  7.30  86.438286  66.706969  8.515
 26     0.771 53137.62024613  6.89  86.434916  66.710039  8.515
 26     1.316 53137.62024677  5.33  86.431546  66.713119  8.515
 27    13.769 53172.62028671 31.38  86.459097  66.684857 16.986
 27    13.532 53172.62028735 31.47  86.455737  66.687937 16.986
 27    13.661 53172.62028929 29.84  86.445647  66.697157 16.986
 27    13.490 53172.62028993 30.12  86.442287  66.700237 16.986
 27    13.542 53172.62029057 29.72  86.438917  66.703307 16.986
 27    13.457 53172.62029122 28.68  86.435557  66.706377 16.986
 27    13.529 53172.62029186 28.34  86.432187  66.709457 16.986
 28     3.227 53207.62030099 22.51  86.467636  66.682757 18.982
 28     2.510 53207.62030164 22.53  86.464276  66.685827 18.982
 28     2.205 53207.62030228 22.75  86.460916  66.688907 18.982
 28     2.780 53207.62030486 26.64  86.447456  66.701197 18.982
 28     3.780 53207.62030550 25.31  86.444096  66.704277 18.982
 28     3.360 53207.62030615 24.87  86.440734  66.707354 15.947
 28     3.668 53207.62030679 28.02  86.437364  66.710424 15.947
 29     2.128 53242.62026864 27.98  86.476235  66.684199 26.620
 29     0.803 53242.62026929 30.87  86.472885  66.687269 26.620
 29     2.100 53242.62026993 24.68  86.469525  66.690349 26.620
 29     2.878 53242.62027251 28.48  86.456075  66.702639 26.620
 29     1.708 53242.62027380 15.74  86.449341  66.708797 16.920
 29     1.722 53242.62027444 14.53  86.445981  66.711867 16.920
 29     1.920 53242.62027509 13.41  86.442611  66.714947 16.920
 30     5.470 53277.62024316 31.48  86.451085  66.681780 13.770
 30     6.287 53277.62024381 21.46  86.447725  66.684860 13.770
 30     5.530 53277.62024445 20.88  86.444365  66.687930 13.770
 30     1.845 53277.62024510 23.50  86.440995  66.691000 13.770
 30     1.802 53277.62024574 24.57  86.437635  66.694080 13.770
 30     1.737 53277.62024639 22.64  86.434265  66.697150 13.770
 30     1.253 53277.62024703 21.96  86.430905  66.700230 13.770
 30     1.957 53277.62024768 21.05  86.427535  66.703300 13.770
 30     5.157 53277.62024832 19.03  86.424165  66.706370 13.770
 30     8.540 53277.62024897 17.81  86.420795  66.709450 13.770
 31     2.784 53312.62027644 17.12  86.461867  66.683157  7.164
 31     2.807 53312.62027709 18.05  86.458507  66.686237  7.164
 31     3.158 53312.62027773 19.25  86.455147  66.689307  7.164
 31     2.307 53312.62027966 24.62  86.445057  66.698537  7.164
 31     2.323 53312.62028031 26.47  86.441697  66.701607  7.164
 31     2.623 53312.62028095 31.19  86.438327  66.704677  7.164
 31     2.208 53312.62028160 31.81  86.434967  66.707757  7.164
 31     2.252 53312.62028224 28.51  86.431593  66.710830  5.022
 32     4.340 53347.62024159 13.44  86.474761  66.681846  4.493
 32     4.358 53347.62024224 13.34  86.471401  66.684916  4.493
 32     2.161 53347.62024288 13.64  86.468041  66.687996  4.493
 32     2.752 53347.62024353 13.43  86.464681  66.691066  4.493
 32     2.003 53347.62024611 13.23  86.451231  66.703366  4.493
 32     2.181 53347.62024675 12.87  86.447871  66.706436  4.493
 32     1.986 53347.62024740 12.45  86.444501  66.709516  4.493
 32     1.902 53347.62024804 12.02  86.441140  66.712590  2.458
 33    11.259 53382.62020750 11.39  86.453885  66.682377  5.684
 33     8.978 53382.62020814 11.47  86.450525  66.685447  5.684
 33     4.896 53382.62020879 11.28  86.447165  66.688517  5.684
 33     2.785 53382.62020943 11.22  86.443795  66.691597  5.684
 33     1.651 53382.62021008 11.70  86.440435  66.694667  5.684
 33     2.103 53382.62021072 11.49  86.437065  66.697747  5.684
 33     1.566 53382.62021137 11.45  86.433707  66.700818  2.749
 33     1.854 53382.62021201 10.69  86.430337  66.703888  2.749
 33     4.010 53382.62021265 10.23  86.426967  66.706968  2.749
 33     5.132 53382.62021330  9.59  86.423597  66.710038  2.749
 34    10.121 53417.62022095 13.67  86.474493  66.684109  3.527
 34     8.578 53417.62022159 13.61  86.471133  66.687189  3.527
 34     4.771 53417.62022224 13.36  86.467773  66.690259  3.527
 34     2.018 53417.62022482 13.69  86.454323  66.702559  3.527
 34     2.095 53417.62022546 13.31  86.450953  66.705629  3.527
 34     2.531 53417.62022611 12.95  86.447593  66.708709  3.527
 34     5.713 53417.62022675 12.61  86.444226  66.711783  3.368
 34     7.631 53417.62022740 12.10  86.440856  66.714853  3.368
 35     8.132 53452.62022281 10.73  86.449515  66.683087  3.320
 35     7.603 53452.62022346 10.85  86.446145  66.686157  3.320
 35     4.397 53452.62022410 10.91  86.442785  66.689227  3.320
 35     4.192 53452.62022475 10.86  86.439425  66.692307  3.320
 35     1.491 53452.62022539 10.90  86.436055  66.695377  3.320
 35     2.439 53452.62022604 11.05  86.432685  66.698457  3.320
 35     1.922 53452.62022668 11.00  86.429320  66.701525  2.535
 35     2.837 53452.62022733 10.48  86.425960  66.704605  2.535
 35     4.375 53452.62022797 10.06  86.422590  66.707675  2.535
 36     1.553 53487.62030771 11.83  86.457407  66.682016  4.125
 36     1.760 53487.62030835 10.97  86.454047  66.685086  4.125
 36     2.020 53487.62030900 10.71  86.450687  66.688166  4.125
 36     1.874 53487.62030964 10.75  86.447327  66.691236  4.125
 36     2.342 53487.62031029 10.60  86.443957  66.694306  4.125
 36     2.649 53487.62031093 10.28  86.440597  66.697386  4.125
 36     2.515 53487.62031158 10.28  86.437235  66.700462  2.003
 36     3.027 53487.62031222  9.59  86.433865  66.703532  2.003
 36     2.670 53487.62031286  9.71  86.430505  66.706612  2.003
 36     5.491 53487.62031351  9.08  86.427135  66.709682  2.003
 37    16.602 53522.62029759 37.71  86.471766  66.681758 16.104
 37    16.588 53522.62029824 36.54  86.468406  66.684828 16.104
 37    16.337 53522.62029888 36.70  86.465046  66.687908 16.104
 37    16.149 53522.62029953 37.02  86.461686  66.690978 16.104
 37    16.687 53522.62030211 36.98  86.448236  66.703278 16.104
 37    16.742 53522.62030275 36.66  86.444872  66.706355 27.345
 37    16.747 53522.62030340 36.43  86.441502  66.709425 27.345
 37    16.823 53522.62030404 35.82  86.438142  66.712505 27.345
 38     3.193 53557.62032336 51.78  86.462616  66.683038 25.349
 38     3.275 53557.62032401 49.26  86.459256  66.686118 25.349
 38     2.971 53557.62032465 50.72  86.455896  66.689188 25.349
 38     2.940 53557.62032658 50.33  86.445806  66.698418 25.349
 38     2.970 53557.62032723 50.94  86.442446  66.701488 25.349
 38     2.915 53557.62032787 50.30  86.439079  66.704567 21.509
 38     3.078 53557.62032852 49.21  86.435709  66.707637 21.509
 38     3.017 53557.62032916 49.44  86.432349  66.710717 21.509
 39    11.001 53592.62025980 19.06  86.485550  66.683552 23.207
 39     1.613 53592.62026045 19.19  86.482190  66.686622 23.207
 39     1.474 53592.62026109 19.88  86.478830  66.689702 23.207
 39     1.658 53592.62026174 28.40  86.475470  66.692772 23.207
 39     1.813 53592.62026432 25.55  86.462020  66.705072 23.207
 39     1.495 53592.62026496 18.21  86.458660  66.708142 12.452
 39     1.717 53592.62026561 15.96  86.455290  66.711222 12.452
 39     1.930 53592.62026625 15.08  86.451930  66.714292 12.452
 40     1.739 53627.62025180 18.16  86.440775  66.683696 23.134
 40     1.337 53627.62025245 17.40  86.437415  66.686766 23.134
 40     1.540 53627.62025309 17.77  86.434045  66.689846 23.134
 40     1.334 53627.62025374 19.35  86.430685  66.692916 23.134
 40     0.982 53627.62025438 17.70  86.427315  66.695996 23.134
 40     1.148 53627.62025503 15.94  86.423953  66.699066 15.325
 40     1.819 53627.62025567 13.89  86.420583  66.702136 15.325
 40     3.436 53627.62025631 12.26  86.417213  66.705216 15.325
 40     7.536 53627.62025696 11.52  86.413843  66.708286 15.325
 41     1.864 53662.62027598 32.07  86.461147  66.682265 12.906
 41     1.360 53662.62027662 32.43  86.457777  66.685345 12.906
 41     2.440 53662.62027727 24.22  86.454417  66.688415 12.906
 41     4.010 53662.62027791 22.55  86.451057  66.691495 12.906
 41     2.523 53662.62027856 25.84  86.447697  66.694565 12.906
 41     2.184 53662.62027920 24.08  86.444337  66.697635 12.906
 41     3.045 53662.62027985 19.47  86.440967  66.700715 12.906
 41     3.864 53662.62028049 19.72  86.437606  66.703789  8.164
 41     5.267 53662.62028114 19.17  86.434236  66.706859  8.164
 41     7.427 53662.62028178 19.48  86.430866  66.709939  8.164
 42     2.988 53697.62023997 32.47  86.475726  66.682736  9.665
 42     2.624 53697.62024062 18.46  86.472366  66.685806  9.665
 42     2.033 53697.62024126 17.03  86.469006  66.688886  9.665
 42     1.873 53697.62024191 18.20  86.465646  66.691956  9.665
 42     2.095 53697.62024449 19.66  86.452196  66.704256  9.665
 42     2.240 53697.62024513 19.75  86.448836  66.707326  9.665
 42     2.391 53697.62024578 19.08  86.445466  66.710406  9.665
 42     2.449 53697.62024642 19.20  86.442100  66.713481  4.351
 43    11.089 53732.62016265 14.29  86.485471  66.684878  5.253
 43     8.807 53732.62016330 14.44  86.482111  66.687948  5.253
 43     5.821 53732.62016394 14.66  86.478751  66.691028  5.253
 43     3.856 53732.62016459 14.94  86.475391  66.694098  5.253
 43     0.738 53732.62016717 15.67  86.461951  66.706398  5.253
 43     0.752 53732.62016781 15.97  86.458581  66.709478  5.253
 43     0.568 53732.62016845 16.78  86.455221  66.712548  5.253
 43     2.089 53732.62016910 15.70  86.451857  66.715626  4.159
 44    10.582 53767.62013963 15.29  86.468367  66.682347  3.528
 44     9.914 53767.62014027 15.30  86.465007  66.685417  3.528
 44     8.640 53767.62014092 15.29  86.461647  66.688497  3.528
 44     3.800 53767.62014156 15.94  86.458287  66.691567  3.528
 44     2.865 53767.62014350 16.19  86.448197  66.700787  3.528
 44     1.790 53767.62014414 16.06  86.444827  66.703867  3.528
 44     1.310 53767.62014479 16.40  86.441467  66.706937  3.528
 44     1.602 53767.62014543 16.15  86.438097  66.710017  3.528
 44     5.868 53767.62014608 16.21  86.434727  66.713087  3.528
 45    10.542 53802.62013920 14.37  86.480035  66.685554  3.862
 45    10.011 53802.62013984 14.46  86.476675  66.688624  3.862
 45     7.122 53802.62014049 14.80  86.473315  66.691704  3.862
 45     1.746 53802.62014307 14.25  86.459865  66.704004  3.862
 45     2.079 53802.62014371 14.02  86.456505  66.707074  3.862
 45     2.872 53802.62014436 13.39  86.453136  66.710153  3.317
 45     6.312 53802.62014500 12.80  86.449776  66.713223  3.317
 45     8.030 53802.62014565 12.64  86.446406  66.716293  3.317
 46    10.071 53837.62015223 12.28  86.452203  66.682661  3.341
 46     8.880 53837.62015287 12.78  86.448843  66.685741  3.341
 46     7.750 53837.62015352 12.92  86.445473  66.688811  3.341
 46     6.186 53837.62015416 13.20  86.442113  66.691881  3.341
 46     4.348 53837.62015480 13.23  86.438743  66.694961  3.341
 46     2.570 53837.62015545 13.13  86.435383  66.698031  3.341
 46     1.447 53837.62015609 13.76  86.432013  66.701111  3.341
 46     4.038 53837.62015674 13.43  86.428653  66.704181  3.341
 46     4.520 53837.62015738 12.47  86.425283  66.707251  3.341
 46     6.540 53837.62015803 11.71  86.421915  66.710328  3.069
 47     1.660 53872.62020378 36.25  86.462927  66.683721 21.563
 47     1.867 53872.62020443 34.24  86.459567  66.686801 21.563
 47     1.845 53872.62020507 42.53  86.456207  66.689871 21.563
 47     1.496 53872.62020701 37.14  86.446117  66.699091 21.563
 47     1.273 53872.62020765 30.39  86.442757  66.702171 21.563
 47     1.115 53872.62020830 22.75  86.439388  66.705246  9.933
 47     1.272 53872.62020894 18.71  86.436018  66.708316  9.933
 47     1.680 53872.62020959 16.90  86.432658  66.711396  9.933
 48     9.679 53907.62024515 27.30  86.457860  66.683805  9.745
 48     9.723 53907.62024579 27.47  86.454500  66.686875  9.745
 48     9.528 53907.62024644 27.14  86.451140  66.689945  9.745
 48     9.648 53907.62024708 26.14  86.447780  66.693025  9.745
 48     9.632 53907.62024773 26.42  86.444410  66.696095  9.745
 48     9.430 53907.62024837 26.10  86.441050  66.699175  9.745
 48     9.348 53907.62024902 25.53  86.437680  66.702245  9.745
 48     9.628 53907.62024966 24.81  86.434320  66.705325  9.745
 48     9.690 53907.62025031 24.03  86.430950  66.708395  9.745
 48     9.933 53907.62025095 30.68  86.427580  66.711475  9.745
 49     5.341 53942.62027119 16.06  86.458377  66.683055 15.955
 49     3.982 53942.62027184 16.16  86.455017  66.686135 15.955
 49     2.415 53942.62027248 18.57  86.451657  66.689205 15.955
 49     2.263 53942.62027313 22.54  86.448297  66.692285 15.955
 49     2.381 53942.62027377 24.71  86.444937  66.695355 15.955
 49     1.925 53942.62027442 21.90  86.441567  66.698435 15.955
 49     2.070 53942.62027506 16.56  86.438207  66.701505 15.955
 49     2.290 53942.62027571 14.42  86.434837  66.704575 15.955
 49     2.755 53942.62027635 12.34  86.431477  66.707655 15.955
 49     6.905 53942.62027700 11.10  86.428107  66.710725 15.955
 50     1.545 53977.62022331 47.67  86.477334  66.683066 20.342
 50     1.478 53977.62022395 45.39  86.473974  66.686136 20.342
 50     1.424 53977.62022460 47.48  86.470614  66.689216 20.342
 50     1.507 53977.62022524 51.38  86.467254  66.692286 20.342
 50     1.446 53977.62022782 37.35  86.453804  66.704586 20.342
 50     1.219 53977.62022847 37.53  86.450444  66.707666 20.342
 50     1.215 53977.62022911 38.14  86.447084  66.710736 20.342
 50     1.378 53977.62022975 35.23  86.443714  66.713806 20.342
 51     7.533 54012.62023116 19.35  86.451918  66.682087 12.175
 51     6.624 54012.62023181 17.51  86.448558  66.685157 12.175
 51     5.135 54012.62023245 19.04  86.445188  66.688237 12.175
 51     2.082 54012.62023310 20.38  86.441828  66.691307 12.175
 51     1.998 54012.62023374 20.97  86.438458  66.694377 12.175
 51     1.679 54012.62023439 22.16  86.435098  66.697457 12.175
 51     1.896 54012.62023503 21.67  86.431728  66.700527 12.175
 51     2.288 54012.62023568 20.52  86.428368  66.703607 12.175
 51     2.551 54012.62023632 20.89  86.424998  66.706677 12.175
 51     4.282 54012.62023697 20.78  86.421628  66.709747 12.175
 52     6.083 54047.62024126 16.34  86.470171  66.684464  4.239
 52     4.926 54047.62024191 17.26  86.466811  66.687544  4.239
 52     4.152 54047.62024255 17.02  86.463451  66.690614  4.239
 52     1.181 54047.62024513 16.57  86.450001  66.702914  4.239
 52     1.146 54047.62024578 16.13  86.446631  66.705994  4.239
 52     1.212 54047.62024642 16.59  86.443271  66.709064  4.239
 52     6.613 54047.62024707 15.96  86.439901  66.712134  4.239
 54    11.251 54117.62016471 13.18  86.485275  66.684333  4.443
 54     7.372 54117.62016535 13.77  86.481915  66.687403  4.443
 54     6.561 54117.62016599 13.44  86.478555  66.690483  4.443
 54     4.187 54117.62016664 13.60  86.475195  66.693553  4.443
 54     1.935 54117.62016922 12.36  86.461755  66.705853  4.443
 54     4.192 54117.62016986 11.99  86.458385  66.708933  4.443
 54     2.295 54117.62017051 11.80  86.455025  66.712003  4.443
 54     8.704 54117.62017115 10.98  86.451655  66.715083  4.443
 55    10.990 54152.62018708 10.25  86.464482  66.684606  2.849
 55     9.650 54152.62018772  9.90  86.461122  66.687686  2.849
 55     7.922 54152.62018837 10.12  86.457762  66.690756  2.849
 55     3.253 54152.62019030 10.00  86.447672  66.699986  2.849
 55     2.883 54152.62019095  9.95  86.444312  66.703056  2.849
 55     4.071 54152.62019159 10.02  86.440942  66.706126  2.849
 55     6.575 54152.62019224  9.13  86.437572  66.709206  2.849
 55     7.810 54152.62019288  8.66  86.434212  66.712276  2.849
 56    11.844 54187.62015838 11.11  86.481888  66.684208  2.656
 56     9.613 54187.62015903 11.41  86.478528  66.687288  2.656
 56     5.999 54187.62015967 12.56  86.475168  66.690358  2.656
 56     3.840 54187.62016031 12.55  86.471808  66.693438  2.656
 56     3.571 54187.62016289 11.69  86.458368  66.705738  2.656
 56     3.276 54187.62016354 11.48  86.454998  66.708808  2.656
 56     6.049 54187.62016418 11.10  86.451638  66.711888  2.656
 56     7.431 54187.62016483 11.16  86.448278  66.714958  2.656
 57     3.007 54222.62019669 21.73  86.460982  66.682353  9.528
 57     2.832 54222.62019733 22.25  86.457622  66.685433  9.528
 57     2.967 54222.62019798 21.42  86.454262  66.688503  9.528
 57     3.218 54222.62019862 21.36  86.450892  66.691583  9.528
 57     3.000 54222.62019927 22.89  86.447532  66.694653  9.528
 57     3.146 54222.62019991 22.94  86.444172  66.697733  9.528
 57     2.819 54222.62020056 23.39  86.440802  66.700803  9.528
 57     3.076 54222.62020120 22.50  86.437442  66.703883  9.528
 57     3.270 54222.62020185 22.20  86.434072  66.706953  9.528
 57     3.302 54222.62020249 23.04  86.430702  66.710023  9.528
 58    12.150 54257.62021867 21.41  86.468790  66.682320  9.079
 58    11.788 54257.62021931 20.68  86.465430  66.685390  9.079
 58    11.491 54257.62021996 21.82  86.462070  66.688470  9.079
 58    10.079 54257.62022060 24.80  86.458710  66.691540  9.079
 58    11.951 54257.62022254 21.58  86.448620  66.700770  9.079
 58    12.497 54257.62022318 21.50  86.445250  66.703840  9.079
 58    12.787 54257.62022382 20.85  86.441890  66.706920  9.079
 58    12.971 54257.62022447 20.74  86.438520  66.709990  9.079
 58    12.916 54257.62022511 21.32  86.435160  66.713070  9.079
 59    11.290 54292.62022138 13.26  86.467039  66.684381  5.561
 59     9.885 54292.62022203 13.42  86.463679  66.687461  5.561
 59     5.162 54292.62022267 14.20  86.460319  66.690531  5.561
 59     3.807 54292.62022525 13.90  86.446859  66.702831  5.561
 59     4.054 54292.62022590 13.05  86.443499  66.705911  5.561
 59     4.879 54292.62022654 12.17  86.440129  66.708981  5.561
 59     7.769 54292.62022718 11.59  86.436769  66.712051  5.561
 60     2.356 54327.62021702 24.56  86.473598  66.683796 18.641
 60     1.602 54327.62021766 22.74  86.470238  66.686866 18.641
 60     2.304 54327.62021831 21.26  86.466878  66.689946 18.641
 60     2.345 54327.62022089 24.55  86.453428  66.702246 18.641
 60     2.043 54327.62022153 20.10  86.450058  66.705316 18.641
 60     2.386 54327.62022218 17.57  86.446698  66.708396 18.641
 60     2.666 54327.62022282 18.06  86.443328  66.711466 18.641
 60     2.678 54327.62022346 17.09  86.439968  66.714546 18.641
 61     3.568 54362.62016581 47.36  86.485067  66.683318 21.174
 61     3.624 54362.62016645 47.00  86.481707  66.686388 21.174
 61     3.646 54362.62016710 46.62  86.478347  66.689468 21.174
 61     3.670 54362.62016774 45.65  86.474997  66.692538 21.174
 61     3.591 54362.62017032 47.20  86.461547  66.704838 21.174
 61     3.701 54362.62017097 45.86  86.458187  66.707918 21.174
 61     3.691 54362.62017161 47.11  86.454817  66.710988 21.174
 61     3.613 54362.62017226 43.04  86.451457  66.714068 21.174
 61     3.656 54362.62017290 38.09  86.448087  66.717138 21.174
 62     3.463 54397.62015660 33.66  86.467700  66.681880 23.328
 62     3.220 54397.62015724 37.86  86.464340  66.684950 23.328
 62     3.220 54397.62015789 42.68  86.460970  66.688030 23.328
 62     3.098 54397.62015853 39.99  86.457610  66.691100 23.328
 62     3.150 54397.62016047 36.78  86.447520  66.700320 23.328
 62     2.353 54397.62016111 44.87  86.444160  66.703400 23.328
 62     2.185 54397.62016175 45.69  86.440790  66.706470 23.328
 62     2.087 54397.62016240 43.30  86.437430  66.709550 23.328
 62     2.084 54397.62016304 45.01  86.434060  66.712620 23.328
 63     0.617 54432.62011552 22.37  86.481284  66.683344  2.846
 63     0.773 54432.62011617 22.58  86.477927  66.686423  5.183
 63     0.486 54432.62011681 23.93  86.474567  66.689503  5.183
 63     0.381 54432.62011746 24.61  86.471207  66.692573  5.183
 63     0.686 54432.62012003 27.14  86.457767  66.704873  5.183
 63     0.875 54432.62012068 27.58  86.454397  66.707943  5.183
 63     0.719 54432.62012132 28.30  86.451037  66.711023  5.183
 63     0.832 54432.62012197 27.48  86.447667  66.714093  5.183
 64     1.083 54467.62013878 20.94  86.462125  66.683092  4.764
 64     0.960 54467.62013943 21.83  86.458765  66.686172  4.764
 64     0.916 54467.62014007 22.31  86.455405  66.689242  4.764
 64     0.624 54467.62014201 23.76  86.445305  66.698462  4.764
 64     0.882 54467.62014265 24.18  86.441945  66.701542  4.764
 64     1.146 54467.62014329 23.15  86.438575  66.704612  4.764
 64     1.073 54467.62014394 23.33  86.435215  66.707692  4.764
 64     1.005 54467.62014458 22.81  86.431845  66.710762  4.764
 65     3.036 54502.62013079 18.29  86.477991  66.682737  7.880
 65     3.172 54502.62013144 18.75  86.474631  66.685817  7.880
 65     2.901 54502.62013208 19.28  86.471271  66.688887  7.880
 65     2.064 54502.62013273 19.18  86.467911  66.691967  7.880
 65     1.307 54502.62013531 20.42  86.454465  66.704267  5.656
 65     1.512 54502.62013595 19.43  86.451105  66.707337  5.656
 65     1.577 54502.62013660 19.71  86.447735  66.710407  5.656
 65     1.724 54502.62013724 19.25  86.444375  66.713487  5.656
 66     9.621 54537.62015397 15.14  86.471589  66.682525  5.348
 66    10.526 54537.62015461 14.58  86.468229  66.685595  5.348
 66     7.294 54537.62015526 15.17  86.464869  66.688675  5.348
 66     3.523 54537.62015590 15.31  86.461509  66.691745  5.348
 66     1.785 54537.62015784 16.64  86.451419  66.700973  4.576
 66     2.022 54537.62015848 16.39  86.448059  66.704043  4.576
 66     1.606 54537.62015913 17.59  86.444689  66.707123  4.576
 66     1.705 54537.62015977 17.75  86.441329  66.710193  4.576
 66     1.525 54537.62016041 17.10  86.437959  66.713263  4.576
 67    12.883 54572.62013221 10.49  86.482202  66.682776  2.909
 67    11.538 54572.62013285 10.43  86.478842  66.685846  2.909
 67     8.299 54572.62013350 11.52  86.475492  66.688926  2.909
 67     5.593 54572.62013414 11.17  86.472132  66.691996  2.909
 67     3.545 54572.62013672 11.34  86.458682  66.704296  2.909
 67     4.156 54572.62013736 10.72  86.455312  66.707376  2.909
 67     6.245 54572.62013801 10.52  86.451952  66.710446  2.909
 67     8.107 54572.62013865 10.17  86.448590  66.713525  2.284
 67     9.270 54572.62013930  9.99  86.445220  66.716595  2.284
 68    15.963 54607.62014801 26.69  86.465109  66.684660 23.821
 68    16.352 54607.62014865 28.34  86.461749  66.687730 23.821
 68    16.306 54607.62014930 29.75  86.458389  66.690810 23.821
 68    15.180 54607.62015123 35.57  86.448299  66.700030 23.821
 68    15.200 54607.62015188 41.86  86.444929  66.703109 27.243
 68    15.694 54607.62015252 41.01  86.441569  66.706179 27.243
 68    15.361 54607.62015317 40.63  86.438199  66.709259 27.243
 68    14.862 54607.62015381 42.51  86.434829  66.712329 27.243
 69     8.468 54642.62015634 46.35  86.469697  66.683948 26.389
 69     8.714 54642.62015698 47.37  86.466337  66.687028 26.389
 69     8.822 54642.62015763 44.44  86.462977  66.690098 26.389
 69     7.190 54642.62016021 48.76  86.449527  66.702398 26.389
 69     7.347 54642.62016085 50.60  86.446159  66.705475 25.572
 69     7.241 54642.62016149 45.54  86.442789  66.708545 25.572
 69     7.200 54642.62016214 50.50  86.439429  66.711625 25.572
 69     6.996 54642.62016278 48.52  86.436059  66.714695 25.572
 70     3.207 54677.62015841 49.13  86.465702  66.684176 25.738
 70     3.315 54677.62015906 50.70  86.462342  66.687256 25.738
 70     3.247 54677.62015970 51.01  86.458982  66.690326 25.738
 70     3.348 54677.62016164 51.20  86.448902  66.699546 25.738
 70     3.142 54677.62016228 46.56  86.445532  66.702626 25.738
 70     3.240 54677.62016293 44.35  86.442173  66.705702 22.290
 70     2.978 54677.62016357 37.34  86.438803  66.708772 22.290
 70     3.034 54677.62016422 31.56  86.435433  66.711852 22.290
 71     2.424 54712.62011158 48.11  86.483638  66.683723 21.039
 71     2.516 54712.62011222 46.17  86.480278  66.686803 21.039
 71     2.387 54712.62011286 48.89  86.476918  66.689873 21.039
 71     2.480 54712.62011351 49.44  86.473558  66.692953 21.039
 71     2.332 54712.62011609 34.39  86.460118  66.705253 21.039
 71     1.965 54712.62011673 33.84  86.456748  66.708323 21.039
 71     1.705 54712.62011738 31.09  86.453388  66.711403 21.039
 71     1.385 54712.62011802 29.74  86.450018  66.714473 21.039
 72     2.196 54747.62012712 52.08  86.462411  66.683628 26.986
 72     2.223 54747.62012776 52.18  86.459051  66.686698 26.986
 72     2.222 54747.62012841 50.05  86.455681  66.689778 26.986
 72     2.133 54747.62013034 52.14  86.445591  66.698998 26.986
 72     2.254 54747.62013098 51.77  86.442228  66.702074 21.646
 72     2.233 54747.62013163 52.25  86.438868  66.705144 21.646
 72     2.200 54747.62013227 51.34  86.435498  66.708224 21.646
 72     2.249 54747.62013292 51.11  86.432138  66.711294 21.646
 73     2.393 54782.62009787 28.59  86.475147  66.682469 10.579
 73     2.361 54782.62009852 29.74  86.471787  66.685539 10.579
 73     2.209 54782.62009916 28.83  86.468427  66.688619 10.579
 73     2.100 54782.62009980 28.77  86.465067  66.691689 10.579
 73     2.523 54782.62010238 29.40  86.451617  66.703989 10.579
 73     2.249 54782.62010303 30.43  86.448249  66.707065  6.391
 73     2.197 54782.62010367 29.50  86.444889  66.710135  6.391
 73     0.978 54782.62010432 29.53  86.441519  66.713215  6.391
 74     1.714 54817.62012005 20.20  86.461786  66.684365  6.196
 74     1.403 54817.62012069 21.16  86.458426  66.687435  6.196
 74     1.055 54817.62012134 21.90  86.455066  66.690515  6.196
 74     1.252 54817.62012327 22.71  86.444976  66.699735  6.196
 74     1.471 54817.62012392 21.74  86.441618  66.702809  4.188
 74     1.758 54817.62012456 20.73  86.438248  66.705879  4.188
 74     1.115 54817.62012521 20.65  86.434878  66.708959  4.188
 74     0.707 54817.62012585 21.73  86.431518  66.712029  4.188
 75    11.522 54852.62009544 12.96  86.476209  66.682831  3.854
 75    10.242 54852.62009608 13.25  86.472859  66.685911  3.854
 75     8.838 54852.62009673 14.04  86.469499  66.688981  3.854
 75     2.971 54852.62009737 14.62  86.466129  66.692061  3.854
 75     1.455 54852.62009995 14.65  86.452679  66.704351  3.854
 75     1.542 54852.62010059 14.23  86.449319  66.707431  3.854
 75     1.889 54852.62010124 13.55  86.445956  66.710508  3.418
 75     7.927 54852.62010188 12.41  86.442586  66.713578  3.418
 76    10.937 54887.62012408 12.91  86.465580  66.683355  3.097
 76     9.507 54887.62012473 12.64  86.462220  66.686425  3.097
 76     8.132 54887.62012537 13.10  86.458860  66.689495  3.097
 76     1.819 54887.62012731 13.31  86.448770  66.698725  3.097
 76     2.044 54887.62012795 13.40  86.445410  66.701801  3.221
 76     1.794 54887.62012860 13.57  86.442040  66.704871  3.221
 76     2.595 54887.62012924 13.07  86.438680  66.707951  3.221
 76     7.280 54887.62012989 12.38  86.435310  66.711021  3.221
 77    10.673 54922.62009609 13.01  86.481763  66.685255  3.437
 77     9.485 54922.62009673 12.87  86.478403  66.688335  3.437
 77     7.593 54922.62009738 13.39  86.475043  66.691405  3.437
 77     1.790 54922.62009996 13.13  86.461603  66.703705  3.437
 77     2.390 54922.62010060 12.49  86.458233  66.706785  3.437
 77     3.027 54922.62010125 12.10  86.454873  66.709855  3.437
 77     5.186 54922.62010189 11.70  86.451510  66.712935  3.154
 77     8.788 54922.62010253 11.42  86.448140  66.716005  3.154
 78     2.185 54957.62012113 22.73  86.460003  66.683930  9.255
 78     2.203 54957.62012178 22.48  86.456643  66.687010  9.255
 78     2.353 54957.62012242 23.25  86.453283  66.690080  9.255
 78     2.382 54957.62012371 24.24  86.446553  66.696230  9.255
 78     2.317 54957.62012436 21.84  86.443189  66.699308  4.090
 78     2.057 54957.62012500 21.07  86.439819  66.702378  4.090
 78     1.841 54957.62012565 17.86  86.436459  66.705458  4.090
 78     1.880 54957.62012629 16.26  86.433089  66.708528  4.090
 78     2.164 54957.62012693 14.92  86.429719  66.711598  4.090
 79    13.716 54992.62014357 22.60  86.465050  66.683514 13.521
 79    13.144 54992.62014422 22.50  86.461690  66.686584 13.521
 79    12.179 54992.62014486 21.59  86.458330  66.689664 13.521
 79    12.523 54992.62014680 18.55  86.448240  66.698884 13.521
 79    13.562 54992.62014744 17.91  86.444880  66.701963 13.775
 79    14.169 54992.62014809 18.05  86.441510  66.705033 13.775
 79    14.190 54992.62014873 17.72  86.438150  66.708103 13.775
 80     3.019 55027.62013357 25.22  86.473421  66.682501 21.137
 80     2.215 55027.62013422 23.05  86.470061  66.685581 21.137
 80     2.498 55027.62013486 20.83  86.466701  66.688651 21.137
 80     2.888 55027.62013551 22.31  86.463341  66.691731 21.137
 80     2.385 55027.62013809 20.45  86.449893  66.704030 17.761
 80     2.613 55027.62013873 17.16  86.446523  66.707100 17.761
 80     2.897 55027.62013938 15.51  86.443163  66.710180 17.761
 80     3.013 55027.62014002 15.32  86.439793  66.713250 17.761
 81     1.264 55062.62012622 51.34  86.471478  66.682228 21.914
 81     1.411 55062.62012686 53.82  86.468118  66.685298 21.914
 81     1.388 55062.62012751 50.62  86.464758  66.688378 21.914
 81     1.339 55062.62012815 52.12  86.461398  66.691448 21.914
 81     1.363 55062.62013008 41.53  86.451318  66.700668 21.914
 81     1.211 55062.62013073 38.39  86.447948  66.703748 21.914
 81     1.073 55062.62013137 38.46  86.444589  66.706826 16.524
 81     0.958 55062.62013202 37.99  86.441219  66.709896 16.524
 81     1.126 55062.62013266 35.77  86.437849  66.712976 16.524
 82     1.595 55097.62007348 19.04  86.484941  66.683505 21.237
 82     1.439 55097.62007413 17.99  86.481581  66.686585 21.237
 82     3.656 55097.62007477 18.14  86.478221  66.689655 21.237
 82     2.995 55097.62007542 20.47  86.474861  66.692735 21.237
 82     3.121 55097.62007800 17.41  86.461421  66.705035 21.237
 82     3.095 55097.62007864 12.84  86.458061  66.708105 21.237
 82     2.515 55097.62007929 12.40  86.454691  66.711185 21.237
 82    18.963 55097.62007993 12.03  86.451331  66.714255 21.237
 82    22.221 55097.62008057 11.24  86.447964  66.717335 10.835
 83     2.937 55132.62007009 33.08  86.462681  66.684168 11.990
 83     2.703 55132.62007074 33.97  86.459321  66.687238 11.990
 83     2.972 55132.62007138 34.09  86.455951  66.690318 11.990
 83     1.637 55132.62007331 38.62  86.445861  66.699538 11.990
 83     1.699 55132.62007396 42.37  86.442499  66.702612 11.876
 83     1.994 55132.62007460 45.88  86.439139  66.705682 11.876
 83     1.400 55132.62007525 45.41  86.435769  66.708762 11.876
 83     1.816 55132.62007589 42.87  86.432399  66.711832 11.876
 84    10.952 55167.62003602 18.77  86.476468  66.683732  3.322
 84     6.773 55167.62003666 19.29  86.473108  66.686802  3.322
 84     5.754 55167.62003731 19.70  86.469748  66.689882  3.322
 84     0.777 55167.62003988 18.72  86.456308  66.702182  3.322
 84     0.982 55167.62004053 18.93  86.452938  66.705252  3.322
 84     5.370 55167.62004117 18.88  86.449578  66.708322  3.322
 84     5.708 55167.62004182 18.27  86.446208  66.711402  3.322
 84     8.012 55167.62004246 17.74  86.442847  66.714477  4.700
 85    13.054 55202.62006243 15.09  86.463219  66.683390  3.018
 85     5.476 55202.62006308 15.57  86.459859  66.686460  3.018
 85     4.935 55202.62006372 15.44  86.456489  66.689540  3.018
 85     0.894 55202.62006566 15.97  86.446409  66.698760  3.018
 85     1.840 55202.62006630 15.70  86.443038  66.701836  3.406
 85     2.441 55202.62006695 15.71  86.439678  66.704906  3.406
 85     4.512 55202.62006759 14.70  86.436308  66.707986  3.406
 85     6.195 55202.62006824 13.81  86.432938  66.711056  3.406
 86    10.380 55237.62004334 13.70  86.477421  66.683995  2.729
 86     8.463 55237.62004398 13.75  86.474061  66.687075  2.729
 86     5.054 55237.62004462 14.06  86.470711  66.690145  2.729
 86     1.591 55237.62004720 14.07  86.457261  66.702445  2.729
 86     1.690 55237.62004785 14.11  86.453901  66.705515  2.729
 86     3.065 55237.62004849 13.42  86.450531  66.708595  2.729
 86     6.489 55237.62004914 13.00  86.447165  66.711672  2.799
 86     7.826 55237.62004978 12.63  86.443805  66.714742  2.799
 87     4.960 55272.62005644 13.99  86.468899  66.684060  2.942
 87     4.843 55272.62005709 14.52  86.465539  66.687130  2.942
 87     4.041 55272.62005773 13.95  86.462179  66.690210  2.942
 87     1.529 55272.62006031 14.22  86.448725  66.702507  2.557
 87     1.598 55272.62006096 13.76  86.445365  66.705577  2.557
 87     3.841 55272.62006160 13.07  86.441995  66.708657  2.557
 87     6.025 55272.62006225 13.09  86.438635  66.711727  2.557
 88     1.328 55307.62002607  7.53  86.481565  66.685638  3.340
 88     1.195 55307.62002672  7.72  86.478205  66.688708  3.340
 88     9.496 55307.62002736  0.93  86.474845  66.691788  3.340
 89     9.188 55342.62002584 35.24  86.468810  66.683216 23.851
 89     9.368 55342.62002649 34.30  86.465450  66.686286 23.851
 89     8.994 55342.62002713 40.48  86.462090  66.689366 23.851
 89     8.501 55342.62002971 27.11  86.448640  66.701666 23.851
 89     8.929 55342.62003036 26.81  86.445280  66.704736 23.851
 89     8.984 55342.62003100 30.11  86.441909  66.707813 25.016
 89     9.091 55342.62003164 33.70  86.438539  66.710883 25.016
 89     9.296 55342.62003229 33.06  86.435179  66.713963 25.016
 90     5.724 55377.62001947 49.76  86.475127  66.683141 30.352
 90     5.699 55377.62002011 49.87  86.471767  66.686221 30.352
 90     5.697 55377.62002076 51.07  86.468407  66.689291 30.352
 90     5.672 55377.62002140 50.28  86.465047  66.692371 30.352
 90     5.715 55377.62002334 52.75  86.454957  66.701591 30.352
 90     5.758 55377.62002398 52.14  86.451593  66.704670 31.436
 90     5.663 55377.62002462 53.95  86.448233  66.707740 31.436
 90     5.643 55377.62002527 52.94  86.444863  66.710820 31.436
 90     5.764 55377.62002591 52.81  86.441503  66.713890 31.436
 91     3.797 55412.62004362 17.25  86.464605  66.682285 15.007
 91     4.199 55412.62004427 15.33  86.461245  66.685355 15.007
 91     4.052 55412.62004491 15.18  86.457885  66.688435 15.007
 91     4.418 55412.62004685 17.55  86.447795  66.697655 15.007
 91     2.522 55412.62004749 17.86  86.444427  66.700732 15.494
 91     2.731 55412.62004813 15.44  86.441067  66.703802 15.494
 91     2.857 55412.62004878 14.86  86.437697  66.706882 15.494
 91     3.305 55412.62004942 13.30  86.434327  66.709952 15.494
 91     3.942 55412.62005007 12.68  86.430957  66.713022 15.494
 92     3.527 55447.62003366 48.29  86.474752  66.682047 31.194
 92     3.601 55447.62003431 47.43  86.471392  66.685127 31.194
 92     3.596 55447.62003495 50.42  86.468032  66.688197 31.194
 92     3.415 55447.62003560 47.09  86.464672  66.691277 31.194
 92     3.478 55447.62003818 45.28  86.451222  66.703577 31.194
 92     3.514 55447.62003882 51.11  86.447862  66.706647 31.194
 92     3.590 55447.62003946 49.25  86.444494  66.709725 22.906
 92     3.388 55447.62004011 45.38  86.441124  66.712795 22.906
 93     1.874 55482.61996326 26.52  86.487560  66.684661 13.199
 93     1.611 55482.61996390 24.38  86.484200  66.687731 13.199
 93     2.573 55482.61996455 21.67  86.480840  66.690811 13.199
 93     2.924 55482.61996519 24.89  86.477480  66.693881 13.199
 93     2.474 55482.61996777 19.42  86.464040  66.706181 13.199
 93     2.943 55482.61996841 17.43  86.460680  66.709261 13.199
 93     8.193 55482.61996906 15.83  86.457310  66.712331 13.199
 93    13.438 55482.61996970 15.53  86.453950  66.715411 13.199
