# NaN NaN NaN ;Mean Elev.(m), Avg Gradient(m/km), RMS Gradient(m/km) - SRTM1     
#   52.614  -4.614  14.352 ;Mean Elev.(m), Avg Gradient(m/km), RMS Gradient(m/km) - ASTER GDEM
#   74.877  -4.787  14.707 ;Mean Elev.(m), Avg Gradient(m/km), RMS Gradient(m/km) - GMTED2010 
  7  92.758422  58.132455    75.216    75.130  4 52456.62042592 28.417
 10  92.755437  58.131542    74.922    74.833  4 52561.62042684 16.711
 15  92.765050  58.134340    75.399    75.340  4 52736.62041271 46.303
 17  92.750692  58.128704    75.132    75.098  4 52806.62043580 43.732
 18  92.754417  58.130190    74.989    74.922  4 52841.62049537 42.364
 19  92.756190  58.130009    75.259    75.318  3 52876.62053398 24.985
 20  92.772833  58.134042    74.831    74.859  4 52911.62049562 23.439
 21  92.754186  58.130433    74.248    74.226  4 52946.62044876 47.654
 23  92.764159  58.132442    78.615    78.881  4 53016.62048482 25.533
 26  92.755143  58.127827    84.258    84.258  2 53121.62046894 14.905
 28  92.764503  58.132989    76.122    76.104  4 53191.62051682 27.769
 29  92.765271  58.133258    75.565    75.223  5 53226.62052013 29.311
 30  92.764043  58.134234    76.850    76.821  4 53261.62049405 16.626
 31  92.748922  58.127226    83.173    83.173  2 53296.62052717 17.472
 33  92.769325  58.135693    81.216    81.228  4 53366.62044678 22.839
 34  92.756034  58.131369    79.623    79.685  4 53401.62047360 17.690
 35  92.766618  58.134533    80.186    80.130  4 53436.62046326 11.741
 36  92.752958  58.129095   102.237   103.571  3 53471.62051345 11.233
 38  92.757840  58.131576    76.327    76.218  3 53541.62055182 18.110
 39  92.762458  58.133215    75.829    75.766  4 53576.62054097 36.056
 40  92.765512  58.134688    75.824    75.778  4 53611.62049301 39.817
 41  92.754501  58.130186    75.105    75.131  3 53646.62049682 35.354
 42  92.756350  58.133120    74.562    74.533  3 53681.62051333 45.194
 44  92.757132  58.130982    81.317    81.298  3 53751.62035908 17.990
 45  92.765574  58.133735    79.571    79.563  4 53786.62038956 18.959
 47  92.753426  58.128837    76.085    76.088  4 53856.62043406 46.860
 48  92.760821  58.134952    76.901    76.901  2 53891.62044732 47.590
 49  92.752750  58.124240    76.084    76.084  2 53926.62050730 22.289
 50  92.758458  58.131905    75.603    75.582  4 53961.62049393 26.797
 51  92.749915  58.127513    75.608    75.635  3 53996.62043515 38.501
 52  92.756530  58.132098    75.132    75.139  4 54031.62048856 48.224
 53  92.764257  58.133074    74.869    74.845  4 54066.62048220 46.187
 55  92.755938  58.128432    80.378    80.378  2 54136.62040911 20.787
 56  92.765031  58.132260    81.268    81.297  4 54171.62042028 10.775
 59  92.760532  58.130964    77.718    77.134  4 54276.62046224 20.467
 61  92.768710  58.132792    75.242    75.192  4 54346.62043665 38.438
 62  92.756309  58.130438    75.127    75.089  3 54381.62039990 29.515
 63  92.764064  58.132462    74.121    74.586  4 54416.62038559 49.796
 64  92.753852  58.129009    74.303    74.263  4 54451.62036857 45.473
 65  92.762224  58.132053    79.292    79.278  4 54486.62038218 13.747
 66  92.758279  58.130108    78.993    79.007  4 54521.62038191 10.412
 68  92.757138  58.132415    78.467    78.239  3 54591.62037864 35.588
 70  92.757036  58.131596    76.698    76.749  4 54661.62040202 37.642
 71  92.765939  58.133372    75.298    74.917  5 54696.62037857 28.171
 72  92.755724  58.129837    75.761    75.144  3 54731.62035785 41.516
 73  92.760792  58.132262    76.021    75.993  3 54766.62035718 41.747
 74  92.755282  58.127000    75.858    75.886  3 54801.62035103 33.737
 76  92.754573  58.130888    81.047    81.021  4 54871.62035009 13.375
 77  92.765259  58.133428    79.655    79.520  5 54906.62035743 18.069
 78  92.754903  58.130456    76.614    76.649  4 54941.62034279 49.248
 79  92.757910  58.132503    91.064    90.091  4 54976.62037137 17.003
 80  92.760471  58.133314    76.081    76.078  4 55011.62038037 30.465
 81  92.759655  58.131495    76.056    76.087  3 55046.62037188 34.212
 82  92.767778  58.133284    76.229    76.257  4 55081.62034473 46.558
 83  92.757194  58.129851    75.827    75.487  4 55116.62030344 19.637
 84  92.760682  58.132184    74.825    74.905  3 55151.62030207 45.774
 85  92.756426  58.126353    82.158    82.158  2 55186.62028911 17.745
 86  92.761360  58.132722    81.194    81.212  4 55221.62030062 11.263
 87  92.758322  58.130583    79.853    79.869  4 55256.62028568 10.899
 88  92.766514  58.133013    79.804    79.789  4 55291.62028915 14.586
 89  92.758417  58.130331    80.536    80.453  3 55326.62027066 44.332
 90  92.762592  58.132665    77.331    77.346  4 55361.62026728 31.328
 91  92.756730  58.128463    83.541    83.541  2 55396.62027352 16.047
 92  92.760463  58.133443    75.624    75.510  4 55431.62028274 18.607
 93  92.769439  58.135532    75.491    75.486  4 55466.62024289 34.332
