# NaN NaN NaN ;Mean Elev.(m), Avg Gradient(m/km), RMS Gradient(m/km) - SRTM1     
#   22.013  -6.917  33.801 ;Mean Elev.(m), Avg Gradient(m/km), RMS Gradient(m/km) - ASTER GDEM
#   30.986  -6.110  30.597 ;Mean Elev.(m), Avg Gradient(m/km), RMS Gradient(m/km) - GMTED2010 
  7  90.207182  61.522282    29.464    28.971 19 52472.21058755 27.230
  8  90.200226  61.512480    14.047    13.777 13 52507.21056463 16.909
 10  90.208910  61.520322    26.696    26.464 17 52577.21059544 48.862
 12  90.218601  61.523404    29.364    29.400  5 52647.21054299 17.866
 13  90.218631  61.526305    29.909    30.049  9 52682.21051302 16.113
 14  90.218592  61.527933    27.573    27.591 11 52717.21057169 14.923
 18  90.223615  61.524829    27.344    27.223  5 52857.21066186 45.213
 19  90.207468  61.519884    26.860    26.763 17 52892.21069540 35.076
 20  90.191018  61.512958    26.470    26.424  9 52927.21064900 46.376
 22  90.204043  61.513737    31.174    31.183 13 52997.21066041 12.371
 23  90.191379  61.510801    29.198    28.579 14 53032.21061955 13.124
 24  90.218612  61.522356    28.482    28.294  5 53067.21062721 16.402
 25  90.177432  61.496710    31.360    31.207  4 53102.21062694  6.580
 26  90.226669  61.528542    34.292    33.568  4 53137.21062841 18.758
 27  90.217105  61.526577    40.595    41.411 10 53172.21067672 13.621
 28  90.209069  61.521951    29.027    28.324 18 53207.21069230 30.027
 29  90.204710  61.515711    30.084    29.793 10 53242.21066123 26.791
 31  90.210746  61.520576    27.393    27.080 14 53312.21066897 50.859
 32  90.219543  61.534163    32.212    32.606  9 53347.21063206 33.713
 34  90.222670  61.527357    33.080    33.346  7 53417.21061185 25.499
 36  90.206786  61.521440    30.551    30.523 18 53487.21069858 23.655
 38  90.197708  61.514501    28.361    28.367 16 53557.21071630 49.791
 39  90.211998  61.522399    28.043    27.999 16 53592.21065139 25.399
 41  90.217387  61.527562    27.315    27.216 12 53662.21066586 46.221
 42  90.206267  61.521398    26.882    26.932 19 53697.21063327 49.149
 43  90.199733  61.515759    29.713    29.527 16 53732.21055708 29.771
 44  90.226011  61.525541    32.155    32.044  4 53767.21052972 18.100
 45  90.192978  61.502282    35.728    34.735  6 53802.21053515 18.459
 46  90.226537  61.525008    29.639    29.634  3 53837.21054085 17.482
 47  90.216992  61.523874    35.461    36.178  7 53872.21059440 26.384
 48  90.208264  61.517668    28.957    28.913 12 53907.21063600 36.074
 49  90.195128  61.512368    30.268    30.343 16 53942.21066445 46.074
 50  90.192492  61.511019    28.373    28.368 16 53977.21061856 45.567
 54  90.176117  61.492340    38.703    36.174  5 54117.21056399 13.392
 56  90.187576  61.504231    32.652    32.633 10 54187.21055484 14.668
 58  90.199677  61.505732    35.017    35.073  4 54257.21061319 28.756
 59  90.218369  61.527583    28.231    28.203 11 54292.21061107 49.448
 60  90.211237  61.522096    27.598    27.317 17 54327.21060864 32.229
 61  90.191730  61.511426    27.856    27.541 14 54362.21056098 45.256
 62  90.220266  61.526607    26.884    26.879  8 54397.21054746 35.216
 63  90.205271  61.521876    26.879    26.787 19 54432.21050860 49.239
 64  90.220120  61.520992    30.367    30.376  3 54467.21052995 20.214
 65  90.219854  61.538480    30.659    31.261  9 54502.21051987 14.642
 67  90.182572  61.493817    39.644    39.644  2 54572.21053060  5.733
 69  90.209139  61.521648    28.195    28.057 17 54642.21054796 50.290
 71  90.198553  61.515274    27.445    27.346 16 54712.21050545 25.559
 73  90.204428  61.514541    81.613   108.776  8 54782.21049175 37.820
 74  90.219774  61.526010    30.496    30.429  8 54817.21051005 25.530
 75  90.217957  61.534729    30.120    30.184  9 54852.21048512 15.893
 76  90.216361  61.527414    29.603    29.652  5 54887.21051441 13.532
 77  90.201872  61.528158    30.029    30.125 10 54922.21048738  8.948
 78  90.220458  61.527930    35.675    35.658  9 54957.21051017 39.219
 79  90.193479  61.500357    38.638    40.145  3 54992.21053906 19.146
 80  90.205139  61.516227    31.880    30.091 15 55027.21052648 43.786
 81  90.208062  61.517535    27.733    27.732 12 55062.21051880 51.205
 82  90.179652  61.497914    29.775    29.467  5 55097.21047155 27.481
 84  90.193191  61.501421    34.657    34.769  5 55167.21043279  7.181
 85  90.215994  61.523602    32.378    32.368  8 55202.21045308 10.128
 86  90.194354  61.509333    33.044    32.657 12 55237.21043850  7.729
 87  90.211157  61.522183    32.007    31.919 16 55272.21044774  7.162
 88  90.190834  61.507390    47.553    37.083  4 55307.21042075  7.862
 90  90.207786  61.521396    29.664    29.636 18 55377.21041141 47.164
 91  90.216472  61.521415    36.831    35.586  5 55412.21043459 13.938
 92  90.208379  61.519458    30.318    30.638 16 55447.21042625 23.748
 93  90.192367  61.513843    28.468    28.585 10 55482.21035842 37.224
