# NaN NaN NaN ;Mean Elev.(m), Avg Gradient(m/km), RMS Gradient(m/km) - SRTM1     
#  -11.120  -2.533   6.302 ;Mean Elev.(m), Avg Gradient(m/km), RMS Gradient(m/km) - ASTER GDEM
#    1.000  -1.733   4.447 ;Mean Elev.(m), Avg Gradient(m/km), RMS Gradient(m/km) - GMTED2010 
  6  86.640679  67.015387    16.097    16.082  6 52420.23337290 38.056
  7  86.639505  67.020363    11.239    11.341  4 52455.23339604 21.051
  8  86.642240  67.016562     1.577     1.593  4 52490.23337178 25.369
  9  86.639106  67.027503     6.055     2.176  4 52525.23334860 23.309
 10  86.640409  67.012120     1.880     0.813  6 52560.23340020 25.332
 11  86.638655  67.022990    -0.017     0.006  5 52595.23340555 22.688
 12  86.644836  67.007813     9.706     9.633  7 52630.23334135 11.661
 14  86.643997  67.000863    10.528    10.477  9 52700.23334364 10.446
 15  86.638839  67.015577    14.503    11.850  5 52735.23337350  8.271
 16  86.637061  67.027333     0.950     0.914  5 52770.23335810 40.504
 17  86.644291  67.008136    19.437    19.800  7 52805.23339881 18.764
 18  86.647241  67.013197     3.481     3.684  5 52840.23345893 29.118
 19  86.642493  67.013840     1.119     1.128  6 52875.23349813 49.440
 20  86.639266  67.018418     1.380     1.403  6 52910.23346793 50.870
 21  86.644152  66.998934     0.451     0.469 10 52945.23341384 31.928
 23  86.638251  67.023368     6.433     5.255  5 53015.23345465 10.557
 24  86.644357  67.008273     8.522     8.469  6 53050.23343160 14.178
 25  86.636653  67.026886    11.948     8.480  5 53085.23346471  9.305
 26  86.642878  67.013079     5.829     6.834  6 53120.23343706 14.120
 27  86.638882  67.016429    14.517    14.551  5 53155.23348959 28.731
 28  86.644799  67.014918     3.401     3.251  3 53190.23348017 19.879
 29  86.640603  67.019022     5.409     2.169  4 53225.23348896 22.571
 30  86.635702  67.027580     8.440     9.280  5 53260.23346212 21.577
 31  86.640344  67.016597     2.005     1.973  5 53295.23349271 44.376
 32  86.639915  67.016196     2.026     2.047  5 53330.23346573 17.419
 35  86.636827  67.020148     5.467     5.605  5 53435.23342960  9.015
 36  86.642422  67.012057    12.923    10.934  6 53470.23347675  8.828
 38  86.638151  67.017670    11.904    11.861  4 53540.23351589 21.942
 39  86.638752  67.024705     6.037     2.212  4 53575.23350874 26.654
 40  86.635897  67.027979     5.077     1.918  5 53610.23345901 23.935
 41  86.648818  67.012984     1.387     1.375  4 53645.23346454 28.827
 42  86.637851  67.022651     1.435     1.428  4 53680.23348032 41.345
 43  86.639412  67.022695     3.910     3.596  5 53715.23340823 13.501
 44  86.645110  67.001892    12.578    11.790 10 53750.23332825 10.025
 45  86.639333  67.015751     7.631     7.550  5 53785.23335635  9.593
 46  86.637664  67.029028    16.983    21.760  5 53820.23331288  7.725
 47  86.641522  67.014830     7.553     7.666  5 53855.23339930  7.690
 48  86.642426  67.010392    15.884    15.878  7 53890.23341023 50.448
 49  86.638986  67.022035     5.573     2.373  5 53925.23347290 25.634
 50  86.637610  67.027161     1.924     1.964  4 53960.23346059 27.774
 51  86.642327  66.995382    19.165    20.003 10 53995.23340195 18.703
 52  86.644639  67.009195     0.863     0.873  7 54030.23345578 45.630
 53  86.639592  67.016660     6.600     6.674  5 54065.23344852 12.812
 55  86.642674  67.009049    28.122    28.551  6 54135.23337523  5.258
 57  86.642682  67.009371     7.894     8.931  7 54205.23337982 17.500
 58  86.640462  67.015463    16.393    16.392  6 54240.23341248 34.738
 59  86.640180  67.016277     7.244     7.249  6 54275.23342848 47.381
 61  86.636184  67.023230     3.699     3.699  5 54345.23340433 51.176
 62  86.642498  67.011100    10.059     9.808  6 54380.23336706 22.105
 63  86.638958  67.020036     1.698     1.695  5 54415.23335340 50.012
 65  86.641071  67.014998    10.509    10.219  5 54485.23334946  8.955
 66  86.643994  67.011775    18.023    17.483  6 54520.23334821  8.127
 67  86.637138  67.022016    32.513    32.730  5 54555.23335947  7.173
 68  86.640241  67.012970     4.884     4.539  6 54590.23334385  9.455
 69  86.638900  67.017974    20.245    20.563  5 54625.23335977 21.066
 70  86.642056  67.019025     6.450     3.025  4 54660.23336780 24.688
 71  86.638440  67.020534     2.855     2.859  4 54695.23334620 51.192
 72  86.644410  67.012812     2.614     2.209  5 54730.23332382 26.764
 73  86.639285  67.015865     1.552     1.620  5 54765.23332557 21.987
 75  86.640436  67.018294     6.597     6.935  5 54835.23331629  9.884
 77  86.635735  67.024266     7.747     4.621  5 54905.23332425  9.301
 78  86.642478  67.012168    13.823    14.375  6 54940.23330678  9.393
 79  86.640537  67.015334     7.355     7.335  5 54975.23333602 38.059
 80  86.639061  67.019393     8.163     5.178  4 55010.23334717 20.337
 81  86.643299  67.017498     1.426     1.405  4 55045.23333801 28.495
 82  86.637371  67.023446     5.346     1.391  4 55080.23331211 18.715
 83  86.641392  67.011381    11.832    12.018  6 55115.23327145 21.290
 84  86.639225  67.017913     6.541     6.607  6 55150.23326979 19.303
 85  86.644007  67.011001    10.260    10.611  6 55185.23325566 11.835
 86  86.638020  67.018823     3.496     4.002  5 55220.23326767 14.054
 87  86.641490  67.009935     9.754     9.735  6 55255.23325213 10.037
 88  86.637298  67.024903     4.730     3.958  4 55290.23325574 10.224
 89  86.639690  67.017184     1.281     1.193  6 55325.23323663 15.531
 90  86.639217  67.019503    21.024    20.980  5 55360.23323385 16.677
 91  86.646197  67.016040     2.091     2.184  4 55395.23323945 30.172
 92  86.644319  67.018061     1.733     1.755  4 55430.23324931 28.929
 93  86.637349  67.024878     8.094     9.715  5 55465.23321010 28.530
