# NaN NaN NaN ;Mean Elev.(m), Avg Gradient(m/km), RMS Gradient(m/km) - SRTM1     
#    2.547   0.143   2.306 ;Mean Elev.(m), Avg Gradient(m/km), RMS Gradient(m/km) - ASTER GDEM
#    0.000   0.146   0.898 ;Mean Elev.(m), Avg Gradient(m/km), RMS Gradient(m/km) - GMTED2010 
  6  83.104879  70.348006     0.770     0.655 13 52419.25462047 26.377
  8  83.100344  70.347552    -0.305    -0.425 13 52489.25462322 19.195
  9  83.084898  70.346814    -0.150    -0.295 12 52524.25460005 22.513
 11  83.092081  70.347138    -1.018    -1.018 13 52594.25465270 25.225
 13  83.095979  70.346254    -0.280    -0.253 13 52664.25461445 13.148
 14  83.123139  70.345401    -0.613    -0.661 20 52699.25458802 11.352
 15  83.102179  70.347437    -0.322    -0.359 13 52734.25461510 11.004
 16  83.080474  70.347394    -0.429    -0.260 12 52769.25461206 22.886
 17  83.114934  70.344342     3.192     3.285 19 52804.25463993 27.927
 18  83.112352  70.346058    -0.337    -0.484 19 52839.25470210 19.604
 19  83.106175  70.346157    -0.004    -0.287 19 52874.25474181 23.009
 21  83.121405  70.342473    -0.234    -0.215 19 52944.25465363 34.093
 22  83.110056  70.345634    -0.007    -0.019 19 52979.25470706 18.683
 23  83.089136  70.346614    -0.304    -0.289 12 53014.25470551 14.038
 24  83.112378  70.345009    -0.529    -0.545 19 53049.25467711 13.050
 25  83.085152  70.346851    -0.734    -0.734 12 53084.25471337 11.419
 26  83.107352  70.346103    -0.963    -0.872 19 53119.25468304 10.486
 27  83.099944  70.347025     0.709     0.627 13 53154.25473471 27.586
 28  83.106633  70.345605     0.645     0.379 19 53189.25472413 19.184
 29  83.098402  70.348465     0.557     0.499 13 53224.25473754 10.693
 30  83.082005  70.347930    -0.464    -0.521 12 53259.25471317 22.833
 31  83.108418  70.349754    -1.175    -1.023 15 53294.25473719 22.851
 32  83.100036  70.346927    -0.418    -0.418 13 53329.25471126 16.107
 34  83.106185  70.345751    -0.731    -0.762 19 53399.25468640 11.388
 35  83.092124  70.347750    -1.357    -1.417 13 53434.25467693 10.948
 36  83.111068  70.346452    -0.614    -0.504 19 53469.25471902 10.204
 37  83.096880  70.348469     0.812     0.411 13 53504.25476265 11.536
 38  83.099082  70.348312     0.609     0.578 13 53539.25476072 20.694
 39  83.090005  70.347833    -1.214    -0.948 13 53574.25475858 30.230
 40  83.079911  70.347062     0.180     0.138 11 53609.25470907 14.142
 41  83.112304  70.344609     0.127    -0.024 19 53644.25471099 15.829
 42  83.091169  70.346813     0.058     0.059 12 53679.25472905 34.028
 43  83.090318  70.347333    -0.530    -0.590 13 53714.25465725 16.737
 44  83.122208  70.344317    -0.524    -0.527 20 53749.25457191 15.762
 45  83.101534  70.347930    -0.130    -0.132 14 53784.25460245 13.081
 46  83.079694  70.347097    -0.730    -0.823 11 53819.25456426 12.068
 47  83.104817  70.345944    -0.456    -0.477 18 53854.25464405 10.722
 48  83.110527  70.346984     1.634     1.632 19 53889.25465243 28.733
 49  83.093644  70.346844    -0.104    -0.348 13 53924.25471976 20.229
 50  83.086741  70.348106    -1.123    -1.263 12 53959.25471041 27.821
 51  83.112142  70.334557    -2.071    -2.238 14 53994.25464374 25.593
 52  83.114174  70.345581    -0.363    -0.341 19 54029.25470050 44.813
 53  83.101579  70.348114    -0.260    -0.255 14 54064.25469429 20.018
 54  83.087018  70.347890    -0.333    -0.315 12 54099.25466110 15.564
 55  83.114933  70.346672    -0.737    -0.748 19 54134.25461845 13.819
 57  83.113178  70.346478     2.040     0.662 19 54204.25462277  7.168
 59  83.101674  70.348005    -0.806    -0.840 13 54274.25467435 22.671
 60  83.104924  70.348020    -1.442    -1.113 14 54309.25467600 26.448
 61  83.085823  70.346293    -0.839    -1.072 12 54344.25465386 28.050
 62  83.109234  70.346299     0.979     0.886 19 54379.25461203 16.925
 63  83.097263  70.348205    -0.433    -0.454 13 54414.25460136 27.956
 64  83.113819  70.346235    -0.325    -0.288 19 54449.25457891 17.279
 65  83.108231  70.349976    -0.551    -0.490 15 54484.25459503 12.730
 66  83.111623  70.346330    -0.723    -0.682 19 54519.25459262 11.528
 67  83.090609  70.348059    -0.688    -0.712 12 54554.25460751 10.710
 68  83.107112  70.347700    -0.181    -0.349 17 54589.25458819  7.846
 69  83.099333  70.348356     3.874     4.140 13 54624.25460564 21.201
 70  83.101113  70.348184     0.189     0.108 13 54659.25461429 14.492
 71  83.093746  70.347200    -0.112    -0.116 13 54694.25459478 42.530
 72  83.110291  70.346497     0.181     0.019 19 54729.25456859 17.015
 73  83.100702  70.347408     0.720     0.746 14 54764.25457269 41.797
 74  83.114245  70.346418    -0.831    -0.728 19 54799.25456211 18.474
 75  83.100508  70.348585    -0.387    -0.418 13 54834.25456313 15.767
 76  83.115027  70.346305    -0.568    -0.647 19 54869.25455890 13.989
 77  83.085936  70.347177    -0.591    -0.592 12 54904.25457319 12.728
 78  83.108264  70.346340     0.031     0.065 19 54939.25455012 11.280
 79  83.103862  70.347151    -0.124     0.211 14 54974.25458084 25.319
 80  83.093996  70.346315     1.004     0.935 13 55009.25459495 23.346
 81  83.103519  70.347612    -0.193    -0.255 14 55044.25458441 17.877
 82  83.089852  70.347752    -0.646    -0.606 12 55079.25456132 23.068
 83  83.106995  70.345995    -1.328    -0.802 19 55114.25451699 30.611
 84  83.097661  70.346747    -0.925    -0.898 13 55149.25451728 24.319
 85  83.112301  70.345798    -0.681    -0.674 19 55184.25449976 16.317
 86  83.093368  70.346315     0.002    -0.066 13 55219.25451527 19.297
 87  83.109439  70.345000    -0.359    -0.307 19 55254.25449617 13.485
 88  83.085882  70.347043    -0.292    -0.403 12 55289.25450501 12.944
 89  83.100086  70.347755    -0.030    -0.125 14 55324.25448268  9.449
 90  83.095859  70.346775     3.530     3.522 13 55359.25448121 32.205
 91  83.105478  70.345241    -1.144    -0.847 19 55394.25448534 26.289
 92  83.105004  70.348287     0.164     0.009 14 55429.25449632 14.951
 93  83.088490  70.348248    -1.017    -1.255 12 55464.25445964 27.064
