# NaN NaN NaN ;Mean Elev.(m), Avg Gradient(m/km), RMS Gradient(m/km) - SRTM1     
#  -19.000  -5.774  10.269 ;Mean Elev.(m), Avg Gradient(m/km), RMS Gradient(m/km) - ASTER GDEM
#   13.000  -3.504   5.832 ;Mean Elev.(m), Avg Gradient(m/km), RMS Gradient(m/km) - GMTED2010 
  7  87.533634  64.152352    18.287    18.700 12 52475.62366490 17.044
  8  87.538099  64.167071    11.745    11.771 12 52510.62362302 47.797
  9  87.534513  64.148211    12.878    12.204 12 52545.62363413 42.251
 10  87.533784  64.153312    11.267    11.247 12 52580.62366216 46.952
 11  87.536297  64.162726    15.569    15.790 12 52615.62363277 18.582
 12  87.534564  64.157468    19.372    19.430 12 52650.62360975 13.934
 13  87.537857  64.167176    19.347    19.232 12 52685.62359909 12.678
 14  87.534227  64.154832    14.266    14.053 13 52720.62364766 14.266
 15  87.534662  64.153368    16.906    14.416 13 52755.62367115 10.951
 16  87.532206  64.144453    22.581    22.544 13 52790.62361866 32.074
 17  87.528229  64.156325    11.553    11.566 10 52825.62369042 41.456
 18  87.533840  64.153283    18.078    17.978 13 52860.62373547 19.400
 19  87.530231  64.162538    11.525    11.545 10 52895.62376776 44.556
 20  87.538876  64.164652    16.423    16.328 12 52930.62371641 25.673
 21  87.533702  64.148943    12.288    12.020 13 52965.62370727 18.343
 23  87.536176  64.165810    18.891    19.415 12 53035.62369214 13.078
 24  87.533977  64.157085    19.983    20.021 12 53070.62371070 11.743
 25  87.538030  64.167795    19.969    19.799 12 53105.62369377 10.911
 26  87.533581  64.152523    14.275    14.215 13 53140.62371672 38.825
 27  87.533873  64.156120    18.994    18.959 13 53175.62374953 49.810
 28  87.535744  64.156194    14.652    12.400 12 53210.62376784 21.212
 29  87.534728  64.165824    13.117    12.140 10 53245.62373764 25.946
 30  87.536895  64.138944    12.975    12.985  9 53280.62371633 45.146
 31  87.531703  64.157620    11.823    11.752 11 53315.62373480 46.860
 32  87.537786  64.164023    13.307    13.232 12 53350.62370148 26.622
 33  87.531361  64.147771    14.566    14.551 13 53385.62368059 17.664
 34  87.537945  64.163516    16.066    16.822 12 53420.62368751 17.169
 35  87.531397  64.148508    14.671    14.548 13 53455.62369060 14.357
 36  87.532011  64.149480    13.804    13.789 13 53490.62377606 13.827
 37  87.535463  64.160507    21.180    21.071 12 53525.62376181 27.214
 38  87.534477  64.154797    17.069    16.463 13 53560.62378855 19.328
 39  87.539762  64.168683    10.861    11.106 13 53595.62372933 26.820
 40  87.529164  64.140021    16.510    17.767 13 53630.62371820 19.021
 41  87.532903  64.153410    12.072    12.074 13 53665.62374374 49.556
 42  87.536187  64.165083    17.536    17.919 12 53700.62369868 24.918
 43  87.542145  64.173089    19.129    18.967 12 53735.62362197 13.575
 44  87.534362  64.159979    20.017    19.975 12 53770.62360986 13.755
 45  87.540364  64.167181    19.856    19.639 12 53805.62360366 10.472
 47  87.534396  64.155754    19.182    18.806 12 53875.62366893 20.928
 48  87.531516  64.150338    15.743    14.978 13 53910.62371568 22.542
 49  87.533887  64.151458    14.378    14.323 13 53945.62373526 51.037
 50  87.537227  64.163961    17.114    17.050 12 53980.62368370 20.136
 51  87.531293  64.148408    13.438    12.484 13 54015.62370076 34.331
 52  87.535367  64.164095    18.461    18.847 12 54050.62370457 18.882
 53  87.536372  64.162773    18.654    18.929 12 54085.62369650 12.986
 54  87.541875  64.172014    19.668    19.560 12 54120.62362464 10.527
 55  87.534762  64.157167    20.047    20.047 12 54155.62365384 10.739
 56  87.540660  64.167352    19.789    20.052 12 54190.62362088  8.514
 57  87.533479  64.154678    22.460    22.512 13 54225.62366463 29.163
 58  87.535031  64.156973    19.767    19.644 12 54260.62368524 24.087
 59  87.536276  64.157759    20.401    20.854 12 54295.62368920 15.289
 60  87.535662  64.165658    12.012    11.915 11 54330.62368302 25.767
 61  87.538980  64.168965    12.294    12.305 12 54365.62362771 39.201
 62  87.536349  64.158291    11.741    11.714 12 54400.62362333 46.164
 63  87.538231  64.165999    11.865    11.819 12 54435.62358204 28.798
 64  87.533471  64.154776    16.376    16.077 12 54470.62360669 16.738
 65  87.538469  64.166921    17.283    17.772 12 54505.62359560 14.999
 66  87.535986  64.159808    20.398    20.476 12 54540.62362245 11.719
 67  87.539004  64.167881    19.644    19.375 12 54575.62359716  7.799
 68  87.534520  64.159922    22.616    22.455 12 54610.62361463 28.796
 69  87.536112  64.157435    17.312    15.297 12 54645.62362152 20.127
 70  87.535784  64.159181    12.996    12.120 12 54680.62362316 23.940
 71  87.539270  64.169927    16.020    16.179 12 54715.62357514 23.165
 72  87.534334  64.152930    20.322    21.137 13 54750.62359284 19.686
 73  87.537859  64.164239    12.275    12.267 12 54785.62356297 40.837
 74  87.534699  64.153322    14.687    13.395 13 54820.62358615 15.785
 75  87.538541  64.163379    20.121    20.230 12 54855.62355929 11.984
 76  87.535109  64.158923    18.569    19.519 12 54890.62359097 12.302
 77  87.538958  64.168394    15.460    14.094 12 54925.62355909  2.980
 78  87.534536  64.153087    17.896    17.983 12 54960.62358843 22.938
 79  87.534074  64.157733    20.883    20.785 12 54995.62361074 27.826
 80  87.533348  64.161708    12.690    12.646 10 55030.62360121 44.511
 81  87.535334  64.164202    11.913    11.864 12 55065.62359204 50.417
 82  87.538885  64.169915    11.861    11.887 12 55100.62353531 26.565
 83  87.534064  64.155196    11.296    11.289 12 55135.62353556 43.836
 84  87.537085  64.167407    17.161    17.034 12 55170.62350089 19.792
 85  87.533886  64.154565    16.161    16.162 12 55205.62352894 16.646
 86  87.539565  64.165053    18.306    18.378 12 55240.62350636 13.792
 87  87.536371  64.160735    18.149    18.593 12 55275.62352390 12.552
 88  87.538923  64.167635    16.239    16.753 13 55310.62349121  9.382
 89  87.534722  64.161665    23.100    23.073 12 55345.62349318 31.512
 90  87.536094  64.163943    21.805    22.694 12 55380.62348658 19.059
 91  87.533375  64.154145    18.056    18.078 13 55415.62351139 16.635
 92  87.537228  64.165201    21.446    22.763 11 55450.62349840 19.513
 93  87.540747  64.171517    21.033    22.066 13 55485.62342382 20.825
