# NaN NaN NaN ;Mean Elev.(m), Avg Gradient(m/km), RMS Gradient(m/km) - SRTM1     
#    0.139  -4.130  14.355 ;Mean Elev.(m), Avg Gradient(m/km), RMS Gradient(m/km) - ASTER GDEM
#   25.000  -3.768  11.171 ;Mean Elev.(m), Avg Gradient(m/km), RMS Gradient(m/km) - GMTED2010 
  6    33.531 52440.21447206 14.11  89.189921  62.073035 16.363
  6    33.468 52440.21447271 13.99  89.187451  62.069885 16.363
  6    25.952 52440.21447335 15.33  89.184991  62.066745 16.363
  6    26.397 52440.21447400 15.45  89.182521  62.063595 16.363
  6    31.186 52440.21447464 15.06  89.180051  62.060445 16.363
  6    31.608 52440.21447529 14.63  89.177591  62.057295 16.363
  6    31.608 52440.21447593 15.51  89.175121  62.054155 16.363
  6    31.479 52440.21447658 16.28  89.172661  62.051005 16.363
  6    30.258 52440.21447722 18.06  89.170191  62.047855 16.363
  7    33.644 52475.21447008 13.18  89.192968  62.071118 15.407
  7    33.913 52475.21447073 12.46  89.190498  62.067968 15.407
  7    24.566 52475.21447137 13.21  89.188028  62.064818 15.407
  7    25.586 52475.21447202 13.83  89.185568  62.061678 15.407
  7    25.833 52475.21447266 15.19  89.183098  62.058528 15.407
  7    22.667 52475.21447331 17.19  89.180638  62.055378 15.407
  7    22.830 52475.21447395 19.67  89.178168  62.052228 15.407
  7    22.779 52475.21447460 23.30  89.175708  62.049088 15.407
  7    22.878 52475.21447524 25.22  89.173238  62.045938 15.407
  8    21.873 52510.21442885 13.61  89.193329  62.068266 11.459
  8    21.745 52510.21442950 13.15  89.190859  62.065116 11.459
  8    21.779 52510.21443014 14.33  89.188399  62.061966 11.459
  8    21.753 52510.21443079 16.28  89.185929  62.058816 11.459
  8    21.568 52510.21443143 17.48  89.183469  62.055676 11.459
  8    21.440 52510.21443208 20.00  89.181009  62.052526 11.459
  8    21.635 52510.21443272 21.57  89.178539  62.049376 11.459
  8    21.813 52510.21443337 23.44  89.176079  62.046226 11.459
  8    22.067 52510.21443401 27.05  89.173619  62.043076 11.459
  9    21.751 52545.21444126 13.96  89.196074  62.051936 26.123
  9    22.786 52545.21444190 14.97  89.193604  62.048786 26.123
  9    23.250 52545.21444255 15.31  89.191144  62.045636 26.123
  9    23.431 52545.21444319 16.91  89.188674  62.042486 26.123
  9    23.374 52545.21444384 18.61  89.186214  62.039346 26.123
  9    23.033 52545.21444448 21.00  89.183754  62.036196 26.123
  9    23.400 52545.21444512 26.23  89.181284  62.033046 26.123
  9    23.555 52545.21444577 27.48  89.178824  62.029896 26.123
 10    21.910 52580.21447058 44.45  89.192098  62.061990 22.986
 10    21.714 52580.21447122 44.52  89.189628  62.058840 22.986
 10    20.938 52580.21447187 44.53  89.187168  62.055690 22.986
 10    20.799 52580.21447251 45.17  89.184698  62.052540 22.986
 10    20.908 52580.21447315 47.67  89.182238  62.049400 22.986
 10    20.912 52580.21447380 47.90  89.179768  62.046250 22.986
 10    20.990 52580.21447444 46.37  89.177308  62.043100 22.986
 10    20.897 52580.21447509 33.96  89.174848  62.039950 22.986
 11    22.875 52615.21443667 18.88  89.188228  62.074851  6.203
 11    23.163 52615.21443731 19.16  89.185758  62.071701  6.203
 11    22.918 52615.21443796 19.22  89.183298  62.068561  6.203
 11    23.233 52615.21443860 20.44  89.180828  62.065411  6.203
 11    23.493 52615.21443925 20.73  89.178368  62.062261  6.203
 11    26.343 52615.21443989 20.44  89.175898  62.059111  6.203
 11    27.109 52615.21444053 19.99  89.173438  62.055971  6.203
 11    27.720 52615.21444118 20.27  89.170968  62.052821  6.203
 12    24.479 52650.21441881 16.35  89.194012  62.054432  3.904
 12    25.390 52650.21441945 16.43  89.191542  62.051282  3.904
 12    26.534 52650.21442010 16.90  89.189082  62.048142  3.904
 12    26.248 52650.21442074 18.18  89.186612  62.044992  3.904
 12    28.037 52650.21442139 17.51  89.184152  62.041842  3.904
 12    28.546 52650.21442203 17.18  89.181692  62.038692  3.904
 12    29.054 52650.21442267 17.27  89.179222  62.035542  3.904
 13    23.958 52685.21440234 11.12  89.191860  62.065697  3.146
 13    24.101 52685.21440299 11.94  89.189400  62.062547  3.146
 13    25.407 52685.21440363 11.36  89.186930  62.059407  3.146
 13    26.465 52685.21440428 12.19  89.184470  62.056257  3.146
 13    27.402 52685.21440492 12.04  89.182010  62.053107  3.146
 13    28.054 52685.21440557 12.45  89.179540  62.049957  3.146
 13    28.805 52685.21440621 11.97  89.177080  62.046807  3.146
 13    29.321 52685.21440686 11.86  89.174620  62.043667  3.146
 13    29.933 52685.21440750 12.43  89.172159  62.040517  7.702
 14    23.443 52720.21445446 11.26  89.191857  62.063075  4.857
 14    24.716 52720.21445511 11.35  89.189397  62.059925  4.857
 14    25.470 52720.21445575 11.38  89.186927  62.056785  4.857
 14    26.382 52720.21445640 11.47  89.184467  62.053635  4.857
 14    26.798 52720.21445704 12.15  89.181997  62.050485  4.857
 14    27.902 52720.21445769 11.61  89.179537  62.047335  4.857
 14    28.028 52720.21445833 11.65  89.177067  62.044195  4.857
 14    28.289 52720.21445897 11.63  89.174607  62.041045  4.857
 15    24.218 52755.21447795  9.04  89.176182  62.068523  3.621
 15    24.622 52755.21447860  9.84  89.173722  62.065373  3.621
 15    24.510 52755.21447924  9.47  89.171252  62.062223  3.621
 15    27.867 52755.21447989  9.04  89.168792  62.059083  3.621
 15    28.571 52755.21448053  9.15  89.166322  62.055933  3.621
 16    29.373 52790.21442868 17.50  89.196674  62.052019  3.176
 16    29.370 52790.21442933 17.64  89.194204  62.048869  3.176
 16    29.317 52790.21442997 18.37  89.191744  62.045719  3.176
 16    29.340 52790.21443062 18.70  89.189274  62.042579  3.176
 16    29.412 52790.21443126 20.26  89.186814  62.039429  3.176
 16    29.612 52790.21443191 21.16  89.184354  62.036275 37.332
 16    29.976 52790.21443255 21.77  89.181884  62.033135 37.332
 16    31.090 52790.21443320 22.40  89.179424  62.029985 37.332
 17    21.928 52825.21449818 51.47  89.195928  62.054129 16.954
 17    23.130 52825.21449883 56.31  89.193458  62.050979 16.954
 17    21.896 52825.21449947 52.27  89.190998  62.047829 16.954
 17    22.801 52825.21450012 51.55  89.188528  62.044679 16.954
 17    21.974 52825.21450076 51.31  89.186068  62.041539 16.954
 17    21.853 52825.21450141 53.12  89.183608  62.038389 16.954
 17    21.935 52825.21450205 52.31  89.181143  62.035244 35.711
 17    22.337 52825.21450270 42.32  89.178673  62.032094 35.711
 18    21.742 52860.21454420 14.20  89.196205  62.053411  5.375
 18    21.451 52860.21454485 16.20  89.193745  62.050261  5.375
 18    21.449 52860.21454549 17.62  89.191275  62.047111  5.375
 18    21.717 52860.21454614 19.07  89.188815  62.043961  5.375
 18    21.647 52860.21454678 22.24  89.186345  62.040821  5.375
 18    21.954 52860.21454743 25.10  89.183885  62.037671  5.375
 18    21.743 52860.21454807 28.92  89.181424  62.034525 36.077
 18    21.862 52860.21454871 30.29  89.178954  62.031375 36.077
 19    21.455 52895.21457617 45.73  89.176437  62.049649 28.945
 19    21.437 52895.21457682 44.35  89.173977  62.046509 28.945
 20    33.137 52930.21451966  9.80  89.187622  62.078149  9.272
 20    26.678 52930.21452031 12.92  89.185162  62.075009  9.272
 20    21.579 52930.21452095 17.57  89.182692  62.071859  9.272
 20    21.723 52930.21452160 18.06  89.180232  62.068709  9.272
 20    22.438 52930.21452224 18.61  89.177762  62.065559  9.272
 20    21.905 52930.21452289 20.15  89.175302  62.062419  9.272
 20    27.150 52930.21452353 20.38  89.172832  62.059269  9.272
 20    28.441 52930.21452417 21.18  89.170372  62.056119  9.272
 20    29.143 52930.21452482 22.78  89.167912  62.052969  9.272
 21    23.179 52965.21451600 24.17  89.194974  62.048918  5.444
 21    23.361 52965.21451664 28.60  89.192504  62.045768  5.444
 21    23.264 52965.21451729 30.91  89.190043  62.042617  9.429
 21    23.365 52965.21451793 35.38  89.187583  62.039477  9.429
 21    23.478 52965.21451858 29.15  89.185113  62.036327  9.429
 21    23.018 52965.21451922 28.20  89.182653  62.033177  9.429
 21    23.077 52965.21451987 26.57  89.180193  62.030027  9.429
 22    24.777 53000.21454792 15.66  89.183694  62.063333  3.971
 22    25.629 53000.21454857 16.81  89.181224  62.060183  3.971
 22    26.027 53000.21454921 17.73  89.178764  62.057033  3.971
 22    27.191 53000.21454986 17.68  89.176294  62.053883  3.971
 22    27.628 53000.21455050 17.92  89.173834  62.050743  3.971
 22    28.449 53000.21455115 17.58  89.171374  62.047593  3.971
 23    23.702 53035.21449604 13.27  89.183520  62.069848  4.087
 23    25.466 53035.21449668 13.05  89.181050  62.066698  4.087
 23    26.428 53035.21449733 13.17  89.178590  62.063548  4.087
 23    27.034 53035.21449797 12.53  89.176120  62.060398  4.087
 23    27.607 53035.21449862 13.19  89.173660  62.057258  4.087
 23    28.275 53035.21449926 14.14  89.171200  62.054108  4.087
 23    28.682 53035.21449990 14.49  89.168730  62.050958  4.087
 24    25.210 53070.21451782 11.57  89.186767  62.054397  3.136
 24    26.993 53070.21451847 10.25  89.184307  62.051257  3.136
 24    27.853 53070.21451911 10.72  89.181837  62.048107  3.136
 24    28.082 53070.21451976 10.24  89.179373  62.044953  7.931
 24    29.113 53070.21452040 10.48  89.176913  62.041813  7.931
 24    29.628 53070.21452105 11.13  89.174453  62.038663  7.931
 26    25.842 53140.21452352 34.26  89.193318  62.055324 10.525
 26    25.367 53140.21452416 34.55  89.190858  62.052184 10.525
 26    25.580 53140.21452481 35.83  89.188388  62.049034 10.525
 26    25.431 53140.21452545 36.76  89.185929  62.045880 23.790
 26    25.427 53140.21452610 38.62  89.183469  62.042740 23.790
 26    25.358 53140.21452674 38.08  89.180999  62.039590 23.790
 26    25.268 53140.21452739 40.25  89.178539  62.036440 23.790
 28    33.361 53210.21457303 16.63  89.192929  62.069666  8.226
 28    22.923 53210.21457367 14.55  89.190459  62.066516  8.226
 28    22.758 53210.21457432 15.44  89.187989  62.063366  8.226
 28    22.617 53210.21457496 16.66  89.185529  62.060216  8.226
 28    22.554 53210.21457561 18.17  89.183059  62.057076  8.226
 28    22.715 53210.21457625 18.50  89.180599  62.053926  8.226
 28    22.740 53210.21457690 20.25  89.178139  62.050776  8.226
 28    22.787 53210.21457754 23.21  89.175669  62.047626  8.226
 28    22.744 53210.21457819 29.04  89.173209  62.044476  8.226
 29    22.521 53245.21454090 12.09  89.193071  62.069964  6.789
 29    23.200 53245.21454154 12.77  89.190601  62.066814  6.789
 29    24.725 53245.21454218 13.12  89.188141  62.063664  6.789
 29    25.608 53245.21454283 13.89  89.185671  62.060514  6.789
 29    26.183 53245.21454347 14.90  89.183211  62.057374  6.789
 29    26.819 53245.21454412 17.77  89.180741  62.054224  6.789
 29    21.782 53245.21454476 21.08  89.178281  62.051074  6.789
 29    27.530 53245.21454541 22.40  89.175811  62.047924  6.789
 29    22.174 53245.21454605 25.89  89.173351  62.044774  6.789
 30    22.551 53280.21452570 47.91  89.195988  62.055965 11.121
 30    22.461 53280.21452635 49.14  89.193518  62.052815 11.121
 30    22.383 53280.21452699 46.03  89.191058  62.049665 11.121
 30    22.435 53280.21452764 48.73  89.188594  62.046514 35.403
 30    22.935 53280.21452828 43.86  89.186124  62.043374 35.403
 30    22.855 53280.21452893 32.93  89.183664  62.040224 35.403
 30    22.311 53280.21452957 29.71  89.181194  62.037074 35.403
 30    22.286 53280.21453022 42.51  89.178734  62.033924 35.403
 31    21.609 53315.21454228 45.19  89.193445  62.061797 19.655
 31    22.328 53315.21454293 41.67  89.190975  62.058647 19.655
 31    21.545 53315.21454357 42.81  89.188515  62.055497 19.655
 31    21.512 53315.21454422 42.22  89.186045  62.052347 19.655
 31    21.518 53315.21454486 41.93  89.183585  62.049207 19.655
 31    21.550 53315.21454551 43.05  89.181115  62.046057 19.655
 31    21.802 53315.21454615 41.26  89.178655  62.042907 19.655
 31    21.563 53315.21454680 37.05  89.176195  62.039757 19.655
 32    24.606 53350.21450990 30.43  89.183041  62.053071 10.676
 32    24.737 53350.21451054 32.42  89.180581  62.049931 10.676
 32    24.501 53350.21451119 31.58  89.178121  62.046781 10.676
 32    24.584 53350.21451183 27.93  89.175651  62.043631 10.676
 32    24.689 53350.21451248 26.51  89.173191  62.040481 10.676
 33    25.959 53385.21448889 15.77  89.195115  62.053908  3.348
 33    26.052 53385.21448953 16.71  89.192655  62.050758  3.348
 33    26.029 53385.21449017 18.32  89.190185  62.047608  3.348
 33    26.749 53385.21449082 18.24  89.187719  62.044457  5.874
 33    26.479 53385.21449146 19.07  89.185259  62.041317  5.874
 33    26.393 53385.21449211 19.09  89.182789  62.038167  5.874
 33    26.657 53385.21449275 18.24  89.180329  62.035017  5.874
 34    25.192 53420.21449310 14.84  89.195173  62.058001  4.141
 34    25.553 53420.21449374 15.45  89.192703  62.054861  4.141
 34    25.787 53420.21449439 16.81  89.190243  62.051711  4.141
 34    26.627 53420.21449503 16.46  89.187783  62.048561  4.141
 34    26.753 53420.21449568 17.26  89.185313  62.045411  4.141
 34    27.714 53420.21449632 16.90  89.182853  62.042261  4.141
 34    28.456 53420.21449697 15.79  89.180393  62.039121  4.141
 34    28.649 53420.21449761 16.06  89.177931  62.035973  6.655
 35    24.994 53455.21450041 14.69  89.197423  62.048549  3.536
 35    25.110 53455.21450106 15.11  89.194953  62.045399  3.536
 35    25.201 53455.21450170 15.39  89.192483  62.042249  3.536
 35    25.760 53455.21450235 15.39  89.190024  62.039098  5.964
 35    27.387 53455.21450299 15.86  89.187554  62.035958  5.964
 35    27.754 53455.21450364 15.20  89.185094  62.032808  5.964
 35    27.596 53455.21450428 15.39  89.182634  62.029658  5.964
 35    28.665 53455.21450493 15.09  89.180174  62.026508  5.964
 36    26.010 53490.21458184 25.18  89.191332  62.069668 11.735
 36    25.912 53490.21458249 22.18  89.188862  62.066518 11.735
 36    25.839 53490.21458313 19.66  89.186402  62.063368 11.735
 36    25.699 53490.21458377 21.32  89.183932  62.060228 11.735
 36    25.556 53490.21458442 22.40  89.181462  62.057078 11.735
 36    25.483 53490.21458506 22.83  89.179002  62.053928 11.735
 36    25.606 53490.21458571 22.10  89.176532  62.050778 11.735
 36    25.638 53490.21458635 23.12  89.174072  62.047628 11.735
 36    25.790 53490.21458700 23.13  89.171602  62.044488 11.735
 37    24.504 53525.21456805 17.77  89.193682  62.060360  5.639
 37    25.048 53525.21456870 18.79  89.191222  62.057210  5.639
 37    27.058 53525.21456934 17.35  89.188752  62.054060  5.639
 37    27.463 53525.21456999 17.17  89.186292  62.050920  5.639
 37    28.497 53525.21457063 16.62  89.183822  62.047770  5.639
 37    29.297 53525.21457128 15.78  89.181362  62.044620  5.639
 37    30.046 53525.21457192 16.69  89.178902  62.041470  5.639
 37    30.556 53525.21457257 17.78  89.176432  62.038320  5.639
 38    31.967 53560.21459362 13.20  89.188735  62.072597 11.821
 38    32.400 53560.21459427 14.05  89.186275  62.069457 11.821
 38    23.009 53560.21459491 14.94  89.183805  62.066307 11.821
 38    22.930 53560.21459556 15.97  89.181335  62.063157 11.821
 38    23.386 53560.21459620 17.01  89.178875  62.060007 11.821
 38    23.561 53560.21459685 18.21  89.176405  62.056867 11.821
 38    23.192 53560.21459749 21.10  89.173945  62.053717 11.821
 38    24.240 53560.21459814 24.30  89.171485  62.050567 11.821
 39    21.920 53595.21453274 12.06  89.192173  62.067284 10.260
 39    22.000 53595.21453339 12.84  89.189713  62.064134 10.260
 39    21.793 53595.21453403 15.01  89.187243  62.060984 10.260
 39    21.811 53595.21453468 15.69  89.184783  62.057834 10.260
 39    21.753 53595.21453532 17.71  89.182313  62.054694 10.260
 39    21.745 53595.21453596 21.20  89.179853  62.051544 10.260
 39    21.796 53595.21453661 24.90  89.177393  62.048394 10.260
 39    22.031 53595.21453725 27.16  89.174933  62.045244 10.260
 39    22.120 53595.21453790 32.66  89.172463  62.042104 10.260
 40    21.972 53630.21452804 11.89  89.195512  62.055879  4.089
 40    21.795 53630.21452869 13.62  89.193042  62.052729  4.089
 40    21.700 53630.21452933 14.88  89.190572  62.049579  4.089
 40    21.723 53630.21452998 15.97  89.188112  62.046439  4.089
 40    21.709 53630.21453062 18.70  89.185642  62.043289  4.089
 40    21.729 53630.21453127 20.63  89.183178  62.040138 35.093
 40    21.801 53630.21453191 25.03  89.180718  62.036998 35.093
 42    21.579 53700.21450661 49.65  89.183130  62.055541 19.091
 42    21.601 53700.21450726 45.39  89.180660  62.052391 19.091
 42    21.534 53700.21450790 45.02  89.178200  62.049251 19.091
 42    22.193 53700.21450855 40.50  89.175740  62.046101 19.091
 42    21.677 53700.21450919 32.25  89.173270  62.042951 19.091
 44    24.228 53770.21441662 17.74  89.195129  62.054946  4.482
 44    24.838 53770.21441726 18.60  89.192669  62.051806  4.482
 44    25.566 53770.21441791 19.16  89.190199  62.048656  4.482
 44    25.594 53770.21441855 18.81  89.187739  62.045506  4.482
 44    27.582 53770.21441919 18.16  89.185269  62.042356  4.482
 44    28.008 53770.21441984 19.92  89.182809  62.039216  4.482
 44    29.042 53770.21442048 19.54  89.180349  62.036066  4.482
 45    24.083 53805.21440776 10.53  89.191241  62.068830  4.152
 45    23.868 53805.21440840 11.75  89.188781  62.065690  4.152
 45    24.663 53805.21440905 12.91  89.186311  62.062540  4.152
 45    25.532 53805.21440969 13.04  89.183851  62.059390  4.152
 45    26.343 53805.21441034 13.15  89.181381  62.056240  4.152
 45    27.253 53805.21441098 13.33  89.178921  62.053090  4.152
 45    27.987 53805.21441163 13.69  89.176461  62.049950  4.152
 45    28.328 53805.21441227 14.89  89.174001  62.046800  4.152
 47   101.307 53875.21447723  7.00  89.189638  62.053663  2.768
 47   103.962 53875.21447788  6.69  89.187178  62.050513  2.768
 47   108.848 53875.21447852  2.59  89.184718  62.047363  2.768
 47   107.282 53875.21447917  1.15  89.182248  62.044213  2.768
 47   106.183 53875.21447981  0.90  89.179788  62.041073  2.768
 47   103.922 53875.21448045  1.09  89.177328  62.037923  2.768
 49    24.945 53945.21454046 21.34  89.189480  62.074562 17.176
 49    25.121 53945.21454110 23.56  89.187020  62.071412 17.176
 49    25.782 53945.21454433 36.26  89.174690  62.055672 17.176
 49    24.783 53945.21454497 27.31  89.172220  62.052522 17.176
 49    24.456 53945.21454562 27.45  89.169760  62.049382 17.176
 50    23.083 53980.21448820 11.63  89.188471  62.072598 20.922
 50    23.109 53980.21448884 12.72  89.186001  62.069448 20.922
 50    24.409 53980.21448949 12.39  89.183531  62.066298 20.922
 50    23.662 53980.21449013 13.83  89.181071  62.063148 20.922
 50    25.932 53980.21449078 15.06  89.178611  62.060008 20.922
 50    26.706 53980.21449142 15.88  89.176141  62.056858 20.922
 50    27.209 53980.21449207 17.64  89.173681  62.053708 20.922
 50    23.105 53980.21449271 21.21  89.171211  62.050558 20.922
 51    21.634 54015.21450968 47.45  89.197460  62.051278 20.735
 51    22.746 54015.21451032 50.52  89.194990  62.048128 20.735
 51    22.068 54015.21451097 46.47  89.192530  62.044978 20.735
 51    21.967 54015.21451161 47.83  89.190060  62.041828 20.735
 51    21.628 54015.21451226 48.62  89.187600  62.038688 20.735
 51    21.661 54015.21451290 50.15  89.185130  62.035538 20.735
 51    21.607 54015.21451355 50.34  89.182670  62.032388 20.735
 51    21.800 54015.21451419 36.87  89.180210  62.029238 20.735
 57    32.114 54225.21447078 32.84  89.194078  62.063048 19.331
 57    31.976 54225.21447142 29.06  89.191608  62.059898 19.331
 57    31.845 54225.21447207 21.61  89.189148  62.056748 19.331
 57    31.836 54225.21447271 19.98  89.186678  62.053598 19.331
 57    31.658 54225.21447336 19.75  89.184218  62.050448 19.331
 57    31.410 54225.21447400 21.17  89.181748  62.047308 19.331
 57    30.980 54225.21447464 23.12  89.179288  62.044158 19.331
 57    30.890 54225.21447529 25.20  89.176818  62.041008 19.331
 58    27.352 54260.21449300 38.70  89.185946  62.054250 20.619
 58    27.544 54260.21449364 37.03  89.183486  62.051100 20.619
 58    27.389 54260.21449429 34.38  89.181016  62.047960 20.619
 58    27.473 54260.21449493 30.95  89.178556  62.044810 20.619
 58    27.541 54260.21449558 30.66  89.176096  62.041660 20.619
 59    22.682 54295.21449503 13.62  89.193113  62.063811 22.215
 59    23.792 54295.21449567 13.78  89.190653  62.060661 22.215
 59    21.922 54295.21449631 17.43  89.188183  62.057511 22.215
 59    21.917 54295.21449696 21.80  89.185723  62.054361 22.215
 59    22.183 54295.21449760 22.18  89.183253  62.051211 22.215
 59    22.539 54295.21449825 24.85  89.180793  62.048071 22.215
 59    22.696 54295.21449889 29.44  89.178333  62.044921 22.215
 59    22.667 54295.21449954 32.36  89.175863  62.041771 22.215
 60    22.460 54330.21448917 29.96  89.184469  62.057740 21.288
 60    22.115 54330.21448981 31.15  89.181999  62.054590 21.288
 60    22.075 54330.21449045 30.16  89.179539  62.051440 21.288
 60    22.125 54330.21449110 32.48  89.177079  62.048300 21.288
 60    22.197 54330.21449174 32.18  89.174609  62.045150 21.288
 60    22.279 54330.21449239 42.40  89.172149  62.042000 21.288
 62    22.399 54400.21443064 46.00  89.189208  62.057153 22.947
 62    21.752 54400.21443128 46.52  89.186738  62.054013 22.947
 62    21.779 54400.21443192 47.20  89.184278  62.050863 22.947
 62    21.430 54400.21443257 47.55  89.181808  62.047713 22.947
 62    21.480 54400.21443321 38.11  89.179348  62.044563 22.947
 62    21.650 54400.21443386 31.45  89.176888  62.041423 22.947
 62    21.843 54400.21443450 28.34  89.174428  62.038273 22.947
 63    23.033 54435.21438676 28.25  89.184916  62.065357 14.498
 63    23.034 54435.21438740 26.55  89.182456  62.062207 14.498
 63    23.272 54435.21438805 25.31  89.179986  62.059057 14.498
 63    23.137 54435.21438869 25.37  89.177526  62.055917 14.498
 63    23.229 54435.21438934 25.70  89.175066  62.052767 14.498
 63    26.891 54435.21438998 24.92  89.172596  62.049617 14.498
 64    25.410 54470.21441464 12.17  89.193987  62.054290  6.064
 64    26.928 54470.21441529 11.95  89.191517  62.051150  6.064
 64    27.861 54470.21441593 12.66  89.189057  62.048000  6.064
 64    28.437 54470.21441658 13.48  89.186597  62.044850  6.064
 64    29.257 54470.21441722 14.11  89.184127  62.041700  6.064
 64    29.454 54470.21441786 14.73  89.181667  62.038560  6.064
 64    29.693 54470.21441851 17.12  89.179197  62.035410  6.064
 65    23.987 54505.21439948 14.29  89.189263  62.070973  5.416
 65    24.040 54505.21440012 16.20  89.186803  62.067833  5.416
 65    24.134 54505.21440077 17.15  89.184333  62.064683  5.416
 65    24.887 54505.21440141 16.37  89.181873  62.061533  5.416
 65    26.178 54505.21440206 15.42  89.179403  62.058383  5.416
 65    27.004 54505.21440270 15.46  89.176943  62.055243  5.416
 65    27.557 54505.21440335 15.31  89.174483  62.052093  5.416
 65    28.398 54505.21440399 14.33  89.172013  62.048943  5.416
 66    26.921 54540.21443020 11.78  89.184614  62.052728  3.553
 66    27.572 54540.21443085 12.20  89.182144  62.049578  3.553
 66    28.635 54540.21443149 12.29  89.179682  62.046423  8.857
 66    29.555 54540.21443214 12.01  89.177222  62.043283  8.857
 66    29.747 54540.21443278 13.35  89.174762  62.040133  8.857
 68    83.554 54610.21441981 10.46  89.193255  62.064945  4.132
 68   108.906 54610.21442045  8.50  89.190785  62.061805  4.132
 68   109.183 54610.21442110  6.41  89.188315  62.058655  4.132
 68   108.372 54610.21442174  6.78  89.185855  62.055505  4.132
 68   108.775 54610.21442238  3.93  89.183395  62.052355  4.132
 68   104.654 54610.21442303  3.85  89.180925  62.049205  4.132
 68   105.735 54610.21442367  2.25  89.178465  62.046065  4.132
 68   105.041 54610.21442432  1.53  89.176002  62.042917  1.815
 68   103.301 54610.21442496  1.37  89.173532  62.039767  1.815
 69    22.911 54645.21442992 47.54  89.182896  62.053734 15.939
 69    23.630 54645.21443056 48.96  89.180436  62.050594 15.939
 69    22.813 54645.21443121 49.93  89.177976  62.047444 15.939
 69    23.415 54645.21443185 44.64  89.175511  62.044298 26.848
 69    22.660 54645.21443250 39.93  89.173051  62.041148 26.848
 70    22.211 54680.21442834 15.62  89.193001  62.067562  7.314
 70    22.498 54680.21442899 15.85  89.190541  62.064412  7.314
 70    22.410 54680.21442963 15.90  89.188071  62.061262  7.314
 70    22.423 54680.21443028 16.80  89.185611  62.058122  7.314
 70    22.100 54680.21443092 19.24  89.183141  62.054972  7.314
 70    22.040 54680.21443157 21.95  89.180681  62.051822  7.314
 70    22.231 54680.21443221 24.85  89.178211  62.048672  7.314
 70    22.335 54680.21443286 27.18  89.175751  62.045532  7.314
 70    22.398 54680.21443350 33.97  89.173283  62.042383 32.860
 71    22.806 54715.21437774 11.19  89.189958  62.074497 11.376
 71    22.517 54715.21437839 12.09  89.187498  62.071357 11.376
 71    22.698 54715.21437903 12.50  89.185028  62.068207 11.376
 71    22.575 54715.21437968 14.02  89.182568  62.065057 11.376
 71    22.329 54715.21438032 15.66  89.180098  62.061907 11.376
 71    22.250 54715.21438096 18.49  89.177638  62.058757 11.376
 71    22.093 54715.21438161 21.54  89.175178  62.055617 11.376
 71    23.337 54715.21438225 25.30  89.172708  62.052467 11.376
 71    22.208 54715.21438290 29.69  89.170248  62.049317 11.376
 72    23.349 54750.21440285 26.23  89.183814  62.048199  8.059
 72    21.990 54750.21440349 24.02  89.181354  62.045047 27.568
 72    22.127 54750.21440414 24.49  89.178884  62.041907 27.568
 72    22.216 54750.21440478 28.50  89.176424  62.038757 27.568
 73    21.126 54785.21437073 45.39  89.178733  62.054029 15.418
 73    21.815 54785.21437138 42.01  89.176273  62.050879 15.418
 73    20.790 54785.21437202 37.52  89.173803  62.047739 15.418
 74    24.273 54820.21439359 18.64  89.193363  62.058253  5.889
 74    24.413 54820.21439423 19.15  89.190903  62.055103  5.889
 74    24.921 54820.21439487 19.41  89.188433  62.051963  5.889
 74    25.016 54820.21439552 19.49  89.185973  62.048813  5.889
 74    26.444 54820.21439616 19.22  89.183509  62.045658  8.536
 74    26.958 54820.21439681 19.59  89.181039  62.042518  8.536
 74    27.762 54820.21439745 18.94  89.178579  62.039368  8.536
 75    24.767 54855.21436382 11.99  89.192232  62.069863  3.426
 75    24.622 54855.21436446 12.68  89.189762  62.066713  3.426
 75    24.797 54855.21436511 14.34  89.187302  62.063563  3.426
 75    25.470 54855.21436575 14.07  89.184832  62.060423  3.426
 75    26.610 54855.21436640 13.87  89.182372  62.057273  3.426
 75    27.226 54855.21436704 14.37  89.179912  62.054123  3.426
 75    28.203 54855.21436769 13.99  89.177442  62.050973  3.426
 75    28.515 54855.21436833 15.04  89.174982  62.047823  3.426
 75    29.401 54855.21436898 15.91  89.172522  62.044683  3.426
 76    24.051 54890.21439615 10.75  89.192885  62.068388  2.927
 76    23.969 54890.21439679 11.87  89.190415  62.065248  2.927
 76    24.621 54890.21439744 12.41  89.187945  62.062098  2.927
 76    25.372 54890.21439808 12.98  89.185485  62.058948  2.927
 76    26.235 54890.21439873 13.01  89.183015  62.055798  2.927
 76    27.180 54890.21439937 13.15  89.180555  62.052658  2.927
 76    28.011 54890.21440002 13.50  89.178085  62.049508  2.927
 76    28.854 54890.21440066 13.16  89.175627  62.046354  7.053
 76    28.922 54890.21440130 13.89  89.173167  62.043214  7.053
 78    34.899 54960.21439489 19.63  89.193876  62.062229  7.273
 78    34.552 54960.21439554 20.20  89.191406  62.059079  7.273
 78    34.391 54960.21439618 21.29  89.188936  62.055929  7.273
 78    33.660 54960.21439683 21.93  89.186476  62.052779  7.273
 78    33.345 54960.21439747 23.17  89.184006  62.049629  7.273
 78    33.818 54960.21439812 24.49  89.181546  62.046489  7.273
 78    33.815 54960.21439876 26.36  89.179080  62.043342 28.684
 78    34.031 54960.21439941 28.35  89.176620  62.040192 28.684
 79    34.498 54995.21441591 17.72  89.191709  62.067359  6.808
 79    28.002 54995.21441656 17.91  89.189239  62.064219  6.808
 79    27.978 54995.21441720 18.08  89.186769  62.061069  6.808
 79    28.024 54995.21441785 17.58  89.184309  62.057919  6.808
 79    28.000 54995.21441849 17.06  89.181839  62.054769  6.808
 79    28.695 54995.21441914 16.15  89.179379  62.051629  6.808
 79    29.122 54995.21441978 16.68  89.176909  62.048479  6.808
 79    29.926 54995.21442043 18.13  89.174451  62.045333 29.331
 79    30.467 54995.21442107 18.55  89.171991  62.042183 29.331
 80    22.425 55030.21440768 49.63  89.185477  62.058053 16.370
 80    22.456 55030.21440832 50.08  89.183007  62.054903 16.370
 80    22.461 55030.21440897 50.12  89.180547  62.051763 16.370
 80    22.526 55030.21440961 48.34  89.178087  62.048613 16.370
 80    22.341 55030.21441026 51.87  89.175621  62.045466 29.464
 80    22.413 55030.21441090 52.08  89.173161  62.042316 29.464
 81    22.529 55065.21439850 50.84  89.183564  62.056649 19.689
 81    22.257 55065.21439915 51.93  89.181094  62.053499 19.689
 81    22.103 55065.21439979 51.41  89.178634  62.050349 19.689
 81    22.254 55065.21440044 50.66  89.176174  62.047199 19.689
 81    22.281 55065.21440108 52.46  89.173704  62.044059 19.689
 83    20.926 55135.21434267 36.03  89.193802  62.061447 11.278
 83    21.176 55135.21434332 38.54  89.191332  62.058297 11.278
 83    21.812 55135.21434396 35.42  89.188872  62.055147 11.278
 83    21.255 55135.21434460 34.76  89.186402  62.052007 11.278
 83    21.219 55135.21434525 36.29  89.183942  62.048857 11.278
 83    20.915 55135.21434589 37.76  89.181483  62.045704 13.877
 83    21.233 55135.21434654 37.11  89.179013  62.042564 13.877
 83    21.069 55135.21434718 31.11  89.176553  62.039414 13.877
 84    25.257 55170.21430413 13.21  89.191537  62.072152  3.472
 84    25.045 55170.21430477 13.85  89.189077  62.069002  3.472
 84    25.035 55170.21430542 14.79  89.186607  62.065852  3.472
 84    25.629 55170.21430606 15.54  89.184137  62.062712  3.472
 84    26.156 55170.21430671 15.52  89.181677  62.059562  3.472
 84    26.889 55170.21430735 16.44  89.179217  62.056412  3.472
 84    27.727 55170.21430800 16.53  89.176747  62.053262  3.472
 84    28.456 55170.21430864 17.89  89.174287  62.050112  3.472
 84    28.824 55170.21430929 18.96  89.171827  62.046972  3.472
 85    24.813 55205.21433605 11.87  89.193008  62.059940  2.955
 85    25.095 55205.21433669 12.55  89.190538  62.056790  2.955
 85    25.448 55205.21433734 12.59  89.188078  62.053640  2.955
 85    26.274 55205.21433798 13.71  89.185608  62.050500  2.955
 85    26.956 55205.21433862 13.18  89.183148  62.047350  2.955
 85    27.284 55205.21433927 14.67  89.180682  62.044196  8.021
 85    27.935 55205.21433991 14.68  89.178222  62.041056  8.021
 85    28.117 55205.21434056 16.19  89.175762  62.037906  8.021
 86    26.185 55240.21431024  9.43  89.190151  62.074336  3.129
 86    25.229 55240.21431089  9.82  89.187681  62.071186  3.129
 86    25.296 55240.21431153 10.29  89.185221  62.068036  3.129
 86    25.328 55240.21431218 11.40  89.182751  62.064886  3.129
 86    25.934 55240.21431282 12.23  89.180291  62.061746  3.129
 86    26.751 55240.21431347 12.13  89.177821  62.058596  3.129
 86    27.136 55240.21431411 12.73  89.175361  62.055446  3.129
 86    27.635 55240.21431476 13.08  89.172901  62.052296  3.129
 86    28.348 55240.21431540 12.59  89.170431  62.049146  3.129
 87    24.273 55275.21432843  8.18  89.192491  62.068790  2.775
 87    24.356 55275.21432907  9.06  89.190021  62.065650  2.775
 87    24.559 55275.21432972 10.03  89.187551  62.062500  2.775
 87    25.289 55275.21433036 10.34  89.185091  62.059350  2.775
 87    26.377 55275.21433101  9.88  89.182621  62.056200  2.775
 87    27.133 55275.21433165  9.76  89.180161  62.053060  2.775
 87    27.701 55275.21433230 10.07  89.177701  62.049910  2.775
 87    28.452 55275.21433294 10.77  89.175235  62.046763  6.622
 87    28.439 55275.21433359 11.07  89.172775  62.043613  6.622
 88    24.621 55310.21429413  8.71  89.189181  62.072545  6.679
 88    24.330 55310.21429477 10.79  89.186711  62.069395  6.679
 88    24.245 55310.21429542 12.71  89.184251  62.066245  6.679
 88    24.096 55310.21429606 12.38  89.181781  62.063095  6.679
 88    24.248 55310.21429671 10.45  89.179321  62.059955  6.679
 88    24.212 55310.21429735  9.97  89.176851  62.056805  6.679
 88    24.298 55310.21429799 11.08  89.174391  62.053655  6.679
 88    27.657 55310.21429864 10.27  89.171931  62.050505  6.679
 89   108.633 55345.21429778  6.22  89.193115  62.064656  3.962
 89   109.229 55345.21429843  2.55  89.190645  62.061506  3.962
 89   109.343 55345.21429907  2.48  89.188185  62.058356  3.962
 89   108.165 55345.21429972  3.52  89.185715  62.055206  3.962
 89   108.861 55345.21430036  0.21  89.183255  62.052056  3.962
 89   108.083 55345.21430101  0.57  89.180785  62.048916  3.962
 90    33.902 55380.21429046 15.02  89.192272  62.070385  9.538
 90    23.705 55380.21429111 14.60  89.189812  62.067235  9.538
 90    23.506 55380.21429175 15.36  89.187342  62.064095  9.538
 90    23.879 55380.21429240 16.23  89.184882  62.060945  9.538
 90    25.513 55380.21429304 16.00  89.182412  62.057795  9.538
 90    26.806 55380.21429368 16.62  89.179952  62.054645  9.538
 90    24.224 55380.21429433 18.25  89.177482  62.051495  9.538
 90    29.194 55380.21429497 17.27  89.175022  62.048355  9.538
 90    29.832 55380.21429562 15.55  89.172556  62.045208 23.061
 91    22.381 55415.21431818 13.89  89.194912  62.060047  4.806
 91    22.409 55415.21431883 14.74  89.192442  62.056897  4.806
 91    22.468 55415.21431947 14.36  89.189982  62.053747  4.806
 91    22.422 55415.21432012 16.14  89.187512  62.050607  4.806
 91    22.278 55415.21432076 19.09  89.185052  62.047457  4.806
 91    22.400 55415.21432141 21.81  89.182590  62.044302 29.919
 91    22.413 55415.21432205 24.21  89.180120  62.041162 29.919
 91    22.786 55415.21432269 29.37  89.177660  62.038012 29.919
 92    22.265 55450.21430261 12.99  89.191096  62.068756  8.295
 92    22.878 55450.21430325 13.74  89.188636  62.065606  8.295
 92    22.805 55450.21430390 14.42  89.186166  62.062456  8.295
 92    24.626 55450.21430454 15.83  89.183706  62.059306  8.295
 92    22.114 55450.21430519 18.19  89.181236  62.056166  8.295
 92    22.014 55450.21430583 19.93  89.178776  62.053016  8.295
 92    22.061 55450.21430648 22.98  89.176306  62.049866  8.295
 92    22.221 55450.21430712 27.10  89.173846  62.046716  8.295
