# NaN NaN NaN ;Mean Elev.(m), Avg Gradient(m/km), RMS Gradient(m/km) - SRTM1     
#   40.181  -8.434  22.831 ;Mean Elev.(m), Avg Gradient(m/km), RMS Gradient(m/km) - ASTER GDEM
#   60.491  -7.003  20.896 ;Mean Elev.(m), Avg Gradient(m/km), RMS Gradient(m/km) - GMTED2010 
  7  91.417417  59.160342    62.743    62.743  2 52466.20307236 14.829
  8  91.412386  59.161311    58.983    59.032  3 52501.20306587 46.669
  9  91.428183  59.158509    61.007    60.683  3 52536.20305258 35.337
 10  91.418745  59.160430    61.309    61.947  3 52571.20308701 15.312
 11  91.414117  59.161203    60.737    60.737  2 52606.20305327 35.692
 12  91.423211  59.159917    68.773    68.773  2 52641.20304558  7.995
 13  91.414438  59.161417    69.398    69.398  2 52676.20303519  8.592
 14  91.422116  59.159179    68.634    68.634  2 52711.20306115  6.897
 15  91.405272  59.161872    70.553    70.766  3 52746.20308872  7.841
 16  91.426679  59.159632    64.131    64.131  2 52781.20302638 17.501
 18  91.424118  59.159691    64.249    63.974  3 52851.20315862  8.803
 19  91.414162  59.160937    61.892    61.675  3 52886.20319329 25.160
 22  91.425591  59.159648    61.954    61.831  3 52991.20313051 20.586
 24  91.427576  59.159685    68.319    68.955  3 53061.20310646  8.777
 25  91.403902  59.160869    72.042    72.322  3 53096.20313549  5.725
 28  91.417718  59.159212    63.456    63.456  2 53201.20318337 31.052
 29  91.420128  59.160787    62.332    62.332  2 53236.20315250 11.843
 30  91.431515  59.158181    66.575    66.575  2 53271.20311222  8.062
 31  91.416069  59.159548    61.647    61.647  2 53306.20317613 17.251
 32  91.413349  59.161567    62.753    62.753  2 53341.20314357 38.004
 33  91.411272  59.161823    63.429    63.429  2 53376.20307401 15.320
 34  91.422153  59.159534    63.261    63.171  3 53411.20311861 10.280
 35  91.406237  59.160590    64.909    64.943  3 53446.20310088  5.651
 36  91.416677  59.160431    70.125    70.125  2 53481.20318567 25.266
 37  91.417016  59.160466    63.899    65.391  3 53516.20318938 37.964
 39  91.416570  59.161000    62.681    62.681  2 53586.20316649 41.810
 40  91.423896  59.160162    61.711    63.058  3 53621.20312793 43.049
 41  91.421913  59.160449    68.562    68.682  3 53656.20315644  8.972
 42  91.412920  59.160970    60.249    60.249  2 53691.20314564 40.479
 44  91.433027  59.158788    69.409    68.518  3 53761.20301893 11.121
 45  91.414909  59.160381    62.151    62.151  2 53796.20303390 12.919
 47  91.420840  59.160335    64.851    64.851  2 53866.20309097 19.771
 52  91.426459  59.158934    62.151    61.693  3 54041.20313506 14.637
 54  91.405126  59.161940    69.923    69.923  2 54111.20307108 39.656
 56  91.408219  59.162509    72.834    73.089  3 54181.20305771 29.270
 57  91.421851  59.160662    63.575    63.575  2 54216.20307805 43.254
 58  91.418191  59.159223    71.357    71.357  2 54251.20310482 17.525
 59  91.417558  59.160700    61.370    61.370  2 54286.20311072 35.702
 60  91.418129  59.159552    63.675    63.831  3 54321.20310794 12.498
 61  91.410239  59.161647    61.882    61.882  2 54356.20306846 24.127
 62  91.419051  59.159587    66.300    66.269  3 54391.20304862  9.968
 63  91.414889  59.160793    58.277    58.636  3 54426.20301867 45.794
 64  91.423546  59.158877    69.225    70.264  3 54461.20302546 17.847
 65  91.415383  59.161448    64.097    64.072  3 54496.20302532 12.017
 66  91.422812  59.159269    65.302    65.302  2 54531.20303847  9.242
 67  91.408709  59.160826    69.896    69.896  2 54566.20303119  3.950
 68  91.419218  59.159968    62.475    62.475  2 54601.20303366 50.277
 69  91.416711  59.161265    66.974    66.974  2 54636.20304552 13.464
 70  91.415171  59.161274    61.231    61.284  3 54671.20304934 40.576
 71  91.413900  59.161279    62.273    62.273  2 54706.20301033 14.335
 73  91.415122  59.160335    59.471    59.485  3 54776.20299194 37.413
 74  91.425347  59.159808    62.775    62.831  3 54811.20300691 20.722
 75  91.412857  59.160087    71.957    72.171  3 54846.20299160  7.852
 76  91.420251  59.160750    72.961    72.961  2 54881.20301028  2.686
 77  91.407884  59.161910    65.317    65.314  3 54916.20299478 10.587
 79  91.417750  59.161073    65.256    65.256  2 54986.20302802 40.615
 80  91.417706  59.160476    61.755    61.658  3 55021.20302110 38.495
 81  91.416266  59.160946    62.651    62.651  2 55056.20301794 42.015
 82  91.411365  59.163988    61.852    61.852  2 55091.20297546 17.069
 83  91.420000  59.159735    62.143    62.143  2 55126.20295725 15.639
 85  91.423765  59.159726    69.551    70.033  3 55196.20294764  8.873
 86  91.410265  59.161777    71.270    71.161  3 55231.20294055  6.418
 87  91.420169  59.160493    69.275    69.275  2 55266.20294270  5.225
 88  91.410872  59.161266    74.113    74.113  2 55301.20292175  2.540
 89  91.416045  59.161082    62.839    62.839  2 55336.20291802 33.897
 90  91.417054  59.160412    61.187    60.751  3 55371.20290849 34.117
 91  91.422298  59.159141    64.915    64.915  2 55406.20292749 10.106
 92  91.415813  59.160827    62.242    62.242  2 55441.20292720 22.672
 93  91.409632  59.160986    68.914    68.600  3 55476.20287044 14.448
