# NaN NaN NaN ;Mean Elev.(m), Avg Gradient(m/km), RMS Gradient(m/km) - SRTM1     
#  -11.809  -3.405   8.998 ;Mean Elev.(m), Avg Gradient(m/km), RMS Gradient(m/km) - ASTER GDEM
#    1.000  -4.055   8.703 ;Mean Elev.(m), Avg Gradient(m/km), RMS Gradient(m/km) - GMTED2010 
  7  86.563695  67.850735    57.356    60.659  9 52469.61644590  5.339
  8  86.564963  67.852790    43.817    45.619  9 52504.61643136 12.320
  9  86.556240  67.844096    61.704    62.875  8 52539.61641323 10.902
 10  86.562005  67.847309    54.911    54.857  9 52574.61645765 15.129
 11  86.568356  67.851993    58.636    59.693  9 52609.61641822 10.754
 12  86.559329  67.847783    60.278    61.436  9 52644.61640928 10.719
 15  86.566118  67.849329    59.013    60.205  9 52749.61645859  6.920
 16  86.550437  67.844277    61.365    61.362  7 52784.61640029 10.961
 17  86.553820  67.844223    59.748    60.536  7 52819.61647603  9.258
 18  86.561141  67.847604    58.965    59.631  9 52854.61652505  7.232
 20  86.571999  67.854397     5.555     1.393  5 52924.61651280 20.095
 21  86.560616  67.847915    54.819    54.992  8 52959.61647891 13.644
 22  86.560814  67.849870    59.141    61.034  9 52994.61651140  9.809
 23  86.570828  67.858042    55.898    55.614 10 53029.61647636  7.554
 24  86.563458  67.851359    57.301    56.378  9 53064.61648285 10.382
 25  86.568637  67.853938    56.323    55.496  9 53099.61649247  7.482
 29  86.571069  67.856800    56.608    56.356 10 53239.61652189  9.966
 31  86.559760  67.846581    61.889    63.917  9 53309.61653597 10.777
 32  86.568456  67.851926    57.649    56.614  9 53344.61650287  6.982
 33  86.552789  67.845366    57.920    57.105  8 53379.61645056  7.558
 34  86.567365  67.852872    56.566    55.456 10 53414.61647998  8.462
 35  86.550376  67.844144    61.674    61.643  7 53449.61647108  7.174
 37  86.569842  67.849014    16.795    16.880  7 53519.61655359 47.182
 38  86.561976  67.847673    58.155    57.759  9 53554.61657626  9.674
 39  86.575190  67.854244     2.648     2.188  8 53589.61652209 18.519
 40  86.544556  67.845369    64.640    65.395  5 53624.61649975 10.768
 41  86.558457  67.846441    60.445    62.713  9 53659.61652614 14.510
 42  86.567599  67.853394    60.258    62.233  9 53694.61650300 10.728
 43  86.571293  67.861469    55.506    55.788 11 53729.61642729  7.691
 44  86.562616  67.848623    60.596    60.231  8 53764.61638958  8.011
 45  86.570512  67.858669    56.353    56.040 10 53799.61639734  7.024
 46  86.555688  67.843762    60.482    62.007  8 53834.61639456  8.195
 47  86.556265  67.850628    58.513    57.692  6 53869.61645770  0.562
 48  86.562205  67.848240     9.818     9.811  8 53904.61649146 41.110
 49  86.554996  67.848251     0.018    -0.245  7 53939.61652506 27.246
 50  86.563058  67.858430    58.074    59.836  6 53974.61648590 10.881
 51  86.555293  67.844171    58.355    57.191  9 54009.61647841 11.501
 52  86.563786  67.850208    56.764    55.873  8 54044.61649804 10.438
 53  86.568311  67.853718    55.892    56.247  9 54079.61649191  8.651
 54  86.570004  67.861368    55.368    54.955 11 54114.61642907  7.287
 56  86.571343  67.858687    56.560    55.664 10 54184.61641894  5.028
 57  86.558744  67.847234    62.452    63.303  8 54219.61644734  4.768
 58  86.565632  67.848217    11.334    11.304  7 54254.61647160 39.984
 59  86.567038  67.850986    57.651    58.459  9 54289.61647480  9.912
 60  86.564822  67.852991     7.243     1.436  9 54324.61647274 23.940
 61  86.573117  67.858948     4.103     4.041  9 54359.61642811 36.219
 62  86.564753  67.848607    55.438    55.898  9 54394.61641204 14.886
 63  86.569810  67.855369    54.976    55.191 10 54429.61637765 10.454
 64  86.561103  67.848196    61.130    62.033  8 54464.61639154  7.091
 65  86.569707  67.853117    58.298    59.714  9 54499.61638827  5.643
 66  86.566046  67.849800    60.731    62.218  9 54534.61640606  6.896
 67  86.571266  67.857808    55.765    55.532 10 54569.61639252  5.792
 68  86.558454  67.852842     4.652     4.713  6 54604.61640134 39.376
 69  86.566212  67.850993    54.208    57.096  9 54639.61641090 13.378
 70  86.562934  67.851926    56.521    56.587  9 54674.61641373 10.509
 71  86.572484  67.855558     2.490     2.493  8 54709.61637135 25.237
 72  86.563381  67.848125    58.713    57.573  9 54744.61637975  8.827
 73  86.567868  67.852833    56.275    55.317  9 54779.61635440  9.330
 74  86.561174  67.847262    61.594    62.149  9 54814.61637300  9.757
 76  86.561665  67.848838    59.664    58.455  8 54884.61637681  7.373
 77  86.570342  67.858796    56.303    54.965 11 54919.61635629  6.336
 78  86.561561  67.847772    56.889    56.640  9 54954.61637181  2.067
 79  86.561850  67.848860    12.328    12.270  8 54989.61639570 23.856
 80  86.560206  67.859368    58.035    56.833  5 55024.61638909 11.009
 81  86.565701  67.851510     2.426     2.411 10 55059.61638208 40.875
 82  86.571758  67.858036    56.565    55.806 10 55094.61633564  9.841
 83  86.562776  67.849673    52.166    56.860  8 55129.61632326 15.576
 84  86.566537  67.854208    54.560    54.875  9 55164.61629684 12.466
 85  86.561019  67.848542    57.375    57.049  8 55199.61631486  9.756
 86  86.569717  67.855357    56.793    56.336 10 55234.61630218  8.388
 87  86.563943  67.850388    59.010    59.473  9 55269.61630963  8.393
 88  86.571950  67.859178    56.392    55.568 11 55304.61628359  7.613
 89  86.565126  67.850743    55.596    55.584  9 55339.61628181  8.972
 90  86.561976  67.857332    54.363    58.938  6 55374.61627478 14.049
 91  86.562975  67.849541    58.448    58.052  9 55409.61629510 10.615
 92  86.567012  67.851584    56.935    57.385  9 55444.61629058 11.577
 93  86.572540  67.861526    48.984    48.164 12 55479.61622819 17.988
