# NaN NaN NaN ;Mean Elev.(m), Avg Gradient(m/km), RMS Gradient(m/km) - SRTM1     
#  -16.521  -4.429   7.603 ;Mean Elev.(m), Avg Gradient(m/km), RMS Gradient(m/km) - ASTER GDEM
#    1.449  -2.533   4.632 ;Mean Elev.(m), Avg Gradient(m/km), RMS Gradient(m/km) - GMTED2010 
  8  86.313109  68.629583    39.336    42.251 44 52485.61460871  9.038
  9  86.314716  68.633370    45.562    46.705 41 52520.61457496 10.185
 10  86.295417  68.627380    10.390     7.673 51 52555.61462557 18.692
 11  86.307870  68.630276     4.373     0.558 46 52590.61461513 21.379
 12  86.327596  68.629375    44.449    45.092 41 52625.61454180  9.323
 13  86.311528  68.627690    43.428    42.791 49 52660.61457992  9.191
 14  86.298542  68.624112    40.688    39.409 55 52695.61455906  8.063
 15  86.316615  68.628281    42.569    42.476 47 52730.61458871  6.772
 16  86.316201  68.632064    44.465    42.552 43 52765.61459957  5.520
 17  86.298808  68.625285    10.141    10.093 54 52800.61459278 39.110
 18  86.285217  68.640128     0.882     0.794 43 52835.61466322 41.885
 19  86.302683  68.633608     9.467     6.616 44 52870.61470276 15.924
 20  86.306959  68.635105     4.630     0.856 42 52905.61470285 20.795
 21  86.270479  68.645297     3.286     0.141 41 52940.61463753 36.313
 23  86.311173  68.626715    39.790    41.078 50 53010.61468387 12.015
 24  86.307892  68.618644    21.005     8.357 49 53045.61464551 11.865
 25  86.311308  68.626536    40.820    41.720 49 53080.61468090 10.111
 26  86.297783  68.623677    34.440    33.574 54 53115.61465134  9.629
 27  86.285953  68.640981     2.944     1.548 41 53150.61470201 23.028
 28  86.312645  68.629652     3.416     3.404 46 53185.61468839 25.700
 29  86.298896  68.641208     9.187     4.030 38 53220.61471670 15.356
 30  86.310814  68.636023    42.238    44.030 39 53255.61469216  9.043
 32  86.313546  68.630801    15.184    16.307 39 53325.61467698 15.001
 33  86.324310  68.629212    42.577    43.688 43 53360.61463538  7.931
 34  86.300225  68.625764    36.260    38.934 53 53395.61465448  9.424
 35  86.324911  68.627862    43.094    44.028 43 53430.61464673  8.211
 36  86.299827  68.625434    33.838    34.587 53 53465.61467582  8.658
 37  86.304718  68.626904    43.498    42.758 51 53500.61473600  4.522
 38  86.316446  68.627726    21.174    22.813 47 53535.61472424 13.832
 39  86.312998  68.624956    17.853    21.861 49 53570.61473359 12.753
 40  86.323274  68.631826    44.161    46.074 39 53605.61468213 10.264
 41  86.299709  68.623239    15.356    17.534 48 53640.61468087 15.941
 42  86.286622  68.641331     3.555     0.622 41 53675.61470405 42.933
 43  86.314067  68.639880     4.019     0.248 33 53710.61463294 14.219
 44  86.323605  68.603712    11.918    12.214 38 53745.61453596 12.806
 45  86.310754  68.631446    26.889    26.436 45 53780.61457258 11.034
 46  86.338286  68.626283    43.708    44.224 36 53815.61454029  6.217
 47  86.298440  68.624728    25.282    23.617 54 53850.61460718  9.650
 48  86.301503  68.638718     4.558     4.522 40 53885.61461973 23.980
 49  86.302387  68.626456    21.888    22.586 48 53920.61468638 12.468
 50  86.290490  68.639086     3.544     0.752 43 53955.61468701 28.880
 51  86.335798  68.626896    11.775    10.618 29 53990.61460237 41.743
 52  86.291843  68.632855     5.024     0.686 47 54025.61466988 46.398
 53  86.310115  68.633180     5.284     1.241 42 54060.61466254 16.724
 54  86.315608  68.635566    39.472    43.946 39 54095.61463737 10.618
 55  86.292339  68.629776    30.542    27.797 51 54130.61458291  9.542
 56  86.316480  68.628215    33.095    29.558 47 54165.61460777  7.682
 57  86.295233  68.630940    31.340    36.229 34 54200.61458595  9.996
 58  86.308519  68.626942     4.685     4.683 49 54235.61462251 22.965
 59  86.314216  68.627386     5.931     5.760 47 54270.61464286 24.177
 60  86.292576  68.641655     5.205     1.256 39 54305.61464871 22.058
 61  86.317302  68.630344    39.966    40.874 43 54340.61462838 11.649
 62  86.306264  68.626603    18.836    20.959 51 54375.61458005 18.053
 63  86.305707  68.633322     5.397     1.094 43 54410.61457562 29.811
 64  86.296765  68.627104    37.285    39.160 51 54445.61454395 11.586
 65  86.314068  68.626669    43.498    43.065 48 54480.61456538  7.135
 66  86.300470  68.625868    41.610    41.640 53 54515.61455792  5.649
 67  86.320578  68.627427    44.166    44.325 45 54550.61457847  3.851
 68  86.337093  68.605538    26.090    26.483 36 54585.61454911  4.978
 69  86.308796  68.629163    11.492    11.498 48 54620.61457325 20.978
 70  86.311755  68.626874    39.850    40.876 49 54655.61458316 10.554
 71  86.309398  68.633339    41.375    43.353 42 54690.61457006  8.018
 72  86.295256  68.630772    11.816     8.358 48 54725.61453501 15.120
 73  86.314414  68.626124    22.463    22.000 47 54760.61454514 17.965
 74  86.287848  68.631770     6.420     0.203 50 54795.61452860 24.790
 75  86.311727  68.627280    31.955    36.806 48 54830.61454561 12.064
 76  86.305888  68.622487    23.213     8.280 50 54865.61452143 12.230
 77  86.317016  68.627232    25.135    26.823 47 54900.61454441 11.031
 78  86.307515  68.625192    38.802    37.818 51 54935.61451342  7.617
 79  86.291122  68.641870     2.395     2.394 39 54970.61454960 18.789
 80  86.312145  68.625906     7.192     5.286 49 55005.61456567 19.154
 81  86.302681  68.635265    17.774    17.793 38 55040.61455548 14.383
 82  86.317870  68.628633    42.881    45.155 46 55075.61453593  9.584
 83  86.318098  68.615232    21.770    24.462 44 55110.61448397 13.687
 84  86.306680  68.631849     4.785     0.640 46 55145.61448985 23.298
 85  86.299693  68.624111    31.806    34.310 54 55180.61446297 12.817
 86  86.314408  68.627855    40.228    40.552 48 55215.61448352 10.390
 87  86.305210  68.625820    38.781    37.881 52 55250.61445998  9.502
 88  86.319405  68.627061    42.173    42.619 46 55285.61447705  8.443
 89  86.312929  68.626283    36.696    35.823 49 55320.61445046  5.811
 90  86.313319  68.627670    11.793    11.786 48 55355.61445123 50.276
 91  86.289163  68.636768     1.983     1.635 45 55390.61445375 50.429
 92  86.313650  68.626501    41.802    42.656 48 55425.61446794  9.027
 93  86.316814  68.632331     0.966     0.969 42 55460.61443706 25.879
