# NaN NaN NaN ;Mean Elev.(m), Avg Gradient(m/km), RMS Gradient(m/km) - SRTM1     
#  -15.874  -1.632   8.652 ;Mean Elev.(m), Avg Gradient(m/km), RMS Gradient(m/km) - ASTER GDEM
#   15.776  -0.449   2.670 ;Mean Elev.(m), Avg Gradient(m/km), RMS Gradient(m/km) - GMTED2010 
  7    16.271 52459.62545875 23.95  87.574663  63.293105 16.972
  7    16.067 52459.62545939 25.95  87.572003  63.296235 16.972
  7    16.183 52459.62546004 24.36  87.569343  63.299365 16.972
  7    16.357 52459.62546068 22.65  87.566680  63.302498  8.789
  7    16.543 52459.62546133 30.64  87.564020  63.305628  8.789
  7    16.675 52459.62546197 35.70  87.561360  63.308758  8.789
  9    16.115 52529.62543405 19.11  87.548220  63.303959  7.875
  9    15.994 52529.62543470 19.04  87.545550  63.307089  7.875
  9    15.803 52529.62543534 19.63  87.542890  63.310219  7.875
  9    41.120 52529.62543599 17.44  87.540220  63.313359  7.875
 10    15.691 52564.62545236 28.93  87.571764  63.295318 19.233
 10    15.606 52564.62545300 43.58  87.569098  63.298448 16.559
 10    15.643 52564.62545365 46.53  87.566438  63.301578 16.559
 10    15.564 52564.62545429 46.44  87.563778  63.304718 16.559
 10    15.619 52564.62545494 41.51  87.561118  63.307848 16.559
 10    15.645 52564.62545558 40.77  87.558458  63.310978 16.559
 11    16.003 52599.62548031 27.16  87.568439  63.295887 11.329
 11    15.949 52599.62548095 27.86  87.565779  63.299017 11.329
 11    15.718 52599.62548159 26.80  87.563119  63.302157 11.329
 11    15.750 52599.62548224 29.69  87.560459  63.305287 11.329
 11    15.911 52599.62548288 28.69  87.557799  63.308417 11.329
 11    15.706 52599.62548353 28.28  87.555139  63.311547 11.329
 12    17.734 52634.62543587 18.49  87.556065  63.299723  3.936
 12    17.664 52634.62543652 17.39  87.553395  63.302853  3.936
 12    17.537 52634.62543716 17.12  87.550735  63.305983  3.936
 13    37.941 52669.62544560 12.37  87.570459  63.294597  2.953
 13    39.238 52669.62544625 12.34  87.567799  63.297737  2.953
 13    40.778 52669.62544689 11.86  87.565139  63.300867  2.953
 13    41.818 52669.62544754 11.75  87.562479  63.303997  2.953
 13    42.461 52669.62544818 11.11  87.559819  63.307127  2.953
 13    42.967 52669.62544882 10.89  87.557155  63.310256  3.060
 14    39.351 52704.62543264 12.94  87.564930  63.296426  2.839
 14    40.686 52704.62543329 12.76  87.562270  63.299556  2.839
 14    41.725 52704.62543393 12.09  87.559610  63.302686  2.839
 14    42.401 52704.62543458 12.08  87.556950  63.305826  2.839
 14    42.896 52704.62543522 11.39  87.554280  63.308956  2.839
 14    43.336 52704.62543586 11.61  87.551620  63.312086  2.839
 16    21.754 52774.62541454 32.61  87.597702  63.283300 28.876
 16    21.616 52774.62541518 33.81  87.595042  63.286440 28.876
 16    21.733 52774.62541583 29.46  87.592382  63.289570 28.876
 16    21.681 52774.62541647 30.11  87.589732  63.292700 28.876
 16    21.580 52774.62541712 25.95  87.587072  63.295830 28.876
 16    21.558 52774.62541776 26.40  87.584412  63.298960 28.876
 16    21.804 52774.62541905 38.51  87.579092  63.305230 28.876
 18    14.854 52844.62554876 21.64  87.554196  63.302100  7.515
 18    14.648 52844.62554941 21.95  87.551536  63.305230  7.515
 18    14.472 52844.62555005 22.31  87.548876  63.308360  7.515
 18    14.621 52844.62555070 21.72  87.546206  63.311490  7.515
 19    15.545 52879.62558557 39.89  87.563256  63.298069 16.421
 19    15.457 52879.62558621 45.37  87.560596  63.301199 16.421
 19    15.516 52879.62558686 46.21  87.557936  63.304329 16.421
 19    15.560 52879.62558750 48.32  87.555266  63.307469 16.421
 19    15.383 52879.62558815 51.12  87.552606  63.310599 16.421
 20    15.020 52914.62553932 41.89  87.596097  63.281268 29.475
 20    14.901 52914.62553997 45.70  87.593437  63.284398 29.475
 20    14.801 52914.62554061 36.29  87.590777  63.287538 29.475
 20    14.555 52914.62554126 26.37  87.588127  63.290668 29.475
 20    14.513 52914.62554190 19.44  87.585467  63.293798 29.475
 20    14.558 52914.62554255 17.68  87.582807  63.296928 29.475
 20    14.757 52914.62554319 16.46  87.580147  63.300058 29.475
 20    14.711 52914.62554384 15.55  87.577488  63.303193  4.621
 20    14.811 52914.62554448 15.76  87.574828  63.306323  4.621
 21    14.398 52949.62550289 46.42  87.556347  63.299861 20.646
 21    14.281 52949.62550354 51.91  87.553677  63.302991 20.646
 21    14.350 52949.62550418 50.30  87.551017  63.306121 20.646
 21    14.299 52949.62550483 47.72  87.548357  63.309251 20.646
 21    14.361 52949.62550547 46.10  87.545687  63.312381 20.646
 22    37.225 52984.62552771 13.67  87.574997  63.292789  3.079
 22    39.206 52984.62552836 13.48  87.572337  63.295919  3.079
 22    40.611 52984.62552900 12.52  87.569677  63.299059  3.079
 22    41.564 52984.62552965 12.57  87.567007  63.302189  3.079
 22    42.345 52984.62553029 12.91  87.564347  63.305319  3.079
 22    42.981 52984.62553094 11.76  87.561687  63.308449  3.079
 23    24.287 53019.62551794 14.41  87.585487  63.287595  4.780
 23    23.894 53019.62551858 14.98  87.582827  63.290725  4.780
 23    23.276 53019.62551923 14.02  87.580167  63.293865  4.780
 23    40.173 53019.62551987 14.36  87.577507  63.296995  4.780
 23    41.344 53019.62552052 14.53  87.574847  63.300125  4.780
 23    42.359 53019.62552116 14.08  87.572187  63.303255  4.780
 23    43.893 53019.62552181 12.87  87.569527  63.306385  4.780
 24    16.803 53054.62550562 16.62  87.565490  63.297261  6.496
 24    17.141 53054.62550691 14.85  87.560170  63.303531  6.496
 24    17.206 53054.62550756 14.54  87.557510  63.306661  6.496
 24    17.246 53054.62550820 14.37  87.554840  63.309791  6.496
 25    16.898 53089.62554198 14.67  87.574064  63.293190  5.596
 25    16.842 53089.62554263 14.97  87.571414  63.296320  5.596
 25    16.834 53089.62554327 14.73  87.568754  63.299460  5.596
 25    43.443 53089.62554521 12.09  87.560774  63.308850  5.596
 26    47.210 53124.62551401  8.95  87.559441  63.300107  2.554
 26    47.854 53124.62551466  8.55  87.556781  63.303237  2.554
 26    50.131 53124.62551530  7.68  87.554121  63.306367  2.554
 26    51.168 53124.62551595  7.32  87.551455  63.309494  2.977
 26    52.268 53124.62551659  6.77  87.548795  63.312634  2.977
 27    27.570 53159.62557366 50.72  87.557587  63.299102 38.874
 27    27.582 53159.62557431 51.01  87.554928  63.302234 15.137
 27    27.576 53159.62557495 50.10  87.552258  63.305364 15.137
 27    27.585 53159.62557560 50.24  87.549598  63.308494 15.137
 27    27.584 53159.62557624 50.46  87.546938  63.311634 15.137
 28    16.603 53194.62556748 23.27  87.576975  63.292165 24.141
 28    16.381 53194.62556812 23.92  87.574315  63.295295 24.141
 28    16.259 53194.62556877 23.78  87.571649  63.298429  4.793
 28    16.427 53194.62556941 22.51  87.568989  63.301559  4.793
 28    16.479 53194.62557006 22.74  87.566329  63.304689  4.793
 28    16.552 53194.62557070 21.63  87.563669  63.307829  4.793
 29    15.512 53229.62555695 29.25  87.584057  63.288578 18.542
 29    15.368 53229.62555760 22.05  87.581397  63.291708 18.542
 29    15.465 53229.62555824 18.35  87.578737  63.294838 18.542
 29    15.424 53229.62555889 15.73  87.576077  63.297968 18.542
 29    15.343 53229.62555953 15.61  87.573417  63.301098 18.542
 29    15.367 53229.62556018 15.39  87.570757  63.304228 18.542
 29    15.186 53229.62556082 15.67  87.568097  63.307368 18.542
 30    16.382 53264.62552724 23.63  87.592283  63.283849  7.701
 30    16.183 53264.62552789 23.48  87.589633  63.286979  7.701
 30    16.331 53264.62552853 22.27  87.586973  63.290109  7.701
 30    16.403 53264.62552918 21.46  87.584313  63.293249  7.701
 30    16.525 53264.62552982 21.09  87.581653  63.296379  7.701
 30    16.621 53264.62553047 20.91  87.579003  63.299509  7.701
 30    16.755 53264.62553111 21.23  87.576343  63.302639  7.701
 30    16.580 53264.62553176 21.04  87.573683  63.305769  7.701
 32    14.879 53334.62554602 46.00  87.570818  63.295848 18.761
 32    14.891 53334.62554667 45.88  87.568158  63.298978 18.761
 32    14.778 53334.62554731 44.31  87.565498  63.302108 18.761
 32    14.843 53334.62554796 41.84  87.562838  63.305238 18.761
 32    14.545 53334.62554860 37.96  87.560178  63.308368 18.761
 33    17.332 53369.62548314 19.14  87.596775  63.282874  5.153
 33    17.221 53369.62548379 19.01  87.594115  63.286014  5.153
 33    17.354 53369.62548443 17.86  87.591455  63.289144  5.153
 33    17.678 53369.62548507 17.27  87.588805  63.292274  5.153
 33    17.771 53369.62548572 17.73  87.586145  63.295404  5.153
 33    17.673 53369.62548636 19.03  87.583485  63.298534  5.153
 33    17.589 53369.62548701 19.67  87.580825  63.301674  5.153
 33    17.458 53369.62548765 16.65  87.578175  63.304804  5.153
 34    18.000 53404.62551927 15.86  87.563427  63.298668  4.091
 34    18.110 53404.62551992 15.86  87.560767  63.301798  4.091
 34    18.056 53404.62552056 15.60  87.558097  63.304928  4.091
 35    17.969 53439.62550375 15.08  87.590495  63.285550  3.722
 35    18.089 53439.62550440 15.26  87.587835  63.288680  3.722
 35    18.013 53439.62550504 14.27  87.585175  63.291810  3.722
 35    18.004 53439.62550569 13.96  87.582515  63.294940  3.722
 35    17.840 53439.62550633 14.18  87.579865  63.298080  3.722
 35    17.787 53439.62550698 13.69  87.577205  63.301210  3.722
 35    41.822 53439.62550762 12.72  87.574545  63.304340  3.722
 35    43.217 53439.62550827 12.39  87.571885  63.307470  3.722
 36    46.179 53474.62556881  6.95  87.556175  63.300250  2.256
 36    46.206 53474.62556945  6.86  87.553517  63.303379  2.622
 36    48.276 53474.62557010  6.58  87.550857  63.306519  2.622
 36    49.258 53474.62557074  6.86  87.548197  63.309649  2.622
 36    52.263 53474.62557139  6.00  87.545527  63.312779  2.622
 37    27.092 53509.62558621 52.24  87.568619  63.296112 45.764
 37    27.066 53509.62558685 50.86  87.565959  63.299252 45.764
 37    27.041 53509.62558750 47.05  87.563299  63.302382 45.764
 37    27.029 53509.62558814 52.30  87.560639  63.305512 45.764
 37    27.029 53509.62558879 48.43  87.557979  63.308642 45.764
 37    27.012 53509.62558943 45.24  87.555314  63.311772 13.808
 38    17.899 53544.62560138 50.49  87.567857  63.296705 27.442
 38    17.859 53544.62560202 48.72  87.565197  63.299835 27.442
 38    17.729 53544.62560267 48.42  87.562537  63.302965 27.442
 38    17.797 53544.62560331 50.18  87.559870  63.306099 11.411
 38    17.776 53544.62560396 49.60  87.557210  63.309229 11.411
 39    15.927 53579.62557903 20.76  87.577728  63.293467 14.205
 39    15.868 53579.62557968 18.92  87.575068  63.296597 14.205
 39    15.676 53579.62558032 17.99  87.572408  63.299737 14.205
 39    15.877 53579.62558097 16.86  87.569748  63.302867 14.205
 39    15.888 53579.62558161 17.25  87.567088  63.305997 14.205
 39    15.876 53579.62558226 17.07  87.564428  63.309127 14.205
 40    15.483 53614.62553127 50.50  87.588395  63.285221 30.534
 40    15.668 53614.62553191 39.25  87.585735  63.288351 30.534
 40    15.326 53614.62553256 30.46  87.583075  63.291481 30.534
 40    15.344 53614.62553320 43.72  87.580415  63.294611 30.534
 40    15.454 53614.62553385 45.91  87.577765  63.297751 30.534
 40    15.489 53614.62553449 44.50  87.575105  63.300881 30.534
 40    15.278 53614.62553513 31.86  87.572445  63.304011 30.534
 40    15.360 53614.62553578 27.19  87.569785  63.307141 30.534
 41    15.454 53649.62554205 30.40  87.565379  63.296303 18.883
 41    15.494 53649.62554269 38.17  87.562719  63.299433 18.883
 41    15.509 53649.62554334 39.11  87.560059  63.302563 18.883
 41    15.563 53649.62554398 43.27  87.557401  63.305691  9.299
 41    15.589 53649.62554463 40.37  87.554731  63.308831  9.299
 41    15.553 53649.62554527 39.69  87.552071  63.311961  9.299
 43    22.370 53719.62547751 18.72  87.596145  63.281716  4.372
 43    16.908 53719.62547815 19.55  87.593485  63.284856  4.372
 43    16.840 53719.62547880 19.64  87.590825  63.287986  4.372
 43    16.779 53719.62547944 18.99  87.588175  63.291116  4.372
 43    16.763 53719.62548008 18.22  87.585515  63.294246  4.372
 43    16.809 53719.62548073 18.47  87.582855  63.297376  4.372
 44    22.991 53754.62540400 17.81  87.568100  63.295579  4.130
 44    18.301 53754.62540464 17.69  87.565440  63.298719  4.130
 44    18.364 53754.62540529 17.01  87.562780  63.301849  4.130
 44    18.359 53754.62540593 17.07  87.560120  63.304979  4.130
 44    18.109 53754.62540658 17.11  87.557450  63.308109  4.130
 44    17.894 53754.62540722 16.54  87.554794  63.311244  3.011
 45    35.079 53789.62543202 14.38  87.584814  63.287170  3.153
 45    37.072 53789.62543266 13.92  87.582154  63.290300  3.153
 45    38.376 53789.62543331 14.16  87.579494  63.293430  3.153
 45    39.499 53789.62543395 14.47  87.576834  63.296560  3.153
 45    40.477 53789.62543460 14.07  87.574174  63.299700  3.153
 45    41.671 53789.62543524 13.57  87.571514  63.302830  3.153
 45    42.428 53789.62543589 12.90  87.568854  63.305960  3.153
 45    43.355 53789.62543653 13.13  87.566194  63.309090  3.153
 46    39.541 53824.62539146 13.66  87.554504  63.301859  3.249
 46    38.725 53824.62539210 13.60  87.551844  63.304989  3.249
 46    38.790 53824.62539275 13.28  87.549174  63.308119  3.249
 46    41.716 53824.62539339 13.10  87.546514  63.311249  3.249
 46    41.790 53824.62539404 12.77  87.543844  63.314379  3.249
 47    26.319 53859.62548405  6.29  87.559057  63.298387  3.489
 47    25.498 53859.62548470  6.21  87.556397  63.301517  3.489
 47    48.600 53859.62548534  6.42  87.553737  63.304647  3.489
 47    18.676 53859.62548599  7.17  87.551077  63.307787  3.489
 47    34.424 53859.62548663  7.69  87.548407  63.310917  3.489
 47    51.973 53859.62548728  6.32  87.545747  63.314047  3.489
 48    24.384 53894.62550071 19.26  87.568039  63.296636 12.448
 48    42.165 53894.62550136 18.37  87.565379  63.299776 12.448
 48    45.913 53894.62550200 17.58  87.562719  63.302906 12.448
 48    46.681 53894.62550264 16.49  87.560049  63.306036 12.448
 48    48.674 53894.62550329 16.04  87.557389  63.309166 12.448
 49    16.628 53929.62555663 39.54  87.556224  63.300722 28.940
 49    16.338 53929.62555727 34.52  87.553564  63.303852 28.940
 49    16.420 53929.62555791 34.63  87.550904  63.306992 28.940
 49    16.745 53929.62555856 36.32  87.548244  63.310122 28.940
 49    16.674 53929.62555920 41.61  87.545584  63.313252 28.940
 50    16.662 53964.62553442 16.83  87.569975  63.295040  6.958
 50    16.086 53964.62553507 17.74  87.567315  63.298180  6.958
 50    40.543 53964.62553571 13.81  87.564655  63.301310  6.958
 50    41.152 53964.62553636 13.79  87.561995  63.304440  6.958
 50    43.306 53964.62553700 12.37  87.559335  63.307570  6.958
 50    42.481 53964.62553764 13.94  87.556675  63.310700  6.958
 52    15.141 54034.62553425 47.98  87.566792  63.297363 14.882
 52    15.049 54034.62553489 49.02  87.564132  63.300493 14.882
 52    15.265 54034.62553554 45.87  87.561472  63.303623 14.882
 52    14.989 54034.62553618 49.16  87.558802  63.306753 14.882
 52    14.814 54034.62553683 43.97  87.556144  63.309882  9.987
 53    18.324 54069.62552743 37.98  87.574982  63.294146  7.359
 53    18.178 54069.62552807 28.49  87.572322  63.297276  7.359
 53    40.787 54069.62552872 15.94  87.569662  63.300406  7.359
 53    41.884 54069.62552936 15.26  87.567002  63.303536  7.359
 54    32.680 54104.62548045 11.71  87.593259  63.283187  3.093
 54    35.926 54104.62548110 11.36  87.590599  63.286317  3.093
 54    37.805 54104.62548174 11.07  87.587939  63.289447  3.093
 54    39.816 54104.62548238 11.36  87.585289  63.292577  3.093
 54    40.576 54104.62548303 11.65  87.582629  63.295707  3.093
 54    41.601 54104.62548367 11.39  87.579969  63.298847  3.093
 54    43.105 54104.62548432 11.15  87.577309  63.301977  3.093
 54    45.279 54104.62548496 10.42  87.574649  63.305107  3.093
 55    40.190 54139.62545977 10.87  87.561809  63.297971  3.015
 55    41.351 54139.62546041 10.70  87.559149  63.301101  3.015
 55    42.185 54139.62546106 10.13  87.556489  63.304231  3.015
 55    42.903 54139.62546170 10.34  87.553819  63.307361  3.015
 55    43.338 54139.62546235 10.36  87.551159  63.310501  3.015
 56    36.790 54174.62546100 10.38  87.583242  63.288467  3.014
 56    37.952 54174.62546165 10.52  87.580582  63.291597  3.014
 56    39.763 54174.62546229  9.72  87.577932  63.294727  3.014
 56    41.109 54174.62546294  9.95  87.575272  63.297857  3.014
 56    42.200 54174.62546358  9.56  87.572612  63.300987  3.014
 56    43.876 54174.62546422  9.37  87.569952  63.304127  3.014
 56    44.338 54174.62546487  9.04  87.567292  63.307257  3.014
 57    19.175 54209.62546623 33.61  87.560447  63.298536 29.008
 57    19.127 54209.62546688 25.71  87.557787  63.301666 29.008
 57    19.046 54209.62546752 22.14  87.555127  63.304796 29.008
 57    19.107 54209.62546817 18.76  87.552467  63.307926 29.008
 57    19.418 54209.62546881 17.93  87.549803  63.311062  9.237
 58    41.603 54244.62549648 19.65  87.569267  63.295581 10.119
 58    45.291 54244.62549712 18.84  87.566607  63.298721 10.119
 58    48.092 54244.62549777 18.11  87.563947  63.301851 10.119
 58    47.566 54244.62549841 18.52  87.561277  63.304981 10.119
 58    48.048 54244.62549905 19.87  87.558617  63.308111 10.119
 58    59.487 54244.62549970 21.11  87.555957  63.311241 10.119
 59    18.201 54279.62550802 30.26  87.570594  63.294430 21.383
 59    18.073 54279.62550866 28.96  87.567924  63.297560 21.383
 59    17.976 54279.62550931 29.53  87.565274  63.300690 21.383
 59    17.968 54279.62550995 29.52  87.562604  63.303830 21.383
 59    17.982 54279.62551060 28.41  87.559944  63.306960 21.383
 59    18.036 54279.62551124 30.28  87.557284  63.310090 21.383
 60    15.754 54314.62550701 19.90  87.577116  63.292519 17.335
 60    15.584 54314.62550765 18.76  87.574466  63.295649 17.335
 60    15.574 54314.62550830 19.82  87.571806  63.298779 17.335
 60    15.572 54314.62550894 21.36  87.569146  63.301909 17.335
 60    15.676 54314.62550959 21.16  87.566476  63.305049 17.335
 60    15.939 54314.62551023 31.03  87.563816  63.308179 17.335
 61    16.516 54349.62547494 24.15  87.588022  63.286288 12.740
 61    16.531 54349.62547558 20.69  87.585362  63.289428 12.740
 61    16.695 54349.62547623 15.88  87.582702  63.292558 12.740
 61    16.520 54349.62547687 14.08  87.580042  63.295688 12.740
 61    16.540 54349.62547752 11.91  87.577392  63.298818 12.740
 62    16.234 54384.62544626 30.97  87.566245  63.296273 22.232
 62    16.198 54384.62544691 36.10  87.563585  63.299403 22.232
 62    16.312 54384.62544755 38.27  87.560925  63.302533 22.232
 62    16.353 54384.62544820 38.00  87.558265  63.305663 22.232
 62    16.339 54384.62544884 43.54  87.555595  63.308793 22.232
 62    16.433 54384.62544949 43.98  87.552935  63.311923 22.232
 63    14.636 54419.62542490 30.24  87.583743  63.288047 17.823
 63    14.772 54419.62542554 38.31  87.581083  63.291177 17.823
 63    14.924 54419.62542619 38.93  87.578423  63.294307 17.823
 63    14.637 54419.62542683 44.70  87.575763  63.297437 17.823
 63    14.702 54419.62542748 44.14  87.573103  63.300577 17.823
 63    14.687 54419.62542812 44.32  87.570443  63.303707 17.823
 63    14.646 54419.62542877 42.72  87.567783  63.306837 17.823
 64    17.047 54454.62541842 19.43  87.556729  63.299326  5.758
 64    39.852 54454.62541906 17.46  87.554069  63.302456  5.758
 64    40.934 54454.62541971 17.06  87.551399  63.305586  5.758
 64    42.213 54454.62542035 15.83  87.548739  63.308716  5.758
 64    42.248 54454.62542100 15.68  87.546079  63.311856  5.758
 65    16.955 54489.62542572 14.65  87.577541  63.293280  3.508
 65    39.989 54489.62542637 13.21  87.574891  63.296410  3.508
 65    41.031 54489.62542701 13.03  87.572231  63.299550  3.508
 65    41.938 54489.62542766 12.17  87.569571  63.302680  3.508
 65    43.100 54489.62542830 10.76  87.566911  63.305810  3.508
 65    43.731 54489.62542894 10.53  87.564241  63.308940  3.508
 66    23.750 54524.62543038 12.60  87.567497  63.295644  3.082
 66    40.565 54524.62543102 12.38  87.564827  63.298774  3.082
 66    41.881 54524.62543167 10.80  87.562167  63.301914  3.082
 66    42.197 54524.62543231 10.95  87.559507  63.305044  3.082
 66    43.289 54524.62543296 10.26  87.556847  63.308174  3.082
 66    43.773 54524.62543360  9.73  87.554187  63.311304  3.082
 67    36.156 54559.62543366  7.95  87.584765  63.287223  2.862
 67    38.275 54559.62543431  7.73  87.582105  63.290363  2.862
 67    39.671 54559.62543495  7.47  87.579445  63.293493  2.862
 67    40.728 54559.62543560  7.57  87.576785  63.296623  2.862
 67    43.271 54559.62543624  7.51  87.574125  63.299753  2.862
 67    44.847 54559.62543689  6.83  87.571475  63.302883  2.862
 67    49.478 54559.62543753  5.96  87.568812  63.306016  3.286
 67    49.859 54559.62543817  5.39  87.566152  63.309146  3.286
 68    19.291 54594.62542624 35.74  87.570719  63.294431 23.987
 68    19.082 54594.62542688 25.29  87.568052  63.297566 14.021
 68    19.025 54594.62542753 23.18  87.565392  63.300696 14.021
 68    18.949 54594.62542817 22.75  87.562732  63.303826 14.021
 68    19.171 54594.62542882 21.25  87.560072  63.306966 14.021
 68    19.159 54594.62542946 24.24  87.557412  63.310096 14.021
 70    16.118 54664.62544787 49.46  87.566551  63.296845 33.302
 70    16.051 54664.62544851 40.81  87.563896  63.299977 11.850
 70    15.932 54664.62544916 41.45  87.561236  63.303107 11.850
 70    15.930 54664.62544980 40.82  87.558576  63.306237 11.850
 70    16.055 54664.62545045 40.96  87.555906  63.309377 11.850
 71    15.575 54699.62541662 28.66  87.589637  63.285996 20.919
 71    15.677 54699.62541727 23.55  87.586977  63.289126 20.919
 71    15.643 54699.62541791 18.50  87.584317  63.292256 20.919
 71    15.456 54699.62541856 16.18  87.581667  63.295396 20.919
 71    15.528 54699.62541920 12.89  87.579007  63.298526 20.919
 71    15.456 54699.62541985 12.38  87.576347  63.301656 20.919
 71    15.639 54699.62542049 11.23  87.573687  63.304786 20.919
 72    15.396 54734.62540690 18.65  87.558915  63.299107  4.893
 72    16.017 54734.62540755 16.82  87.556255  63.302237  4.893
 72    16.205 54734.62540819 15.47  87.553595  63.305377  4.893
 72    15.747 54734.62540884 17.28  87.550925  63.308507  4.893
 72    12.666 54734.62540948 19.56  87.548265  63.311637  4.893
 73    14.534 54769.62539790 26.67  87.577848  63.291778 15.791
 73    13.916 54769.62539855 24.68  87.575188  63.294918 15.791
 73    13.383 54769.62539919 20.91  87.572528  63.298048 15.791
 73    14.691 54769.62539984 18.55  87.569868  63.301178 15.791
 73    11.219 54769.62540048 19.58  87.567208  63.304308 15.791
 74    18.179 54804.62540113 31.06  87.556735  63.301200 11.351
 74    18.308 54804.62540178 30.02  87.554065  63.304330 11.351
 74    18.274 54804.62540242 31.89  87.551405  63.307460 11.351
 74    18.074 54804.62540307 31.94  87.548745  63.310590 11.351
 74    17.978 54804.62540371 30.30  87.546085  63.313720 11.351
 75    18.593 54839.62539308 16.34  87.572659  63.294447  8.398
 75    18.632 54839.62539373 16.44  87.569999  63.297577  8.398
 75    18.561 54839.62539437 16.32  87.567339  63.300707  8.398
 76    21.150 54874.62540074 14.22  87.562505  63.298935  3.101
 76    39.153 54874.62540139 13.09  87.559845  63.302075  3.101
 76    18.521 54874.62540203 13.39  87.557185  63.305205  3.101
 76    39.492 54874.62540268 13.02  87.554515  63.308335  3.101
 76    40.034 54874.62540332 13.74  87.551855  63.311465  3.101
 77    22.379 54909.62539769 13.25  87.585014  63.288284  3.339
 77    22.401 54909.62539834 13.12  87.582354  63.291424  3.339
 77    21.985 54909.62539898 12.84  87.579694  63.294554  3.339
 77    39.697 54909.62539963 12.73  87.577034  63.297684  3.339
 77    40.564 54909.62540027 12.22  87.574384  63.300814  3.339
 77    41.528 54909.62540092 12.40  87.571724  63.303944  3.339
 77    42.043 54909.62540156 12.47  87.569065  63.307076  2.940
 78    19.473 54944.62539373 15.55  87.560044  63.298695  8.256
 78    19.213 54944.62539437 17.84  87.557384  63.301835  8.256
 78    19.208 54944.62539502 14.74  87.554724  63.304965  8.256
 78    19.275 54944.62539566 12.59  87.552064  63.308095  8.256
 78    19.605 54944.62539631 10.22  87.549394  63.311225  8.256
 79    41.792 54979.62541983 19.78  87.569249  63.296638 10.424
 79    45.548 54979.62542048 19.15  87.566589  63.299768 10.424
 79    47.146 54979.62542112 17.97  87.563929  63.302898 10.424
 79    48.622 54979.62542177 18.08  87.561269  63.306038 10.424
 79    47.965 54979.62542241 18.87  87.558609  63.309168 10.424
 80    18.368 55014.62542316 25.20  87.571560  63.295003 23.538
 80    18.232 55014.62542380 21.70  87.568900  63.298133 23.538
 80    18.191 55014.62542445 18.84  87.566240  63.301263 23.538
 81    15.905 55049.62541710 19.66  87.571358  63.295662 19.010
 81    15.934 55049.62541775 16.98  87.568698  63.298792 19.010
 81    15.661 55049.62541839 15.80  87.566039  63.301925  4.543
 81    15.754 55049.62541904 14.11  87.563379  63.305055  4.543
 81    15.501 55049.62541968 13.90  87.560719  63.308185  4.543
 82    15.761 55084.62538199 46.04  87.592741  63.283428 27.184
 82    15.743 55084.62538264 29.90  87.590081  63.286558 27.184
 82    15.596 55084.62538328 29.11  87.587421  63.289688 27.184
 82    15.625 55084.62538393 29.57  87.584771  63.292828 27.184
 82    15.880 55084.62538457 34.85  87.582111  63.295958 27.184
 82    15.799 55084.62538522 41.14  87.579451  63.299088 27.184
 82    15.755 55084.62538586 44.37  87.576791  63.302218 27.184
 82    15.902 55084.62538651 43.74  87.574131  63.305348 27.184
 83    16.235 55119.62534976 15.44  87.563138  63.297512  5.774
 83    15.501 55119.62535041 16.61  87.560478  63.300642  5.774
 83    17.481 55119.62535105 14.63  87.557818  63.303782  5.774
 83    42.430 55119.62535170 13.68  87.555158  63.306912  5.774
 83    41.525 55119.62535234 14.52  87.552488  63.310042  5.774
 84    17.039 55154.62534366 25.02  87.575528  63.294235 12.820
 84    17.122 55154.62534430 24.61  87.572868  63.297365 12.820
 84    17.229 55154.62534495 23.04  87.570208  63.300495 12.820
 84    17.251 55154.62534559 22.77  87.567548  63.303625 12.820
 84    17.203 55154.62534624 21.84  87.564887  63.306756  3.708
 84    16.903 55154.62534688 21.63  87.562227  63.309886  3.708
 85    18.267 55189.62533994 12.81  87.557420  63.300769  2.782
 85    17.743 55189.62534058 12.82  87.554760  63.303909  2.782
 85    39.521 55189.62534123 11.72  87.552090  63.307039  2.782
 85    39.330 55189.62534187 11.51  87.549430  63.310169  2.782
 85    42.445 55189.62534252 10.87  87.546770  63.313299  2.782
 86    36.653 55224.62534300 10.97  87.576411  63.292324  3.226
 86    22.139 55224.62534365 11.54  87.573751  63.295454  3.226
 86    17.628 55224.62534429 12.47  87.571091  63.298584  3.226
 86    41.257 55224.62534494 10.77  87.568431  63.301714  3.226
 86    42.422 55224.62534558  9.83  87.565772  63.304846  2.580
 86    43.123 55224.62534623  9.72  87.563112  63.307976  2.580
 87    37.914 55259.62533428 11.15  87.569892  63.295264  2.748
 87    38.174 55259.62533493 11.60  87.567232  63.298394  2.748
 87    39.550 55259.62533557 11.56  87.564572  63.301524  2.748
 87    42.069 55259.62533622 10.73  87.561912  63.304664  2.748
 87    42.847 55259.62533686 10.07  87.559252  63.307794  2.748
 87    43.569 55259.62533751  9.68  87.556592  63.310924  2.748
 88    19.910 55294.62532846 10.99  87.585987  63.287873  2.686
 88    38.426 55294.62532911 10.58  87.583327  63.291003  2.686
 88    40.119 55294.62532975 10.03  87.580677  63.294143  2.686
 88    41.070 55294.62533040 10.59  87.578017  63.297273  2.686
 88    42.206 55294.62533104 11.01  87.575357  63.300403  2.686
 88    44.372 55294.62533169 10.07  87.572697  63.303533  2.686
 88    46.029 55294.62533233  9.77  87.570037  63.306663  2.686
 89    22.832 55329.62531704 32.79  87.566767  63.297521 32.164
 89    22.727 55329.62531769 26.80  87.564111  63.300655 14.499
 89    22.725 55329.62531833 23.75  87.561451  63.303785 14.499
 90    20.654 55364.62530986 25.67  87.578881  63.292432 23.812
 90    20.537 55364.62531050 23.94  87.576221  63.295562 23.812
 90    20.345 55364.62531115 23.59  87.573561  63.298692 23.812
 90    20.228 55364.62531179 21.99  87.570901  63.301822 23.812
 91    16.791 55399.62532251 40.26  87.559194  63.299529 10.438
 91    16.835 55399.62532316 29.41  87.556534  63.302669 10.438
 91    16.731 55399.62532380 26.55  87.553874  63.305799 10.438
 91    16.496 55399.62532445 26.92  87.551204  63.308929 10.438
 91    15.907 55399.62532509 28.16  87.548544  63.312059 10.438
 92    16.580 55434.62532677 24.24  87.575758  63.293871 18.377
 92    16.454 55434.62532741 20.89  87.573098  63.297001 18.377
 92    16.450 55434.62532806 17.33  87.570438  63.300131 18.377
 93    16.493 55469.62527858 26.49  87.596473  63.281782 14.379
 93    16.563 55469.62527922 23.21  87.593823  63.284912 14.379
 93    16.571 55469.62527987 20.89  87.591163  63.288042 14.379
 93    16.561 55469.62528051 17.27  87.588503  63.291172 14.379
 93    16.642 55469.62528116 16.60  87.585853  63.294302 14.379
