# NaN NaN NaN ;Mean Elev.(m), Avg Gradient(m/km), RMS Gradient(m/km) - SRTM1     
#  -18.483  -6.549  12.160 ;Mean Elev.(m), Avg Gradient(m/km), RMS Gradient(m/km) - ASTER GDEM
#    1.036  -5.028  11.418 ;Mean Elev.(m), Avg Gradient(m/km), RMS Gradient(m/km) - GMTED2010 
  7  86.571755  68.175504     8.180     2.183 35 52458.23713372 36.191
  8  86.561351  68.163618    10.649    10.077 31 52493.23711478 20.897
 10  86.570963  68.164091     3.166     1.322 24 52563.23713346 42.005
 12  86.572546  68.168385    22.241    22.265 36 52633.23710114 13.191
 13  86.569160  68.175083    18.688    17.343 37 52668.23711570 12.338
 14  86.574748  68.162890    24.012    23.280 34 52703.23709535 11.087
 16  86.541362  68.159996     1.021     0.858 24 52773.23709422 35.104
 17  86.573684  68.168039    19.576    20.047 36 52808.23715671 14.099
 18  86.574887  68.168553    17.407    18.491 36 52843.23721429 14.295
 19  86.571163  68.172475     3.752     0.720 37 52878.23725198 24.677
 20  86.568199  68.177360    17.900    15.897 37 52913.23720939 18.680
 21  86.573951  68.157207     3.986     3.856 31 52948.23717070 28.805
 23  86.565392  68.177487    14.798    13.851 37 53018.23719346 12.817
 24  86.575145  68.165248    12.177    10.046 34 53053.23717726 14.788
 25  86.561428  68.182959    19.604    20.532 37 53088.23721164  9.932
 26  86.573851  68.169042    14.774    13.730 35 53123.23718377 12.951
 27  86.560825  68.167584    13.678    13.796 32 53158.23724198 27.030
 28  86.571389  68.172597    10.541    11.880 36 53193.23723475 25.334
 30  86.562677  68.183512    33.624    35.689 38 53263.23720208 10.846
 31  86.558039  68.165626     9.067    10.003 31 53298.23724553 28.651
 35  86.564844  68.178578    15.074    14.212 37 53438.23717586 11.292
 36  86.572880  68.173251    19.089    17.802 36 53473.23723303 10.130
 37  86.585549  68.187607     5.782     1.714 25 53508.23725497 35.113
 38  86.569725  68.178591    19.536    17.886 37 53543.23726752 19.573
 39  86.567465  68.180469    16.565    15.721 37 53578.23725079 15.993
 40  86.557474  68.178599     3.638     1.197 26 53613.23720442 41.399
 41  86.572320  68.166257    21.669    21.597 34 53648.23721173 14.976
 42  86.571600  68.182750     8.487     1.222 26 53683.23722384 29.964
 43  86.565524  68.177847    14.677    13.212 37 53718.23715197 11.891
 44  86.575097  68.161551    25.599    24.951 33 53753.23707557 11.311
 45  86.569787  68.173781    17.579    15.632 37 53788.23710363 11.500
 46  86.576452  68.158280    24.106    23.404 32 53823.23706101  9.456
 47  86.570791  68.172413    13.748    13.346 37 53858.23715107 12.051
 48  86.573484  68.170009    13.351    13.365 36 53893.23716631 21.618
 49  86.566772  68.178922    18.852    17.066 38 53928.23722285 19.292
 50  86.564636  68.181642    12.152    11.826 38 53963.23720458 15.875
 51  86.574830  68.155879    16.637    17.479 32 53998.23715734 16.510
 52  86.586885  68.179290     6.802     1.133 25 54033.23720162 27.024
 54  86.562461  68.180170    10.917     7.236 37 54103.23715455 11.348
 55  86.573682  68.170236    30.801    30.018 36 54138.23712687  8.306
 56  86.567196  68.179903    17.172    15.485 37 54173.23713246  8.821
 57  86.585978  68.180429     6.241     1.115 27 54208.23713062 28.016
 59  86.570663  68.173522    21.544    22.011 37 54278.23717710 12.048
 60  86.570479  68.174641    17.562    16.769 37 54313.23717723 19.436
 61  86.565705  68.180422    20.425    18.210 38 54348.23714748 14.930
 62  86.572085  68.168960    20.142    20.248 36 54383.23711580 20.288
 63  86.575525  68.185561     9.159     1.536 29 54418.23709580 23.297
 64  86.575663  68.166883     6.174     1.196 35 54453.23708625 17.105
 65  86.569442  68.174593    11.305     9.351 36 54488.23709616 11.558
 66  86.572831  68.169824    24.738    24.201 36 54523.23709897  8.468
 67  86.566674  68.178766    19.417    17.593 38 54558.23710520  8.386
 68  86.571693  68.174378    11.011    13.288 36 54593.23709408 14.377
 69  86.570675  68.176497    11.436    11.014 37 54628.23710882 49.856
 70  86.554157  68.161709     1.780     1.638 28 54663.23711921 35.803
 71  86.567701  68.179954     9.359    11.440 37 54698.23708924 20.965
 72  86.574152  68.169322    18.189    18.689 35 54733.23707454 14.535
 73  86.570364  68.175613    21.444    21.719 36 54768.23706971 17.048
 74  86.574244  68.170280     7.964     6.088 36 54803.23706837 19.137
 75  86.569477  68.173639    13.670     9.864 37 54838.23706324 11.396
 76  86.573820  68.171214    17.066    15.573 36 54873.23706758 12.081
 77  86.564029  68.180834    13.763    10.607 38 54908.23706929 11.402
 78  86.571767  68.169527    30.355    30.059 36 54943.23706060  8.395
 79  86.547619  68.157091     5.901     5.706 24 54978.23709082 35.974
 80  86.577060  68.181725     8.699     4.633 28 55013.23709195 34.842
 81  86.571597  68.174148    14.047    14.205 37 55048.23708617 21.181
 82  86.563386  68.180605    17.067    15.420 37 55083.23705531 13.484
 83  86.565514  68.162332    25.934    23.658 31 55118.23702033 11.407
 84  86.568402  68.177313    10.465     8.077 37 55153.23701448 19.610
 85  86.573084  68.169192    16.535    17.436 36 55188.23700702 14.545
 86  86.568776  68.176395    17.229    15.369 36 55223.23701366 11.912
 87  86.571316  68.171601    18.776    16.878 36 55258.23700273 11.647
 88  86.565157  68.179982    14.894    13.102 38 55293.23700043 11.175
 89  86.582622  68.185095     5.334     1.324 25 55328.23698303 34.255
 90  86.567920  68.177630    20.136    18.607 37 55363.23698024 13.999
 91  86.573739  68.169884    15.135    14.883 35 55398.23699026 19.626
 92  86.571204  68.174327    17.993    16.820 36 55433.23699636 18.132
 93  86.562265  68.180762    11.864    13.889 37 55468.23695289 15.883
