# NaN NaN NaN ;Mean Elev.(m), Avg Gradient(m/km), RMS Gradient(m/km) - SRTM1     
#  -18.930  -2.518  12.069 ;Mean Elev.(m), Avg Gradient(m/km), RMS Gradient(m/km) - ASTER GDEM
#    1.629  -2.572   9.285 ;Mean Elev.(m), Avg Gradient(m/km), RMS Gradient(m/km) - GMTED2010 
  6  86.342868  68.571105    21.457    20.190 12 52442.23906991 15.111
  7  86.355497  68.577235    27.010    26.880 18 52477.23906411 13.649
  8  86.351207  68.572546    27.891    27.086 18 52512.23900999 10.845
  9  86.355591  68.562820    27.216    27.870 20 52547.23904624 14.724
 10  86.346168  68.562841    14.489    12.358 16 52582.23905715 21.992
 11  86.347893  68.581179    20.593    23.211 16 52617.23902606 12.131
 12  86.357712  68.563477    22.076    25.097 21 52652.23900402 10.435
 14  86.354378  68.571337    26.317    27.511 20 52722.23904652  7.323
 15  86.347992  68.585280    25.728    26.772 16 52757.23906665  7.230
 17  86.361438  68.564428    16.851    15.843 19 52827.23908942 21.061
 18  86.356578  68.561594     0.341     0.539 20 52862.23913536 47.250
 19  86.342243  68.568583     2.771     0.273 14 52897.23916441 19.394
 20  86.347512  68.582791    30.597    30.900 17 52932.23910850 17.069
 21  86.352378  68.559449    19.307    16.839 19 52967.23911548 17.008
 22  86.354671  68.579856    20.996    23.531 17 53002.23913820 12.504
 23  86.347325  68.581433    20.296    22.710 17 53037.23908715 11.330
 24  86.352470  68.572664    21.058    22.081 19 53072.23911322 10.013
 25  86.347391  68.585302    22.864    23.531 17 53107.23908727  9.281
 26  86.356529  68.567867    27.506    26.935 20 53142.23912230  4.905
 28  86.351127  68.572789    18.278    23.342 19 53212.23916654 10.768
 29  86.352469  68.577775    22.087    27.887 18 53247.23913430 12.063
 30  86.356738  68.565258    25.867    26.326 20 53282.23912492 14.619
 31  86.344335  68.559083    13.100    11.002 15 53317.23913135 20.156
 32  86.353836  68.575473    20.871    22.085 18 53352.23909383 11.034
 33  86.355157  68.561794    18.183    17.999 20 53387.23908714 11.124
 34  86.354950  68.568687    19.152    19.364 19 53422.23908769 10.303
 35  86.354047  68.555813    17.346    17.072 19 53457.23909532  9.548
 36  86.351169  68.572833    28.745    28.504 19 53492.23917759  7.649
 37  86.355252  68.569614    14.249    10.131 19 53527.23915826 22.451
 38  86.350448  68.579398    26.245    28.038 18 53562.23918585 11.906
 39  86.347053  68.571864     6.687     1.769 17 53597.23912687 15.077
 40  86.356056  68.563275    25.818    27.479 21 53632.23912314 13.246
 41  86.353765  68.574119    28.370    28.731 19 53667.23914383 13.606
 42  86.354893  68.574760    18.397    19.323 16 53702.23909057 16.143
 43  86.354953  68.586731    21.634    26.445 15 53737.23899833 10.828
 44  86.353971  68.563028    13.088    12.884 19 53772.23901157 11.059
 45  86.351001  68.577908    18.487    18.884 18 53807.23899803  9.886
 47  86.341818  68.555605     2.042     0.993 12 53877.23907074 11.140
 48  86.351267  68.571907    25.595    27.998 19 53912.23911857 11.556
 49  86.345496  68.575571     4.761     2.349 16 53947.23913390 17.612
 50  86.351522  68.580157    29.750    30.132 18 53982.23907611 13.577
 51  86.358046  68.562125    27.097    28.217 20 54017.23910505 15.453
 52  86.350193  68.560842    12.503    11.955 18 54052.23910196 18.022
 53  86.351890  68.574885    19.820    22.339 18 54087.23909137 11.916
 54  86.346600  68.587184    24.785    25.541 17 54122.23901337  9.627
 55  86.353613  68.572022    19.270    21.623 20 54157.23905312  8.747
 56  86.349655  68.583538    23.838    25.939 17 54192.23901313  7.195
 57  86.348098  68.565387    13.192    12.154 16 54227.23906602 21.764
 58  86.355186  68.570636     7.197     7.178 20 54262.23908408 47.537
 59  86.351983  68.571686     8.860     4.316 19 54297.23908889 15.680
 60  86.351763  68.575040    25.405    29.036 19 54332.23907881 15.020
 61  86.349499  68.581827    30.140    31.184 17 54367.23901916 11.270
 62  86.340522  68.562733    10.338     7.340 13 54402.23902411 40.742
 63  86.349338  68.578231    22.003    23.558 18 54437.23897831 11.407
 64  86.355321  68.565260    19.272    18.758 20 54472.23900827  9.373
 65  86.349840  68.580568    28.438    28.453 17 54507.23898953  5.024
 66  86.353225  68.571003    23.516    24.871 19 54542.23902192  8.113
 67  86.349101  68.581209    26.810    29.845 18 54577.23899141  5.321
 68  86.353338  68.571890     7.390     7.472 20 54612.23901278 24.817
 69  86.345495  68.566134    22.316    20.421 16 54647.23902120 14.607
 70  86.352540  68.575019    18.707    26.663 18 54682.23902008 10.846
 71  86.349470  68.581070    29.932    31.262 17 54717.23896737 11.053
 72  86.355254  68.569065    19.276    21.355 19 54752.23899323 18.608
 73  86.343025  68.572568    17.955    14.349 15 54787.23895935 27.882
 74  86.352601  68.564834    14.638    14.819 18 54822.23898810 14.390
 75  86.352448  68.578485    18.377    23.133 17 54857.23895396 11.780
 76  86.351809  68.574534    17.950    19.264 18 54892.23898953 10.810
 77  86.348793  68.583375    32.819    31.928 17 54927.23895137  5.870
 78  86.354761  68.570718    16.648    17.039 16 54962.23898889 13.284
 79  86.354463  68.575420    26.823    29.158 19 54997.23900920 14.628
 80  86.351218  68.572447    12.310     3.963 18 55032.23899943 14.071
 82  86.348448  68.584157    29.521    30.787 16 55102.23892620 11.584
 83  86.347754  68.564615    13.739    12.780 16 55137.23893623 26.327
 84  86.349706  68.578737    18.035    21.779 18 55172.23889529 13.545
 85  86.354755  68.568392    17.225    20.015 19 55207.23892931 10.865
 86  86.350535  68.582855    23.178    26.072 17 55242.23889961  9.158
 87  86.352287  68.575520    21.366    22.821 18 55277.23892206  8.943
 88  86.350200  68.580556    30.112    30.119 17 55312.23888494  6.862
 89  86.352780  68.573230     6.283     6.233 19 55347.23889229 31.068
 90  86.351098  68.575528    25.249    28.388 19 55382.23888337 13.358
 91  86.355503  68.567921    22.201    18.077 19 55417.23891225 11.188
 92  86.350875  68.577299     1.389     1.364 19 55452.23889292 28.202
 93  86.340869  68.576682    12.325     9.469 13 55487.23881593 17.404
