# NaN NaN NaN ;Mean Elev.(m), Avg Gradient(m/km), RMS Gradient(m/km) - SRTM1     
#   -5.999   1.693  13.087 ;Mean Elev.(m), Avg Gradient(m/km), RMS Gradient(m/km) - ASTER GDEM
#   27.528   0.172  11.196 ;Mean Elev.(m), Avg Gradient(m/km), RMS Gradient(m/km) - GMTED2010 
  7  88.394811  62.871264    28.546    28.247  3 52443.21830396 43.158
  9  88.402606  62.869839    35.482    23.590  3 52513.21824141 12.993
 10  88.409201  62.866541    26.869    26.648  3 52548.21828411 18.169
 11  88.405269  62.867241    45.624    37.146  3 52583.21828415 11.710
 13  88.415811  62.867498    66.709    66.709  2 52653.21823307  0.562
 14  88.396484  62.872215    65.415    65.415  2 52688.21823300  0.740
 15  88.403336  62.868016    21.922    20.915  3 52723.21827978 15.203
 17  88.415525  62.866600    69.920    69.893  3 52793.21825353 14.200
 18  88.415971  62.866670    54.016    61.651  3 52828.21832131  5.647
 19  88.414371  62.866734    20.816    19.302  3 52863.21836635 27.296
 23  88.396875  62.872275    65.352    65.792  3 53003.21837219  0.507
 25  88.400951  62.871678    67.312    67.312  2 53073.21834862  0.851
 26  88.387119  62.872495    66.163    66.408  3 53108.21832191  1.963
 27  88.405475  62.866810    58.129    58.129  2 53143.21835874  2.749
 28  88.404113  62.867682    67.165    68.376  3 53178.21837926  7.407
 30  88.395892  62.870096    65.438    65.123  3 53248.21836900  3.550
 31  88.408129  62.867369    68.752    68.792  3 53283.21836068  5.438
 32  88.409310  62.867987    38.170    38.083  3 53318.21835872 10.342
 34  88.412952  62.868767    65.379    65.379  2 53388.21832122  0.504
 36  88.417783  62.867454    65.863    65.863  2 53458.21832680  0.806
 38  88.406517  62.868188    69.131    68.767  3 53528.21839025 10.051
 39  88.392951  62.871091    50.033    50.033  3 53563.21841999  5.225
 42  88.400047  62.870039    64.904    65.241  4 53668.21837826  2.566
 43  88.403203  62.869836    48.623    42.093  3 53703.21832136  7.358
 48  88.408511  62.866039    53.962    54.296  3 53878.21830122 22.458
 49  88.398614  62.869479    40.376    40.197  3 53913.21835391 18.818
 52  88.410948  62.864645    38.140    38.140  2 54018.21833904 17.444
 53  88.411028  62.865854    55.152    57.547  3 54053.21833236 10.247
 54  88.399138  62.869819    66.232    66.212  4 54088.21832371  4.979
 56  88.402677  62.869445    66.418    66.457  4 54158.21828692  2.477
 58  88.403951  62.868086    49.017    49.147  4 54228.21829896 22.169
 59  88.405292  62.868643    68.966    68.803  3 54263.21831749  9.319
 63  88.401160  62.869314    47.370    38.194  3 54403.21825566 19.457
 65  88.411307  62.870721    65.775    65.775  2 54473.21824083  0.334
 67  88.402944  62.868635    66.171    66.195  4 54543.21825591  1.142
 69  88.403166  62.869148    52.771    48.861  4 54613.21824626 22.392
 73  88.406075  62.869173    65.789    65.749  3 54753.21822639  9.060
 75  88.407258  62.867028    63.055    63.820  3 54823.21822137  3.068
 80  88.400445  62.870044    66.465    65.883  3 54998.21824359 13.542
 82  88.399376  62.872103    55.489    54.555  3 55068.21822059  2.610
 84  88.402733  62.866958    37.943    37.928  3 55138.21816860 10.581
 90  88.400888  62.869589    68.966    68.493  3 55348.21812679 15.220
 91  88.409766  62.867038    69.483    69.680  3 55383.21811739  2.161
 93  88.396457  62.870215    65.340    65.028  4 55453.21812613  7.117
 94  88.391234  62.871519    64.695    64.701  4 55488.21804743  7.530
