# NaN NaN NaN ;Mean Elev.(m), Avg Gradient(m/km), RMS Gradient(m/km) - SRTM1     
#   29.768  -9.496  19.276 ;Mean Elev.(m), Avg Gradient(m/km), RMS Gradient(m/km) - ASTER GDEM
#   47.391  -9.330  18.942 ;Mean Elev.(m), Avg Gradient(m/km), RMS Gradient(m/km) - GMTED2010 
  8  90.070098  60.344694    45.450    43.656  6 52488.20881096 23.834
  9  90.039168  60.311766    40.901    42.983  7 52523.20879126 30.979
 10  90.076642  60.351661    45.592    45.751  5 52558.20883325 28.329
 11  90.062396  60.342631    42.295    42.129 11 52593.20883450 42.087
 12  90.089033  60.346417    48.584    48.337  9 52628.20875576 19.524
 13  90.068035  60.344309    53.996    51.608 10 52663.20879629 11.572
 14  90.075605  60.327679    48.164    48.053  8 52698.20877476 14.940
 15  90.078793  60.347245    47.406    47.086  9 52733.20879189 21.702
 16  90.033895  60.312856    49.787    49.824  5 52768.20880645 39.415
 17  90.055007  60.305112    45.908    45.887  6 52803.20882570 33.024
 18  90.068790  60.328564    44.241    44.353  8 52838.20888485 38.601
 19  90.077063  60.346313    43.642    43.428  9 52873.20892135 42.546
 20  90.069343  60.343279    44.259    44.459 11 52908.20890577 43.741
 21  90.092867  60.346953    43.041    43.220  7 52943.20883053 48.566
 23  90.064167  60.344924    51.808    51.565 10 53013.20889082 12.594
 24  90.080321  60.346560    46.462    46.447  9 53048.20885948 17.281
 25  90.060198  60.344575    46.473    46.531 10 53083.20889576 16.987
 26  90.075878  60.346891    58.093    52.317  9 53118.20886509 10.562
 27  90.072666  60.351127    51.434    51.440  6 53153.20891462 26.627
 29  90.041661  60.305945    44.858    43.847  5 53223.20893031 26.599
 30  90.056123  60.342992    44.927    45.441 10 53258.20889869 22.279
 31  90.043894  60.306015    49.724    47.557  5 53293.20892692 16.386
 32  90.072123  60.345442    47.107    46.360  9 53328.20889266 20.591
 35  90.066305  60.344548    48.453    47.328 10 53433.20885988 14.646
 36  90.050306  60.304642    53.333    52.850  4 53468.20890626  8.387
 37  90.064605  60.343891    48.018    45.355 10 53503.20894689 27.089
 38  90.058254  60.329743    46.225    46.226  8 53538.20894489 21.614
 39  90.062099  60.343669    43.695    43.609 10 53573.20894340 34.001
 40  90.056511  60.341778    43.951    43.865 10 53608.20889326 32.018
 41  90.081227  60.347137    45.393    44.570  9 53643.20889311 38.640
 42  90.062948  60.342576    43.493    43.405 10 53678.20891299 50.516
 43  90.065963  60.344915    44.939    44.882 10 53713.20884109 30.102
 44  90.059316  60.303168    47.201    47.236  5 53748.20876246 20.751
 45  90.073771  60.345710    47.961    46.758 10 53783.20878504 15.537
 46  90.057895  60.341887    45.889    45.765 10 53818.20874957 16.363
 47  90.062197  60.328511    46.472    46.269 10 53853.20882816 29.903
 49  90.062229  60.343487    45.143    44.427  9 53923.20890179 20.650
 50  90.059088  60.344079    44.278    44.220 10 53958.20889471 38.274
 51  90.092598  60.347881    44.564    44.422  8 53993.20882036 25.427
 52  90.069959  60.328381    43.399    43.408  8 54028.20888585 35.582
 53  90.046199  60.306060    46.374    46.631  5 54063.20888447 35.779
 54  90.036983  60.309434    49.386    49.307  4 54098.20885264 14.492
 55  90.082451  60.346400    49.733    49.822  8 54133.20879903 16.420
 56  90.038782  60.309644    53.936    52.487  5 54168.20882645 12.989
 57  90.079779  60.345948    48.411    48.349  9 54203.20880305 19.131
 58  90.047531  60.307540    58.745    60.609  3 54238.20884593 23.247
 59  90.043124  60.305200    45.563    45.544  4 54273.20886488 40.853
 60  90.061794  60.328600    44.097    43.642 10 54308.20886212 40.361
 61  90.066903  60.348157    45.970    45.448  8 54343.20883698 24.921
 63  90.069108  60.345206    43.251    43.220 10 54413.20878519 48.655
 64  90.079922  60.344490    49.105    48.949  9 54448.20876025 27.674
 65  90.074255  60.345574    54.002    51.897 10 54483.20877830 11.553
 66  90.080710  60.346046    49.067    49.100  9 54518.20877378 12.647
 68  90.078403  60.349981    49.695    49.612  7 54588.20876863 19.629
 69  90.042703  60.306439    63.529    62.928  3 54623.20879566 17.160
 70  90.041708  60.305393    46.239    46.079  4 54658.20880497 22.447
 71  90.040562  60.306624    43.708    43.613  5 54693.20878646 29.672
 72  90.083421  60.351947    46.614    46.868  6 54728.20874873 42.248
 73  90.070565  60.345169    44.825    44.797  9 54763.20875639 34.282
 74  90.081351  60.346158    44.572    44.862  9 54798.20874325 47.255
 75  90.069593  60.344633    47.903    47.717  9 54833.20874646 22.891
 76  90.082669  60.346967    51.940    49.749  9 54868.20873926 12.213
 77  90.061005  60.342913    52.913    52.496 10 54903.20875704 11.678
 78  90.064597  60.327731    48.212    48.173  4 54938.20873363 21.258
 79  90.074504  60.346317    50.928    52.988  8 54973.20876175 23.449
 80  90.040286  60.306159    45.024    44.987  4 55008.20878585 33.468
 81  90.072786  60.345264    43.889    43.628  9 55043.20876694 31.978
 82  90.063742  60.342998    44.334    44.225 10 55078.20874579 49.472
 83  90.046815  60.303128    48.384    46.183  4 55113.20870802 22.145
 84  90.069118  60.344790    43.324    43.156 10 55148.20870060 48.604
 85  90.080856  60.345796    47.896    47.596  9 55183.20868055 16.060
 86  90.066146  60.343577    50.622    49.186 10 55218.20869853 11.434
 87  90.079370  60.344449    48.297    47.968  9 55253.20867710 11.910
 88  90.061344  60.343139    60.064    58.860 10 55288.20868877  8.866
 89  90.070719  60.346764    50.764    50.687  8 55323.20866455 29.345
 90  90.056035  60.326776    47.027    46.886  8 55358.20866765 26.593
 91  90.077070  60.346834    44.761    44.528  9 55393.20866639 32.550
 92  90.061328  60.328394    46.842    46.142 10 55428.20868309 22.466
 93  90.069238  60.351197    51.178    49.305  6 55463.20864264 17.018
