# NaN NaN NaN ;Mean Elev.(m), Avg Gradient(m/km), RMS Gradient(m/km) - SRTM1     
#  -15.955   1.386  12.008 ;Mean Elev.(m), Avg Gradient(m/km), RMS Gradient(m/km) - ASTER GDEM
#   15.628   1.345   8.568 ;Mean Elev.(m), Avg Gradient(m/km), RMS Gradient(m/km) - GMTED2010 
  7  87.359401  63.348098    14.276    14.307  6 52446.22219868 37.308
  8  87.362529  63.349899    39.181    39.001  6 52481.22218941 10.530
  9  87.361390  63.347928    37.421    41.917  7 52516.22214167 12.140
 10  87.373226  63.347133    31.470    29.659  6 52551.22218918 13.663
 12  87.356693  63.348655    34.436    35.195  6 52621.22214018 12.217
 15  87.368803  63.345551    21.293    20.180  6 52726.22217045 11.557
 16  87.343402  63.344511    33.772    39.449  3 52761.22218762  4.755
 17  87.382354  63.344764    29.491    30.586  6 52796.22214506 18.354
 18  87.384337  63.345050    27.964    28.115  6 52831.22221204 12.071
 19  87.379136  63.345421    14.798    14.763  6 52866.22225579 27.190
 20  87.362447  63.348762    42.254    45.686  6 52901.22228345 10.982
 21  87.354747  63.350183    27.219    25.050  5 52936.22222450 15.052
 22  87.370668  63.345886    15.887    15.871  5 52971.22224910 20.155
 23  87.362347  63.350018    37.251    39.115  6 53006.22226230 13.338
 24  87.375936  63.344724    16.796    16.780  6 53041.22221476 19.629
 25  87.360162  63.348341    41.297    41.492  7 53076.22224741  6.132
 26  87.372704  63.346095    50.361    50.306  6 53111.22221753  5.093
 27  87.367446  63.346958    24.835    24.876  6 53146.22226022 34.839
 28  87.370125  63.345426    25.382    21.955  6 53181.22226791 24.605
 29  87.367273  63.349631    33.575    36.822  4 53216.22229011 14.887
 30  87.353437  63.348774    45.119    43.821  7 53251.22226925 11.154
 31  87.371440  63.345971    30.701    27.358  5 53286.22226240 16.903
 32  87.370640  63.338395    15.061    15.061  2 53321.22224013 29.890
 34  87.377679  63.347314    37.870    40.605  4 53391.22222023 13.742
 35  87.367942  63.348476    35.470    35.909  6 53426.22221682 10.370
 36  87.380821  63.345377    37.853    39.475  6 53461.22222780  8.348
 37  87.363055  63.347766    18.669    18.660  7 53496.22230705 21.255
 38  87.368489  63.346262    29.056    29.511  6 53531.22228495 19.116
 39  87.361975  63.354077    37.144    37.157  3 53566.22230941 12.909
 40  87.362101  63.349132    32.674    35.815  5 53601.22225390  7.495
 41  87.371744  63.345195    15.016    14.957  5 53636.22225151 50.681
 42  87.363674  63.347105    35.963    36.506  6 53671.22227254 15.217
 43  87.364925  63.345489    19.240    19.080  6 53706.22220504 18.622
 44  87.351755  63.346745    18.477    18.069  4 53741.22211829 18.791
 45  87.373138  63.343614    20.165    20.133  4 53776.22214104 14.458
 46  87.354940  63.346677    27.120    21.683  4 53811.22212071 13.599
 47  87.370564  63.344562    29.283    29.782  6 53846.22216878 10.354
 48  87.374775  63.345144    35.164    36.258  6 53881.22219266 24.953
 49  87.360739  63.348188    33.733    34.344  6 53916.22225182 10.978
 50  87.358841  63.351140    46.035    49.893  5 53951.22225836  8.637
 52  87.375732  63.345509    21.661    21.202  6 54021.22223539 18.270
 54  87.360726  63.348903    44.555    48.492  5 54091.22221236  7.420
 55  87.380016  63.345373    42.808    43.905  6 54126.22214307  6.827
 56  87.366242  63.348924    38.684    39.229  6 54161.22218003  9.173
 57  87.376297  63.345840    40.480    40.598  6 54196.22214519  8.523
 58  87.370207  63.346980    27.139    27.655  6 54231.22219295 20.626
 59  87.368575  63.346055    21.616    21.597  6 54266.22221053 48.514
 60  87.369153  63.347939    23.581    25.257  6 54301.22221513 11.404
 61  87.365799  63.350485    39.909    38.101  5 54336.22220264 10.384
 62  87.375018  63.345287    33.106    33.711  6 54371.22214764 18.574
 63  87.360823  63.343303    20.498    20.722  4 54406.22214889 20.603
 64  87.381815  63.344614    16.635    16.642  6 54441.22210601 35.629
 65  87.371136  63.347976    18.158    18.127  6 54476.22213547 16.958
 66  87.381454  63.348319    33.513    40.727  5 54511.22212131 14.926
 67  87.364761  63.347219    34.696    35.908  6 54546.22215001 10.448
 68  87.364782  63.339156    17.331    17.331  2 54581.22211885 33.636
 69  87.369025  63.347231    24.724    24.755  6 54616.22213884 51.633
 70  87.367799  63.347872    31.107    31.232  6 54651.22215176 12.957
 71  87.365669  63.352100    39.458    37.523  4 54686.22214343 15.418
 72  87.379425  63.344921    20.258    18.163  6 54721.22209707 14.164
 73  87.364438  63.344524    26.260    20.755  5 54756.22211977 15.156
 74  87.377396  63.345118    16.725    16.722  6 54791.22209082 30.442
 75  87.367833  63.342549    20.252    20.254  4 54826.22211672 16.695
 76  87.373329  63.340138    18.626    18.626  2 54861.22208531 19.451
 77  87.359874  63.343697    18.770    18.299  3 54896.22211767 16.875
 78  87.373962  63.346102    19.105    18.495  7 54931.22208143 10.090
 79  87.367774  63.347315    29.017    29.082  6 54966.22211702 24.118
 80  87.365327  63.347653    28.888    31.601  7 55001.22213726 19.391
 81  87.369923  63.347286    27.409    26.033  6 55036.22212300 11.674
 82  87.361381  63.348570    27.770    26.117  6 55071.22211143 11.634
 83  87.376780  63.346421    34.148    33.541  6 55106.22205505 16.160
 85  87.376697  63.340543    21.423    20.867  3 55176.22202497 17.325
 86  87.368402  63.347018    19.524    19.560  7 55211.22205601 22.965
 87  87.372496  63.343780    20.457    20.419  5 55246.22202914 13.454
 88  87.362148  63.346689    38.265    39.217  6 55281.22204997  7.280
 89  87.367350  63.347256    17.427    17.306  6 55316.22201665 27.279
 90  87.365005  63.348716    38.023    40.136  6 55351.22202130 19.035
 91  87.375263  63.346453    17.151    17.157  6 55386.22201620 38.408
 92  87.368726  63.347308    34.151    33.795  6 55421.22203962 10.193
 93  87.360696  63.348167    36.921    37.232  7 55456.22201505 12.860
