# NaN NaN NaN ;Mean Elev.(m), Avg Gradient(m/km), RMS Gradient(m/km) - SRTM1     
#   -8.586  -2.470   8.517 ;Mean Elev.(m), Avg Gradient(m/km), RMS Gradient(m/km) - ASTER GDEM
#    1.258  -3.029   6.291 ;Mean Elev.(m), Avg Gradient(m/km), RMS Gradient(m/km) - GMTED2010 
  6    21.799 52420.23335130 26.37  86.756587  67.118121 20.580
  6    21.260 52420.23335195 25.90  86.753107  67.115061 20.580
  6    16.121 52420.23335259 29.23  86.749637  67.111991 20.580
  6    16.215 52420.23335323 30.55  86.746167  67.108931 20.580
  6    16.230 52420.23335388 29.21  86.742697  67.105861 20.580
  6    16.111 52420.23335452 30.10  86.739227  67.102791 20.580
  6    16.095 52420.23335517 31.48  86.735757  67.099731 20.580
  6    16.229 52420.23335581 35.40  86.732287  67.096661 20.580
  6    16.332 52420.23335646 45.27  86.728817  67.093601 20.580
  6    16.006 52420.23335710 46.67  86.725357  67.090531 20.580
  6    15.963 52420.23335775 39.77  86.721887  67.087461 20.580
  7    22.494 52455.23337445 13.95  86.755426  67.123098 13.124
  7    22.256 52455.23337509 13.09  86.751946  67.120028 13.124
  7    21.569 52455.23337574 14.56  86.748476  67.116968 13.124
  7    20.198 52455.23337638 16.17  86.745006  67.113898 13.124
  7    18.130 52455.23337703 18.29  86.741536  67.110838 13.124
  7    19.310 52455.23337960 12.95  86.727654  67.098576  9.070
  7    18.814 52455.23338025 10.78  86.724194  67.095506  9.070
  7    18.200 52455.23338089 10.43  86.720724  67.092436  9.070
  7    17.461 52455.23338154 11.03  86.717254  67.089376  9.070
  8    24.545 52490.23335083 13.14  86.754645  67.116242 13.300
  8    21.789 52490.23335148 13.73  86.751165  67.113172 13.300
  8    20.951 52490.23335212 15.54  86.747695  67.110102 13.300
  8    21.014 52490.23335277 14.60  86.744225  67.107042 13.300
  8    20.896 52490.23335341 15.27  86.740765  67.103972 13.300
  8    20.565 52490.23335406 14.57  86.737295  67.100912 13.300
  8    20.691 52490.23335470 12.43  86.733825  67.097842 13.300
  8    19.396 52490.23335535 12.32  86.730355  67.094772 13.300
  8    15.794 52490.23335599 12.79  86.726895  67.091712 13.300
  8    17.072 52490.23335663 13.12  86.723425  67.088642 13.300
  8    15.802 52490.23335728 16.65  86.719965  67.085572 13.300
  9    20.813 52525.23332829 15.58  86.748080  67.124109 13.471
  9    20.894 52525.23332894 16.04  86.744610  67.121049 13.471
  9    16.086 52525.23332958 19.26  86.741140  67.117979 13.471
  9    17.277 52525.23333345 14.89  86.720330  67.099587  8.359
  9    17.469 52525.23333409 12.13  86.716860  67.096517  8.359
  9    17.246 52525.23333474 11.08  86.713400  67.093447  8.359
  9    17.420 52525.23333538 10.39  86.709940  67.090387  8.359
 10     1.570 52560.23337796 38.16  86.759759  67.117922 10.531
 10     1.774 52560.23337860 30.51  86.756289  67.114852 10.531
 10     0.760 52560.23338440 23.55  86.725069  67.087260  9.273
 11    13.611 52595.23338428 15.69  86.752852  67.124189  7.363
 11    14.205 52595.23338492 15.88  86.749380  67.121127  3.762
 11    14.446 52595.23338557 16.66  86.745910  67.118057  3.762
 11    14.512 52595.23338621 17.02  86.742430  67.114997  3.762
 11    12.318 52595.23339008 20.72  86.721620  67.096597  3.762
 11    -0.138 52595.23339072 21.32  86.718150  67.093527  3.762
 11    -0.180 52595.23339137 21.88  86.714690  67.090467  3.762
 12    34.432 52630.23331943 12.34  86.762438  67.112081  4.519
 12    34.327 52630.23332008 12.30  86.758968  67.109011  4.519
 12    13.817 52630.23332072 13.38  86.755498  67.105941  4.519
 12    13.107 52630.23332137 14.23  86.752018  67.102881  4.519
 12    32.665 52630.23332201 12.53  86.748558  67.099811  4.519
 12    14.135 52630.23332265 13.83  86.745088  67.096751  4.519
 12    30.362 52630.23332330 13.39  86.741618  67.093681  4.519
 12    12.639 52630.23332394 13.73  86.738148  67.090621  4.519
 12    28.040 52630.23332459 12.99  86.734678  67.087551  4.519
 12    25.919 52630.23332523 13.25  86.731218  67.084481  4.519
 12    13.238 52630.23332588 14.02  86.727748  67.081421  4.519
 14    41.781 52700.23332107 10.53  86.765024  67.108201  4.685
 14    34.795 52700.23332172 12.32  86.761554  67.105131  4.685
 14    35.159 52700.23332236 10.95  86.758084  67.102071  4.685
 14    40.891 52700.23332301 10.87  86.754614  67.099001  4.685
 14    33.528 52700.23332365 12.20  86.751144  67.095931  4.685
 14    32.052 52700.23332430 11.96  86.747674  67.092871  4.685
 14    32.498 52700.23332494 10.07  86.744204  67.089801  4.685
 14    31.941 52700.23332559  7.77  86.740744  67.086741  4.685
 14    36.278 52700.23332623  8.14  86.737274  67.083671  4.685
 14    28.449 52700.23332688  8.36  86.733804  67.080601  4.685
 14    27.201 52700.23332752  8.14  86.730344  67.077541  4.685
 15    40.048 52735.23335158  3.75  86.756434  67.119852  3.461
 15    38.780 52735.23335222  5.37  86.752954  67.116782  3.461
 15    30.779 52735.23335287  7.16  86.749484  67.113722  3.461
 15    31.329 52735.23335351  9.32  86.746014  67.110652  3.461
 15    17.734 52735.23335416 11.07  86.742544  67.107582  3.461
 15    30.815 52735.23335480 10.13  86.739084  67.104522  3.461
 15    30.060 52735.23335545  9.74  86.735614  67.101452  3.461
 15    14.101 52735.23335609  9.56  86.732144  67.098392  3.461
 15    13.359 52735.23335674 10.22  86.728674  67.095322  3.461
 15    27.626 52735.23335738  8.36  86.725214  67.092262  3.461
 15    26.032 52735.23335802  7.76  86.721744  67.089192  3.461
 15    25.949 52735.23335867  5.45  86.718284  67.086122  3.461
 16     1.013 52770.23333747 43.97  86.747766  67.125479 19.524
 16     0.816 52770.23333811 41.30  86.744296  67.122409 19.524
 16     0.851 52770.23333876 43.55  86.740826  67.119349 19.524
 16     0.764 52770.23334327 37.09  86.716550  67.097882 36.745
 16     0.780 52770.23334391 45.28  86.713080  67.094812 36.745
 16     0.914 52770.23334456 46.84  86.709620  67.091752 36.745
 17    22.611 52805.23337689 20.91  86.761912  67.112405  8.289
 17    22.331 52805.23337754 18.63  86.758442  67.109335  8.289
 17    23.013 52805.23337818 16.21  86.754972  67.106265  8.289
 17    22.900 52805.23337883 15.89  86.751502  67.103205  8.289
 17    32.468 52805.23337947 14.74  86.748022  67.100135  8.289
 17    30.671 52805.23338012 13.68  86.744562  67.097075  8.289
 17    24.876 52805.23338076 13.57  86.741092  67.094005  8.289
 17    29.834 52805.23338141 12.92  86.737622  67.090945  8.289
 17    28.116 52805.23338205 13.40  86.734152  67.087875  8.289
 17    23.001 52805.23338269 13.79  86.730682  67.084805  8.289
 17    17.364 52805.23338334 21.48  86.727222  67.081745  8.289
 18    28.142 52840.23343766 11.19  86.761409  67.114398 12.925
 18    24.521 52840.23343830 11.28  86.757939  67.111328 12.925
 18    24.078 52840.23343895 11.60  86.754459  67.108268 12.925
 18    22.135 52840.23343959 11.73  86.750989  67.105198 12.925
 18    21.314 52840.23344024 11.74  86.747519  67.102138 12.925
 18    21.219 52840.23344088 10.78  86.744049  67.099068 12.925
 18    18.396 52840.23344153 11.08  86.740579  67.095998 12.925
 18    15.774 52840.23344217 11.37  86.737119  67.092938 12.925
 18    15.340 52840.23344282 12.48  86.733649  67.089868 12.925
 18    16.033 52840.23344346 12.00  86.730179  67.086808 12.925
 18    14.315 52840.23344411 20.53  86.726719  67.083738 12.925
 19     1.669 52875.23347847 38.51  86.747968  67.107380 13.084
 19     1.637 52875.23347912 37.89  86.744498  67.104310 13.084
 19     1.322 52875.23347976 46.09  86.741028  67.101240 13.084
 19     1.650 52875.23348040 46.07  86.737558  67.098180 13.084
 19     0.830 52875.23348105 39.76  86.734088  67.095110 13.084
 19     0.678 52875.23348169 39.24  86.730628  67.092050 13.084
 19     0.679 52875.23348234 37.02  86.727158  67.088980 13.084
 19     0.878 52875.23348298 36.19  86.723698  67.085910 13.084
 20     5.128 52910.23344634 41.47  86.755127  67.121161 10.485
 20     1.417 52910.23344698 48.93  86.751657  67.118091 10.485
 20     1.459 52910.23344763 48.97  86.748187  67.115031 10.485
 20     1.711 52910.23344827 47.57  86.744717  67.111961 10.485
 20     1.541 52910.23344892 49.70  86.741247  67.108901 10.485
 20     1.540 52910.23345085 46.30  86.730846  67.099698 20.479
 20     1.449 52910.23345150 48.08  86.727376  67.096628 20.479
 20     1.265 52910.23345214 41.24  86.723906  67.093568 20.479
 20     1.475 52910.23345278 40.99  86.720446  67.090498 20.479
 20     1.316 52910.23345343 43.77  86.716986  67.087428 20.479
 21     0.934 52945.23339160 29.48  86.763434  67.104733  8.211
 21     0.656 52945.23339225 32.37  86.759964  67.101673  8.211
 21     0.944 52945.23339289 31.16  86.756494  67.098603  8.211
 21     0.920 52945.23339353 33.00  86.753024  67.095533  8.211
 21     0.636 52945.23339418 33.71  86.749554  67.092473  8.211
 21     0.894 52945.23339482 33.29  86.746084  67.089403  8.211
 21     0.834 52945.23339611 30.86  86.739154  67.083273  8.211
 23    14.050 53015.23343338 14.14  86.752429  67.124569  4.232
 23    14.021 53015.23343402 14.39  86.748949  67.121509  4.232
 23    14.324 53015.23343466 16.07  86.745479  67.118439  4.232
 23    14.604 53015.23343531 17.67  86.742009  67.115379  4.232
 23    14.470 53015.23343918 13.61  86.721200  67.096980  3.063
 23    13.775 53015.23343982 13.36  86.717730  67.093910  3.063
 23    12.341 53015.23344047 13.64  86.714270  67.090850  3.063
 24    13.447 53050.23340936 12.50  86.763701  67.114067  2.853
 24    13.740 53050.23341001 12.91  86.760231  67.111007  2.853
 24    13.760 53050.23341065 13.50  86.756761  67.107937  2.853
 24    12.880 53050.23341130 14.05  86.753281  67.104877  2.853
 24    13.192 53050.23341194 13.98  86.749811  67.101807  2.853
 24    12.262 53050.23341259 14.59  86.746341  67.098747  2.853
 24    11.010 53050.23341323 15.16  86.742881  67.095677  2.853
 24    10.300 53050.23341387 14.70  86.739411  67.092617  2.853
 24     9.782 53050.23341452 14.69  86.735941  67.089547  2.853
 24    11.159 53050.23341516 14.86  86.732471  67.086477  2.853
 24    10.755 53050.23341581 14.96  86.729011  67.083417  2.853
 25    13.762 53085.23344408 14.49  86.747389  67.125026  4.520
 25    13.335 53085.23344473 15.41  86.743909  67.121956  4.520
 25    13.940 53085.23344537 16.09  86.740435  67.118891  3.874
 25    14.125 53085.23344924 15.53  86.719625  67.100491  3.874
 25    13.930 53085.23344988 12.15  86.716155  67.097431  3.874
 25    13.121 53085.23345053 11.88  86.712695  67.094361  3.874
 25    12.500 53085.23345117 11.04  86.709225  67.091291  3.874
 26    13.761 53120.23341547 11.01  86.758777  67.115816  4.773
 26    31.713 53120.23341611 10.92  86.755307  67.112746  4.773
 26    14.118 53120.23341676 12.81  86.751837  67.109676  4.773
 26    12.932 53120.23341740 14.38  86.748367  67.106616  4.773
 26    12.148 53120.23341805 16.04  86.744887  67.103546  4.773
 26    11.689 53120.23341869 16.93  86.741417  67.100486  4.773
 26     0.757 53120.23341934 17.39  86.737957  67.097416  4.773
 26    10.071 53120.23341998 16.91  86.734487  67.094356  4.773
 26     0.988 53120.23342063 16.89  86.731017  67.091286  4.773
 26     1.136 53120.23342127 16.33  86.727547  67.088216  4.773
 26     1.254 53120.23342191 16.17  86.724087  67.085156  4.773
 27    21.090 53155.23346767 30.96  86.756532  67.120701 18.977
 27    15.094 53155.23346831 35.31  86.753052  67.117631 18.977
 27    15.021 53155.23346896 36.40  86.749582  67.114561 18.977
 27    14.555 53155.23346960 35.15  86.746112  67.111501 18.977
 27    14.714 53155.23347025 36.99  86.742642  67.108431 18.977
 27    14.263 53155.23347218 29.18  86.732232  67.099231 18.977
 27    14.293 53155.23347283 26.27  86.728762  67.096171 18.977
 27    14.246 53155.23347347 25.99  86.725292  67.093101 18.977
 27    14.107 53155.23347412 25.74  86.721832  67.090041 18.977
 27    14.482 53155.23347476 25.18  86.718362  67.086971 18.977
 28    22.767 53190.23345890 13.99  86.758943  67.116119 13.614
 28    22.277 53190.23345954 12.69  86.755473  67.113059 13.614
 28    21.531 53190.23346019 12.95  86.752003  67.109989 13.614
 28    21.358 53190.23346083 12.64  86.748533  67.106929 13.614
 28    21.330 53190.23346148 13.44  86.745063  67.103859 13.614
 28    21.509 53190.23346212 12.19  86.741593  67.100799 13.614
 28    29.812 53190.23346276 10.86  86.738123  67.097729 13.614
 28    20.614 53190.23346341 10.57  86.734653  67.094659 13.614
 28    19.974 53190.23346405 10.67  86.731193  67.091599 13.614
 28    16.225 53190.23346470 12.51  86.727723  67.088529 13.614
 28    14.510 53190.23346534 20.19  86.724263  67.085459 13.614
 29    20.641 53225.23346801 14.51  86.753018  67.118692 14.653
 29    19.781 53225.23346865 15.30  86.749548  67.115632 14.653
 29    36.512 53225.23346930 17.11  86.746070  67.112564 14.233
 29    17.961 53225.23346994 18.39  86.742600  67.109494 14.233
 29    19.269 53225.23347188 14.03  86.732200  67.100294 14.233
 29    18.172 53225.23347252 11.13  86.728730  67.097234 14.233
 29    17.601 53225.23347317 10.51  86.725260  67.094164 14.233
 29    16.886 53225.23347381  9.35  86.721800  67.091104 14.233
 29    16.930 53225.23347446 10.66  86.718340  67.088034 14.233
 30    21.250 53260.23344149 15.40  86.746417  67.125718 10.201
 30    20.563 53260.23344213 16.93  86.742947  67.122658 10.201
 30    15.991 53260.23344278 21.43  86.739467  67.119588 10.201
 30    17.780 53260.23344729 13.50  86.715196  67.098127  8.918
 30    16.767 53260.23344793 11.25  86.711726  67.095057  8.918
 30    16.921 53260.23344858 10.81  86.708266  67.091997  8.918
 31    14.427 53295.23347079 15.23  86.758012  67.120858  5.066
 31    14.842 53295.23347144 16.04  86.754532  67.117798  5.066
 31    14.876 53295.23347208 17.44  86.751062  67.114728  5.066
 31    15.554 53295.23347273 18.95  86.747592  67.111658  5.066
 31    16.096 53295.23347337 18.75  86.744122  67.108598  5.066
 31    15.840 53295.23347402 19.05  86.740642  67.105528  5.066
 31    15.916 53295.23347466 19.00  86.737172  67.102468  5.066
 31    15.592 53295.23347531 18.47  86.733702  67.099398  5.066
 31    12.997 53295.23347595 18.78  86.730242  67.096338  5.066
 31    13.491 53295.23347659 20.24  86.726768  67.093268 15.034
 31    13.976 53295.23347724 21.58  86.723308  67.090198 15.034
 31    14.228 53295.23347788 28.87  86.719838  67.087138 15.034
 32    22.573 53330.23344381  9.10  86.757529  67.120465  5.392
 32    14.362 53330.23344445 11.24  86.754059  67.117405  5.392
 32    32.289 53330.23344510  8.52  86.750579  67.114335  5.392
 32    20.815 53330.23344574  9.48  86.747109  67.111265  5.392
 32    17.506 53330.23344639 10.31  86.743639  67.108205  5.392
 32    16.106 53330.23344703 11.39  86.740169  67.105135  5.392
 32    30.820 53330.23344768  8.37  86.736709  67.102075  5.392
 32    13.029 53330.23344832 12.53  86.733239  67.099005  5.392
 32     1.425 53330.23344961 17.18  86.726304  67.092871  4.182
 32     1.616 53330.23345025 17.28  86.722834  67.089811  4.182
 32     1.818 53330.23345090 18.36  86.719374  67.086741  4.182
 35    25.344 53435.23340768  8.85  86.754430  67.124424  3.325
 35    30.399 53435.23340832  8.47  86.750960  67.121354  3.325
 35    29.479 53435.23340897  8.70  86.747490  67.118284  3.325
 35    29.492 53435.23340961  8.83  86.744020  67.115224  3.325
 35    30.641 53435.23341026  8.98  86.740550  67.112154  3.325
 35    13.768 53435.23341348 10.04  86.723210  67.096824  3.325
 35    12.645 53435.23341412 10.40  86.719746  67.093756  2.883
 35    12.964 53435.23341477  9.96  86.716276  67.090696  2.883
 35    10.748 53435.23341541 10.41  86.712816  67.087626  2.883
 36    40.678 53470.23345516  6.09  86.758318  67.114786  2.358
 36    41.100 53470.23345580  5.97  86.754848  67.111726  2.358
 36    41.048 53470.23345645  5.89  86.751368  67.108656  2.358
 36    39.839 53470.23345709  5.57  86.747898  67.105586  2.358
 36    38.976 53470.23345774  5.26  86.744428  67.102526  2.358
 36    36.948 53470.23345838  5.73  86.740958  67.099456  2.358
 36    32.866 53470.23345903  6.47  86.737488  67.096396  2.358
 36    33.160 53470.23345967  5.11  86.734020  67.093327  2.961
 36    32.007 53470.23346031  4.64  86.730560  67.090257  2.961
 36    30.968 53470.23346096  4.42  86.727090  67.087197  2.961
 36    29.574 53470.23346160  5.10  86.723620  67.084127  2.961
 38    22.840 53540.23349397 14.37  86.755782  67.121941 10.774
 38    21.783 53540.23349462 14.90  86.752312  67.118871 10.774
 38    21.022 53540.23349526 15.74  86.748832  67.115811 10.774
 38    19.662 53540.23349591 18.00  86.745362  67.112741 10.774
 38    18.319 53540.23349655 19.41  86.741892  67.109681 10.774
 38    18.600 53540.23349848 19.42  86.731482  67.100481 10.774
 38    18.771 53540.23349913 14.06  86.728022  67.097411 10.774
 38    19.026 53540.23349977 11.70  86.724549  67.094346 13.567
 38    18.134 53540.23350042 11.64  86.721089  67.091286 13.567
 38    17.624 53540.23350106 13.05  86.717619  67.088216 13.567
 39    18.094 53575.23349359 10.59  86.719980  67.096780 13.430
 39    15.496 53575.23349424 10.67  86.716510  67.093714  7.885
 39    14.157 53575.23349488 12.36  86.713050  67.090654  7.885
 40    21.110 53610.23343838 13.41  86.746602  67.126125 16.141
 40    20.408 53610.23343902 16.45  86.743132  67.123055 16.141
 40    16.231 53610.23343967 18.75  86.739662  67.119995 16.141
 40    17.952 53610.23344418 11.71  86.715382  67.098525 16.141
 40    16.481 53610.23344482 12.37  86.711924  67.095465  6.782
 40    15.745 53610.23344547 13.07  86.708454  67.092395  6.782
 40    13.478 53610.23344611 21.34  86.704994  67.089325  6.782
 41    22.571 53645.23344359 19.70  86.761263  67.112645 11.544
 41    22.844 53645.23344424 16.76  86.757793  67.109585 11.544
 41    23.509 53645.23344488 15.25  86.754323  67.106515 11.544
 41    23.310 53645.23344552 14.51  86.750843  67.103445 11.544
 41    32.764 53645.23344617 13.14  86.747373  67.100385 11.544
 41    31.509 53645.23344681 12.01  86.743903  67.097315 11.544
 41    29.746 53645.23344746 11.84  86.740443  67.094255 11.544
 41    29.299 53645.23344810 12.17  86.736968  67.091187 16.686
 41    28.660 53645.23344875 12.23  86.733508  67.088117 16.686
 41    19.637 53645.23344939 14.38  86.730038  67.085057 16.686
 41    15.581 53645.23345004 22.23  86.726568  67.081987 16.686
 42     2.276 53680.23345936 26.64  86.750298  67.122322  9.003
 42     2.087 53680.23346001 27.14  86.746828  67.119252  9.003
 42     2.053 53680.23346065 27.58  86.743358  67.116192  9.003
 42     1.322 53680.23346645 41.15  86.712148  67.088597 23.403
 43    29.570 53715.23338696 10.55  86.753560  67.123906  3.806
 43    14.421 53715.23338760 11.76  86.750090  67.120836  3.806
 43    27.604 53715.23338825 11.64  86.746620  67.117776  3.806
 43    27.783 53715.23338889 11.60  86.743150  67.114706  3.806
 43    27.929 53715.23338954 12.49  86.739680  67.111636  3.806
 43    12.924 53715.23339211 15.79  86.725810  67.099376  3.806
 43    11.802 53715.23339276 16.03  86.722340  67.096306  3.806
 43     0.059 53715.23339340 16.25  86.718883  67.093238  3.049
 43    -0.126 53715.23339405 16.58  86.715413  67.090178  3.049
 44    43.501 53750.23330601  7.79  86.764416  67.107697  2.838
 44    42.260 53750.23330666  7.54  86.760946  67.104627  2.838
 44    37.956 53750.23330730  7.27  86.757466  67.101557  2.838
 44    42.311 53750.23330794  6.93  86.753996  67.098497  2.838
 44    37.043 53750.23330859  8.14  86.750526  67.095427  2.838
 44    32.883 53750.23330923  8.07  86.747066  67.092367  2.838
 44    40.057 53750.23330988  7.62  86.743592  67.089300  3.278
 44    32.791 53750.23331052  7.19  86.740132  67.086230  3.278
 44    31.625 53750.23331117  7.41  86.736662  67.083170  3.278
 44    29.734 53750.23331181  7.32  86.733192  67.080100  3.278
 44    30.936 53750.23331246  7.19  86.729732  67.077030  3.278
 45    32.243 53785.23333443  8.89  86.756930  67.120024  3.679
 45    37.571 53785.23333508  8.31  86.753460  67.116954  3.679
 45    32.136 53785.23333572  8.43  86.749990  67.113894  3.679
 45    32.200 53785.23333637  9.07  86.746520  67.110824  3.679
 45    31.595 53785.23333701  8.52  86.743050  67.107764  3.679
 45    30.401 53785.23333765  9.55  86.739580  67.104694  3.679
 45    30.341 53785.23333830  8.32  86.736110  67.101634  3.679
 45    28.646 53785.23333894 10.38  86.732640  67.098564  3.679
 45    27.232 53785.23333959 10.35  86.729170  67.095494  3.679
 45    11.969 53785.23334023 11.63  86.725706  67.092428  2.915
 45    11.016 53785.23334088 11.63  86.722246  67.089368  2.915
 45    11.073 53785.23334152 11.73  86.718776  67.086298  2.915
 46    24.820 53820.23329225  8.32  86.748364  67.127170  3.312
 46    26.794 53820.23329290  9.31  86.744884  67.124110  3.312
 46    27.092 53820.23329354  8.37  86.741414  67.121040  3.312
 46    26.661 53820.23329419  9.01  86.737944  67.117980  3.312
 46    14.260 53820.23329806  9.96  86.717144  67.099580  3.312
 46    13.066 53820.23329870 10.27  86.713674  67.096510  3.312
 46    12.763 53820.23329935  9.76  86.710219  67.093447  2.463
 46    12.143 53820.23329999  9.99  86.706749  67.090377  2.463
 47    37.632 53855.23337739  5.84  86.759172  67.119095  3.284
 47    38.736 53855.23337803  5.53  86.755692  67.116035  3.284
 47    32.180 53855.23337868  6.85  86.752222  67.112965  3.284
 47    33.136 53855.23337932  6.09  86.748752  67.109895  3.284
 47    32.822 53855.23337996  6.10  86.745282  67.106835  3.284
 47    32.577 53855.23338061  5.67  86.741812  67.103765  3.284
 47    31.459 53855.23338125  5.71  86.738342  67.100705  3.284
 47    30.989 53855.23338190  5.34  86.734872  67.097635  3.284
 47    29.013 53855.23338254  5.96  86.731402  67.094565  3.284
 47    28.043 53855.23338319  6.70  86.727939  67.091503  3.164
 47    25.685 53855.23338383  7.34  86.724469  67.088443  3.164
 47    11.290 53855.23338448  8.80  86.720999  67.085373  3.164
 48    16.117 53890.23338831 32.53  86.760007  67.114664 19.859
 48    15.957 53890.23338895 33.39  86.756537  67.111594 19.859
 48    15.892 53890.23338960 33.37  86.753067  67.108534 19.859
 48    15.917 53890.23339024 33.72  86.749597  67.105464 19.859
 48    15.945 53890.23339089 35.31  86.746127  67.102404 19.859
 48    15.951 53890.23339153 36.09  86.742657  67.099334 19.859
 48    15.841 53890.23339218 36.01  86.739187  67.096264 19.859
 48    16.144 53890.23339282 39.54  86.735719  67.093201 27.411
 48    15.971 53890.23339347 45.33  86.732259  67.090141 27.411
 48    15.875 53890.23339411 45.34  86.728789  67.087071 27.411
 48    15.826 53890.23339476 37.88  86.725329  67.084001 27.411
 49    17.693 53925.23345356 17.01  86.742779  67.114039 10.602
 49    18.346 53925.23345678 14.80  86.725429  67.098709 10.602
 49    18.461 53925.23345743 10.17  86.721959  67.095639 10.602
 49    17.635 53925.23345807  9.93  86.718492  67.092575  8.897
 49    17.251 53925.23345872 10.09  86.715032  67.089515  8.897
 50    -0.127 53960.23343964 17.54  86.750087  67.126828 18.695
 50    14.438 53960.23344738 12.77  86.708460  67.090040  9.480
 51    24.217 53995.23337907 16.49  86.765081  67.104248  9.363
 51    36.308 53995.23337971 13.98  86.761611  67.101178  9.363
 52     1.147 54030.23343386 22.72  86.762252  67.113467 10.337
 52     1.240 54030.23343451 24.77  86.758772  67.110397 10.337
 52     1.525 54030.23343515 26.35  86.755302  67.107327 10.337
 52     0.792 54030.23343579 33.63  86.751832  67.104267 10.337
 52     0.852 54030.23343644 30.95  86.748362  67.101197 10.337
 52     0.863 54030.23343708 31.33  86.744892  67.098137 10.337
 52     1.189 54030.23343773 30.41  86.741422  67.095067 10.337
 52     1.313 54030.23343837 38.47  86.737952  67.092007 10.337
 52     0.982 54030.23343902 40.60  86.734485  67.088936 26.798
 52     1.174 54030.23343966 38.24  86.731025  67.085866 26.798
 52     1.154 54030.23344031 45.28  86.727555  67.082806 26.798
 53    37.703 54065.23342660  9.49  86.757190  67.120932  4.250
 53    38.381 54065.23342725  9.97  86.753720  67.117862  4.250
 53    31.377 54065.23342789 10.61  86.750250  67.114802  4.250
 53    38.693 54065.23342854 10.22  86.746780  67.111732  4.250
 53    31.758 54065.23342918 10.17  86.743310  67.108662  4.250
 53    13.641 54065.23343112 13.91  86.732900  67.099472  4.250
 53    12.415 54065.23343176 14.77  86.729440  67.096402  4.250
 53    11.082 54065.23343241 15.67  86.725970  67.093332  4.250
 53     0.903 54065.23343305 15.96  86.722508  67.090266  3.345
 53     0.787 54065.23343370 15.45  86.719038  67.087206  3.345
 55    40.068 54135.23335299  7.43  86.762017  67.114856  3.358
 55    40.941 54135.23335364  8.35  86.758547  67.111786  3.358
 55    40.742 54135.23335428  7.86  86.755077  67.108726  3.358
 55    36.091 54135.23335493  7.78  86.751607  67.105656  3.358
 55    34.130 54135.23335557  9.81  86.748137  67.102586  3.358
 55    40.412 54135.23335622  7.60  86.744667  67.099526  3.358
 55    33.617 54135.23335686  7.24  86.741197  67.096456  3.358
 55    33.151 54135.23335751  6.00  86.737727  67.093396  3.358
 55    32.234 54135.23335815  6.31  86.734260  67.090325  3.036
 55    30.642 54135.23335880  6.77  86.730790  67.087255  3.036
 55    29.587 54135.23335944  5.61  86.727330  67.084195  3.036
 57     1.765 54205.23335790 34.34  86.760296  67.113639 13.303
 57     1.534 54205.23335854 37.17  86.756826  67.110579 13.303
 57     1.363 54205.23335919 35.76  86.753346  67.107509 13.303
 57     1.472 54205.23335983 34.79  86.749873  67.104445 16.956
 57     1.475 54205.23336048 35.32  86.746413  67.101375 16.956
 57     1.418 54205.23336112 33.46  86.742943  67.098315 16.956
 57     1.292 54205.23336177 35.63  86.739473  67.095245 16.956
 57     1.169 54205.23336241 32.14  86.736003  67.092175 16.956
 57     1.043 54205.23336306 34.64  86.732533  67.089115 16.956
 57     1.325 54205.23336370 33.74  86.729073  67.086045 16.956
 57     0.977 54205.23336435 32.00  86.725603  67.082985 16.956
 58    16.093 54240.23339089 21.16  86.756351  67.118202 22.201
 58    16.036 54240.23339153 23.95  86.752871  67.115132 22.201
 58    16.053 54240.23339218 26.11  86.749401  67.112072 22.201
 58    16.297 54240.23339282 26.76  86.745931  67.109002 22.201
 58    16.152 54240.23339346 29.54  86.742461  67.105942 22.201
 58    16.243 54240.23339411 31.28  86.738996  67.102871 26.858
 58    16.125 54240.23339475 30.13  86.735526  67.099811 26.858
 58    16.101 54240.23339540 31.67  86.732056  67.096741 26.858
 58    16.146 54240.23339604 30.65  86.728586  67.093671 26.858
 58    16.013 54240.23339669 32.21  86.725126  67.090611 26.858
 58    16.093 54240.23339733 30.62  86.721656  67.087541 26.858
 59    20.558 54275.23340753 21.73  86.752589  67.115944 14.061
 59    20.300 54275.23340817 21.42  86.749119  67.112884 14.061
 59    20.390 54275.23340882 21.25  86.745649  67.109814 14.061
 59    18.102 54275.23340946 21.76  86.742179  67.106754 14.061
 59    20.500 54275.23341010 20.32  86.738714  67.103685  9.191
 59    18.716 54275.23341075 19.50  86.735244  67.100615  9.191
 59    18.802 54275.23341139 18.42  86.731774  67.097555  9.191
 59    16.404 54275.23341204 17.80  86.728304  67.094485  9.191
 59    16.036 54275.23341268 16.98  86.724844  67.091415  9.191
 59    17.028 54275.23341333 17.09  86.721374  67.088355  9.191
 59    17.452 54275.23341397 20.25  86.717914  67.085285  9.191
 61     3.868 54345.23338305 47.81  86.750331  67.124436 19.648
 61     4.014 54345.23338370 47.30  86.746861  67.121376 19.648
 61     3.949 54345.23338434 48.06  86.743391  67.118306 19.648
 61     3.925 54345.23338499 47.45  86.739921  67.115246 19.648
 61     2.541 54345.23338821 24.14  86.722579  67.099911 22.322
 61     1.951 54345.23338886 25.71  86.719119  67.096841 22.322
 61     1.795 54345.23338950 27.08  86.715649  67.093781 22.322
 61     1.665 54345.23339015 27.83  86.712189  67.090711 22.322
 62    21.908 54380.23334482 17.03  86.761854  67.116899 10.754
 62    20.683 54380.23334546 17.92  86.758374  67.113839 10.754
 62    18.934 54380.23334610 17.94  86.754904  67.110769 10.754
 62    17.476 54380.23334675 18.42  86.751433  67.107705 17.353
 62    16.289 54380.23334739 19.04  86.747963  67.104635 17.353
 62    16.560 54380.23334804 18.68  86.744493  67.101575 17.353
 62    16.705 54380.23334868 17.25  86.741023  67.098505 17.353
 62    14.210 54380.23334933 18.42  86.737553  67.095435 17.353
 62    15.799 54380.23334997 17.08  86.734083  67.092375 17.353
 62    13.980 54380.23335062 17.86  86.730623  67.089305 17.353
 62    14.324 54380.23335126 18.78  86.727153  67.086245 17.353
 63     1.916 54415.23333212 22.57  86.753114  67.121241  6.673
 63     2.200 54415.23333277 22.62  86.749644  67.118171  6.673
 63     1.684 54415.23333341 26.25  86.746174  67.115111  6.673
 63     1.737 54415.23333406 23.13  86.742699  67.112044 14.112
 63     2.192 54415.23333664 25.75  86.728829  67.099774 14.112
 63     2.104 54415.23333728 44.70  86.725359  67.096714 14.112
 63     1.703 54415.23333793 51.20  86.721889  67.093644 14.112
 63     1.804 54415.23333857 49.02  86.718429  67.090584 14.112
 63     1.349 54415.23333922 48.02  86.714969  67.087514 14.112
 65    32.509 54485.23332754  9.12  86.758681  67.119263  4.099
 65    30.825 54485.23332819  9.36  86.755211  67.116203  4.099
 65    32.700 54485.23332883  9.12  86.751741  67.113133  4.099
 65    30.496 54485.23332948 10.77  86.748271  67.110073  4.099
 65    30.309 54485.23333012 10.15  86.744791  67.107003  4.099
 65    32.730 54485.23333077  8.76  86.741331  67.103933  4.099
 65    29.790 54485.23333141  9.74  86.737861  67.100873  4.099
 65    29.010 54485.23333206 10.65  86.734391  67.097803  4.099
 65    28.691 54485.23333270 10.00  86.730921  67.094743  4.099
 65    12.739 54485.23333335 10.70  86.727461  67.091673  4.099
 65    12.553 54485.23333399 10.14  86.723991  67.088603  4.099
 65    11.481 54485.23333464 10.19  86.720531  67.085543  4.099
 66    40.198 54520.23332662  8.24  86.759876  67.114505  3.776
 66    34.392 54520.23332726  9.01  86.756406  67.111445  3.776
 66    33.836 54520.23332791  9.36  86.752926  67.108375  3.776
 66    33.922 54520.23332855  9.83  86.749456  67.105305  3.776
 66    33.834 54520.23332919  9.34  86.745986  67.102245  3.776
 66    40.522 54520.23332984  7.59  86.742516  67.099175  3.776
 66    31.168 54520.23333048  8.34  86.739056  67.096115  3.776
 66    38.903 54520.23333113  7.00  86.735586  67.093045  3.776
 66    29.311 54520.23333177  7.46  86.732116  67.089975  3.776
 66    30.381 54520.23333242  7.79  86.728656  67.086915  3.776
 66    25.426 54520.23333306  9.06  86.725186  67.083845  3.776
 67    35.793 54555.23333820  7.50  86.751301  67.123227  2.905
 67    36.942 54555.23333884  7.27  86.747821  67.120157  2.905
 67    31.057 54555.23333949  8.00  86.744351  67.117097  2.905
 67    30.416 54555.23334013  8.20  86.740881  67.114027  2.905
 67    26.936 54555.23334335  8.90  86.723541  67.098697  2.905
 67    26.235 54555.23334400  8.12  86.720071  67.095627  2.905
 67    24.723 54555.23334464  8.48  86.716611  67.092567  2.905
 67    23.045 54555.23334529  8.58  86.713141  67.089497  2.905
 68    39.628 54590.23332161  3.70  86.759595  67.118771  4.088
 68    39.221 54590.23332225  3.46  86.756115  67.115711  4.088
 68    37.464 54590.23332290  3.98  86.752645  67.112641  4.088
 68    36.007 54590.23332354  4.03  86.749175  67.109581  4.088
 68    34.553 54590.23332419  4.14  86.745705  67.106511  4.088
 68    33.205 54590.23332483  3.96  86.742235  67.103441  4.088
 68    32.016 54590.23332548  3.63  86.738765  67.100381  4.088
 68    32.565 54590.23332612  2.68  86.735295  67.097311  4.088
 68    31.756 54590.23332677  2.89  86.731835  67.094251  4.088
 68    31.949 54590.23332741  2.36  86.728365  67.091181  4.088
 68    14.109 54590.23332870 11.66  86.721435  67.085051  4.088
 69    22.066 54625.23333785 24.81  86.756516  67.122243  7.394
 69    21.906 54625.23333850 23.69  86.753046  67.119173  7.394
 69    21.459 54625.23333914 22.35  86.749576  67.116113  7.394
 69    20.817 54625.23333978 23.44  86.746106  67.113043  7.394
 69    20.282 54625.23334043 23.57  86.742636  67.109983  7.394
 69    19.637 54625.23334236 21.72  86.732226  67.100783  7.394
 69    19.364 54625.23334301 21.51  86.728756  67.097713  7.394
 69    16.354 54625.23334365 20.66  86.725296  67.094653  7.394
 69    16.314 54625.23334430 20.28  86.721826  67.091583  7.394
 69    17.508 54625.23334494 20.26  86.718366  67.088513  7.394
 70    22.126 54660.23334684 13.58  86.754494  67.118688 11.638
 70    21.129 54660.23334749 13.95  86.751024  67.115628 11.638
 70    19.708 54660.23334813 15.77  86.747554  67.112558 11.638
 70    18.345 54660.23334878 16.84  86.744084  67.109498 11.638
 70    18.681 54660.23334942 17.71  86.740614  67.106428 11.638
 70    18.490 54660.23335071 16.89  86.733674  67.100298 11.638
 70    18.902 54660.23335136 11.22  86.730204  67.097228 11.638
 70    19.281 54660.23335200 10.14  86.726744  67.094168 11.638
 70    17.668 54660.23335265 10.84  86.723274  67.091098 11.638
 70    17.173 54660.23335329 12.50  86.719814  67.088028 11.638
 71     2.694 54695.23332976 45.68  86.726567  67.098752 22.734
 71     2.793 54695.23333041 43.94  86.723107  67.095682 22.734
 71     2.841 54695.23333105 43.90  86.719637  67.092612 22.734
 71     2.665 54695.23333170 43.48  86.716177  67.089552 22.734
 72    22.127 54730.23330254 13.61  86.758572  67.114015 14.121
 72    22.198 54730.23330319 13.73  86.755092  67.110945 14.121
 72    21.103 54730.23330383 14.04  86.751622  67.107885 14.121
 72    21.371 54730.23330448 13.95  86.748152  67.104815 14.121
 72    18.073 54730.23330512 13.96  86.744682  67.101745 14.121
 72    17.860 54730.23330577 13.86  86.741212  67.098685 14.121
 72     1.560 54730.23330641 15.55  86.737742  67.095615 14.121
 72    12.885 54730.23330706 14.54  86.734282  67.092555 14.121
 72    13.917 54730.23330770 14.19  86.730812  67.089485 14.121
 72    14.305 54730.23330835 18.15  86.727342  67.086415 14.121
 72    14.686 54730.23330899 22.88  86.723882  67.083355 14.121
 73    13.261 54765.23330365 17.20  86.756896  67.120131 11.616
 73    14.528 54765.23330430 14.11  86.753426  67.117061 11.616
 73    15.071 54765.23330494 15.48  86.749956  67.114001 11.616
 73    14.829 54765.23330559 16.44  86.746486  67.110931 11.616
 73    14.859 54765.23330623 17.86  86.743016  67.107871 11.616
 73     1.787 54765.23330688 27.73  86.739546  67.104801 11.616
 73     1.842 54765.23330752 31.37  86.736076  67.101741 11.616
 73     1.413 54765.23330817 30.87  86.732606  67.098671 11.616
 73     1.201 54765.23330881 19.00  86.729136  67.095601 11.616
 73     1.481 54765.23330946 17.37  86.725676  67.092541 11.616
 73     1.614 54765.23331010 20.33  86.722206  67.089471 11.616
 73    14.824 54765.23331074 19.73  86.718746  67.086401 11.616
 75    31.448 54835.23329502  9.66  86.754596  67.119498  4.305
 75    14.542 54835.23329566  9.64  86.751126  67.116438  4.305
 75    14.823 54835.23329631 10.30  86.747656  67.113368  4.305
 75    29.590 54835.23329695 10.25  86.744186  67.110298  4.305
 75    14.935 54835.23329759 11.46  86.740706  67.107238  4.305
 75    15.594 54835.23329888 10.28  86.733776  67.101108  4.305
 75    13.679 54835.23329953 10.97  86.730306  67.098038  4.305
 75    12.871 54835.23330017 11.14  86.726836  67.094968  4.305
 75    11.912 54835.23330082 11.46  86.723376  67.091908  4.305
 75    10.971 54835.23330146 11.87  86.719906  67.088838  4.305
 75    -0.012 54835.23330211 12.56  86.716446  67.085768  4.305
 77    28.784 54905.23330297  8.54  86.749902  67.125475  3.187
 77    28.231 54905.23330362  8.41  86.746422  67.122405  3.187
 77    28.191 54905.23330426  8.28  86.742952  67.119345  3.187
 77    28.187 54905.23330491  7.98  86.739482  67.116275  3.187
 77    13.388 54905.23330877 11.72  86.718672  67.097875  3.187
 77    12.577 54905.23330942 11.37  86.715212  67.094815  3.187
 77     9.601 54905.23331006 11.56  86.711742  67.091745  3.187
 77     9.266 54905.23331071 11.83  86.708282  67.088675  3.187
 78    39.497 54940.23328518  4.64  86.758368  67.114908  2.721
 78    38.348 54940.23328582  4.25  86.754888  67.111838  2.721
 78    40.648 54940.23328647  4.05  86.751418  67.108778  2.721
 78    40.891 54940.23328711  4.36  86.747948  67.105708  2.721
 78    38.954 54940.23328776  3.98  86.744478  67.102638  2.721
 78    33.924 54940.23328840  3.97  86.741008  67.099578  2.721
 78    35.234 54940.23328905  3.57  86.737538  67.096508  2.721
 78    34.398 54940.23328969  3.38  86.734078  67.093448  2.721
 78    32.324 54940.23329034  3.40  86.730608  67.090378  2.721
 78    31.272 54940.23329098  3.54  86.727138  67.087308  2.721
 78    30.281 54940.23329163  4.24  86.723678  67.084248  2.721
 79     7.523 54975.23331410 26.54  86.758165  67.119601 30.223
 79     7.251 54975.23331474 29.50  86.754685  67.116541 30.223
 79     7.579 54975.23331539 28.88  86.751215  67.113471 30.223
 79     7.561 54975.23331603 37.79  86.747745  67.110411 30.223
 79     8.116 54975.23331668 37.34  86.744275  67.107341 30.223
 79     7.410 54975.23331732 27.29  86.740805  67.104281 30.223
 79     7.365 54975.23331797 26.10  86.737335  67.101211 30.223
 79     7.352 54975.23331861 30.13  86.733865  67.098141 30.223
 79     7.287 54975.23331925 34.14  86.730405  67.095081 30.223
 79     7.301 54975.23331990 37.12  86.726935  67.092011 30.223
 79     7.875 54975.23332054 30.42  86.723465  67.088941 30.223
 79     7.239 54975.23332119 28.33  86.720005  67.085881 30.223
 80    21.434 55010.23332670 15.19  86.748881  67.116762  8.331
 80    19.359 55010.23332735 17.70  86.745401  67.113702  8.331
 80    17.995 55010.23332799 19.89  86.741931  67.110632  8.331
 80    19.008 55010.23333057 15.08  86.728061  67.098372  8.331
 80    18.883 55010.23333122 11.30  86.724591  67.095302  8.331
 80    18.081 55010.23333186 10.44  86.721131  67.092242  8.331
 80    17.489 55010.23333250 11.04  86.717661  67.089172  8.331
 81    24.462 55045.23331706 10.74  86.755728  67.117176 13.687
 81    20.669 55045.23331770 11.35  86.752258  67.114106 13.687
 81    18.739 55045.23331835 12.91  86.748788  67.111036 13.687
 81    19.906 55045.23331899 13.30  86.745318  67.107976 13.687
 81    20.383 55045.23331964 13.69  86.741848  67.104906 13.687
 81    15.732 55045.23332028 18.25  86.738378  67.101846 13.687
 81    16.747 55045.23332093 15.17  86.734908  67.098776 13.687
 81    14.275 55045.23332157 13.05  86.731438  67.095706 13.687
 81     1.881 55045.23332222 13.37  86.727978  67.092646 13.687
 81     2.138 55045.23332286 13.85  86.724508  67.089576 13.687
 81    14.834 55045.23332351 14.80  86.721048  67.086506 13.687
 82    17.857 55080.23329632 11.64  86.722037  67.098595  9.103
 82    14.328 55080.23329696 11.89  86.718577  67.095525  9.103
 82    13.875 55080.23329761 12.62  86.715107  67.092455  9.103
 82    13.568 55080.23329825 17.03  86.711647  67.089395  9.103
 83    22.401 55115.23324921 17.88  86.760738  67.117174 12.440
 83    24.604 55115.23324986 13.32  86.757258  67.114114 12.440
 83    24.159 55115.23325050 13.27  86.753788  67.111044 12.440
 83    23.174 55115.23325114 13.48  86.750318  67.107984 12.440
 83    21.474 55115.23325179 14.14  86.746848  67.104914 12.440
 83    21.127 55115.23325243 14.35  86.743378  67.101854 12.440
 83    21.966 55115.23325308 12.38  86.739908  67.098784 12.440
 83    30.380 55115.23325372 10.90  86.736438  67.095714 12.440
 83    28.311 55115.23325437 11.67  86.732978  67.092654 12.440
 83    22.057 55115.23325501 12.15  86.729508  67.089584 12.440
 83    17.241 55115.23325566 13.58  86.726038  67.086514 12.440
 84    12.979 55150.23324820 21.00  86.755113  67.120650  4.214
 84    13.131 55150.23324884 20.82  86.751643  67.117580  4.214
 84    13.614 55150.23324948 21.78  86.748173  67.114520  4.214
 84    14.099 55150.23325013 20.94  86.744703  67.111450  4.214
 84    14.190 55150.23325077 21.93  86.741233  67.108390  4.214
 84    12.124 55150.23325271 23.91  86.730823  67.099190  4.214
 84    11.433 55150.23325335 23.39  86.727353  67.096120  4.214
 84    -0.146 55150.23325400 23.61  86.723893  67.093060  4.214
 84    -0.210 55150.23325464 23.16  86.720423  67.089990  4.214
 84    -0.442 55150.23325529 23.85  86.716963  67.086920  4.214
 85    33.608 55185.23323407 13.87  86.759894  67.113731  4.179
 85    33.368 55185.23323471 14.42  86.756424  67.110671  4.179
 85    33.459 55185.23323536 13.28  86.752954  67.107601  4.179
 85    33.129 55185.23323600 13.80  86.749474  67.104541  4.179
 85    31.410 55185.23323665 15.10  86.746004  67.101471  4.179
 85    31.085 55185.23323729 13.59  86.742534  67.098401  4.179
 85    30.184 55185.23323794 14.15  86.739074  67.095341  4.179
 85    28.679 55185.23323858 14.62  86.735604  67.092271  4.179
 85    27.569 55185.23323923 14.49  86.732134  67.089201  4.179
 85    25.921 55185.23323987 14.93  86.728664  67.086141  4.179
 85    10.883 55185.23324051 15.17  86.725204  67.083071  4.179
 86    31.241 55220.23324575 11.97  86.755639  67.123096  3.781
 86    29.937 55220.23324639 11.87  86.752169  67.120026  3.781
 86    36.643 55220.23324704 12.18  86.748699  67.116966  3.781
 86    27.936 55220.23324768 13.22  86.745219  67.113896  3.781
 86    30.039 55220.23324833 13.15  86.741749  67.110826  3.781
 86    13.319 55220.23325091 13.77  86.727879  67.098566  3.781
 86    12.467 55220.23325155 14.70  86.724409  67.095496  3.781
 86    10.249 55220.23325219 14.87  86.720949  67.092436  3.781
 86     1.126 55220.23325284 15.56  86.717479  67.089366  3.781
 87    40.180 55255.23322989  9.76  86.760823  67.115731  3.762
 87    39.497 55255.23323054 10.05  86.757353  67.112661  3.762
 87    39.773 55255.23323118  9.76  86.753883  67.109601  3.762
 87    39.980 55255.23323183  8.95  86.750403  67.106531  3.762
 87    39.824 55255.23323247  9.72  86.746933  67.103471  3.762
 87    39.111 55255.23323312 11.04  86.743463  67.100401  3.762
 87    38.803 55255.23323376  9.05  86.740003  67.097341  3.762
 87    38.207 55255.23323440  7.74  86.736533  67.094271  3.762
 87    30.799 55255.23323505  9.03  86.733063  67.091201  3.762
 87    36.387 55255.23323569  7.77  86.729593  67.088141  3.762
 87    24.283 55255.23323634 11.64  86.726133  67.085071  3.762
 88    28.527 55290.23323479 10.15  86.749732  67.124581  2.617
 88    33.872 55290.23323543  9.73  86.746263  67.121513  3.211
 88    28.308 55290.23323608 10.43  86.742783  67.118443  3.211
 88    28.309 55290.23323672 10.24  86.739313  67.115383  3.211
 88    12.736 55290.23323995 13.01  86.721973  67.100053  3.211
 88    12.024 55290.23324059 13.35  86.718513  67.096983  3.211
 88    11.028 55290.23324124 13.00  86.715043  67.093913  3.211
 88     9.722 55290.23324188 13.39  86.711583  67.090853  3.211
 89    37.935 55325.23321503  3.44  86.755583  67.119922  5.901
 89    40.061 55325.23321568  2.29  86.752113  67.116862  5.901
 89    39.279 55325.23321632  2.48  86.748643  67.113792  5.901
 89    38.790 55325.23321697  2.58  86.745173  67.110722  5.901
 89    38.772 55325.23321761  3.25  86.741703  67.107662  5.901
 89    31.909 55325.23321890  3.37  86.734763  67.101532  5.901
 89    29.277 55325.23321954  5.53  86.731293  67.098462  5.901
 89    11.902 55325.23322019  9.72  86.727823  67.095392  5.901
 90    21.998 55360.23321258 19.45  86.753376  67.120706  9.313
 90    21.972 55360.23321322 17.62  86.749906  67.117636  9.313
 90    21.255 55360.23321386 17.84  86.746436  67.114576  9.313
 90    20.391 55360.23321451 20.08  86.742966  67.111506  9.313
 90    18.962 55360.23321709 21.12  86.729086  67.099246  9.313
 90    19.592 55360.23321773 13.40  86.725616  67.096176  9.313
 90    19.433 55360.23321838 13.41  86.722156  67.093116  9.313
 90    18.715 55360.23321902 13.88  86.718686  67.090046  9.313
 90    17.433 55360.23321967 20.11  86.715226  67.086976  9.313
 91    22.690 55395.23321850 16.40  86.758642  67.115709 11.649
 91    24.001 55395.23321914 13.96  86.755172  67.112639 11.649
 91    23.589 55395.23321979 12.93  86.751692  67.109579 11.649
 91    22.403 55395.23322043 13.05  86.748222  67.106509 11.649
 91    31.652 55395.23322108 12.04  86.744752  67.103449 11.649
 91    21.810 55395.23322172 12.18  86.741282  67.100379 11.649
 91    30.110 55395.23322237 11.23  86.737812  67.097309 11.649
 91    29.147 55395.23322301 11.39  86.734352  67.094249 11.649
 91    20.593 55395.23322366 10.95  86.730882  67.091179 11.649
 91    27.535 55395.23322430 10.55  86.727412  67.088109 11.649
 91    21.770 55395.23322495 12.05  86.723952  67.085049 11.649
 92    22.538 55430.23322836 16.82  86.756753  67.117732 15.458
 92    22.254 55430.23322900 15.38  86.753283  67.114662 15.458
 92    22.703 55430.23322965 14.98  86.749813  67.111602 15.458
 92    21.451 55430.23323029 14.54  86.746343  67.108532 15.458
 92    21.138 55430.23323094 15.20  86.742873  67.105472 15.458
 92    21.530 55430.23323158 13.96  86.739403  67.102402 15.458
 92    21.216 55430.23323222 12.97  86.735933  67.099332 15.458
 92    20.322 55430.23323287 13.48  86.732463  67.096272 15.458
 92    19.748 55430.23323351 13.37  86.728993  67.093202 15.458
 92    18.884 55430.23323416 14.01  86.725533  67.090142 15.458
 92    17.213 55430.23323480 15.55  86.722063  67.087072 15.458
 93     2.542 55465.23318883 44.33  86.751505  67.126081 14.204
 93     2.668 55465.23318947 45.08  86.748035  67.123021 14.204
 93     1.922 55465.23319012 41.81  86.744564  67.119953 21.634
 93     2.596 55465.23319076 35.52  86.741094  67.116883 21.634
 93     2.163 55465.23319656 49.55  86.709894  67.089293 21.634
