# NaN NaN NaN ;Mean Elev.(m), Avg Gradient(m/km), RMS Gradient(m/km) - SRTM1     
#  -20.858  -4.157  17.142 ;Mean Elev.(m), Avg Gradient(m/km), RMS Gradient(m/km) - ASTER GDEM
#    2.192  -0.667  11.297 ;Mean Elev.(m), Avg Gradient(m/km), RMS Gradient(m/km) - GMTED2010 
  8     8.233 52499.24480416 24.21  85.616026  69.624688  6.124
  8     9.500 52499.24480481 14.81  85.611756  69.621688  6.124
  8    16.631 52499.24480545 11.88  85.607486  69.618688  6.124
  8    19.368 52499.24480609 12.95  85.603216  69.615688  6.124
 11     1.251 52604.24480543 15.51  85.612309  69.624503  3.300
 11     1.460 52604.24480607 14.98  85.608029  69.621503  3.300
 11     1.342 52604.24480672 14.69  85.603762  69.618507  1.772
 11     1.267 52604.24480736 14.15  85.599492  69.615507  1.772
 11     1.152 52604.24480801 13.90  85.595232  69.612507  1.772
 12     0.591 52639.24478623 12.70  85.628005  69.618511  2.397
 12     0.929 52639.24478688 11.65  85.623725  69.615511  2.397
 12     1.037 52639.24478752 11.22  85.619455  69.612511  2.397
 12     1.024 52639.24478817 11.27  85.615185  69.609511  2.397
 12     1.147 52639.24478881 10.77  85.610915  69.606511  2.397
 13     1.730 52674.24478175  9.11  85.617109  69.624746  1.812
 13     1.178 52674.24478240  8.67  85.612839  69.621746  1.812
 13     1.428 52674.24478304  8.85  85.608569  69.618746  1.812
 13     1.334 52674.24478369  8.09  85.604299  69.615746  1.812
 13     1.406 52674.24478433  7.88  85.600029  69.612736  1.812
 14     0.090 52709.24479646  8.73  85.628754  69.620511  2.038
 14     0.703 52709.24479710  8.04  85.624474  69.617511  2.038
 14     0.901 52709.24479775  7.64  85.620204  69.614511  2.038
 14     1.303 52709.24479839  7.39  85.615934  69.611511  2.038
 14     1.344 52709.24479904  6.95  85.611664  69.608511  2.038
 15     1.362 52744.24482562  6.83  85.610774  69.624008  1.999
 15     1.694 52744.24482626  6.87  85.606504  69.621008  1.999
 15     1.566 52744.24482691  6.79  85.602234  69.618008  1.999
 15     1.022 52744.24482755  6.21  85.597964  69.615008  1.999
 18    -9.618 52849.24489949 19.50  85.621906  69.613950  9.370
 18   -10.295 52849.24490014 18.85  85.617636  69.610950  9.370
 18   -11.097 52849.24490078 19.64  85.613366  69.607950  9.370
 20     9.095 52919.24488989 22.22  85.613820  69.624295  6.933
 20     8.807 52919.24489054 17.12  85.609550  69.621295  6.933
 20     7.895 52919.24489118 16.69  85.605280  69.618295  6.933
 20     6.943 52919.24489183 16.05  85.601010  69.615295  6.933
 20     3.944 52919.24489247 16.51  85.596740  69.612295  6.933
 21    15.611 52954.24485377 13.69  85.635175  69.616752  3.632
 21     1.562 52954.24485441 20.44  85.630905  69.613752  3.632
 21     1.141 52954.24485506 21.90  85.626635  69.610752  3.632
 21     1.501 52954.24485570 21.26  85.622365  69.607752  3.632
 21     1.702 52954.24485635 19.56  85.618095  69.604752  3.632
 22     5.350 52989.24486200 12.20  85.630134  69.620122  2.360
 22     3.199 52989.24486265 11.80  85.625864  69.617122  2.360
 22     5.168 52989.24486329 11.11  85.621594  69.614122  2.360
 22     4.232 52989.24486394 10.66  85.617324  69.611122  2.360
 22     1.361 52989.24486458 10.50  85.613054  69.608122  2.360
 24    -0.194 53059.24484287  9.53  85.629856  69.618376  1.742
 24     1.091 53059.24484351  8.93  85.625586  69.615376  1.742
 24     1.260 53059.24484415  8.84  85.621316  69.612376  1.742
 24     0.488 53059.24484480  8.53  85.617046  69.609376  1.742
 24     0.422 53059.24484544  8.33  85.612786  69.606376  1.742
 25     3.065 53094.24487967  7.89  85.608626  69.628091  1.777
 25     1.410 53094.24488031  7.67  85.604356  69.625081  1.777
 25     0.496 53094.24488096  7.61  85.600086  69.622081  1.777
 25     0.433 53094.24488160  7.58  85.595816  69.619081  1.777
 25    -0.099 53094.24488224  7.20  85.591546  69.616081  1.777
 26    -0.819 53129.24485236  9.24  85.631825  69.618175  1.838
 26     0.003 53129.24485300  8.26  85.627555  69.615175  1.838
 26     0.091 53129.24485365  8.41  85.623285  69.612175  1.838
 26     0.421 53129.24485429  7.68  85.619015  69.609175  1.838
 26    -0.224 53129.24485494  7.73  85.614745  69.606175  1.838
 28     1.634 53199.24492288 45.72  85.611494  69.613809 18.691
 28     1.536 53199.24492353 41.92  85.607224  69.610809 18.691
 29    10.652 53234.24489110 15.10  85.623467  69.622724  7.957
 29     9.292 53234.24489174 13.50  85.619197  69.619724  7.957
 29     8.296 53234.24489239 13.10  85.614927  69.616724  7.957
 31     8.641 53304.24491828 13.76  85.625444  69.623090  5.368
 31     1.488 53304.24491893 25.37  85.621174  69.620090  5.368
 31     1.321 53304.24491957 30.88  85.616904  69.617090  5.368
 31     1.093 53304.24492022 29.19  85.612634  69.614090  5.368
 31     1.107 53304.24492086 24.96  85.608364  69.611090  5.368
 31     1.172 53304.24492150 23.22  85.604094  69.608090  5.368
 32     0.572 53339.24488731 11.24  85.616251  69.623908  2.685
 32     0.795 53339.24488796 10.53  85.611981  69.620908  2.685
 32     0.751 53339.24488860 10.29  85.607711  69.617908  2.685
 32     0.677 53339.24488925 10.16  85.603441  69.614908  2.685
 32     0.562 53339.24488989  9.75  85.599181  69.611908  2.685
 33     1.106 53374.24481941  7.51  85.608061  69.624561  2.523
 33     0.767 53374.24482006  7.44  85.603791  69.621561  2.523
 33     0.471 53374.24482070  7.22  85.599521  69.618561  2.523
 33     0.181 53374.24482134  7.25  85.595261  69.615561  2.523
 35     0.689 53444.24484466  6.93  85.606054  69.625856  2.507
 35     0.331 53444.24484530  6.92  85.601784  69.622856  2.507
 35     0.210 53444.24484595  6.91  85.597514  69.619856  2.507
 35     0.397 53444.24484659  6.71  85.593244  69.616856  2.507
 36    -0.101 53479.24492269  6.91  85.624204  69.622185  2.495
 36     0.833 53479.24492333  6.50  85.619934  69.619185  2.495
 36     0.699 53479.24492398  6.45  85.615654  69.616185  2.495
 36     0.594 53479.24492462  6.41  85.611394  69.613185  2.495
 36    -0.118 53479.24492527  6.88  85.607114  69.610185  2.495
 37     4.063 53514.24493040 32.85  85.622119  69.623172  7.935
 37     4.110 53514.24493104 20.85  85.617849  69.620172  7.935
 37     4.306 53514.24493169 18.95  85.613579  69.617172  7.935
 37     4.409 53514.24493233 21.94  85.609309  69.614172  7.935
 38     9.363 53549.24494948 16.54  85.611993  69.623232 13.554
 38     8.314 53549.24495012 15.81  85.607723  69.620232 13.554
 38     7.382 53549.24495077 15.00  85.603453  69.617232 13.554
 38     2.847 53549.24495141 14.37  85.599183  69.614232 13.554
 39     6.919 53584.24491336 19.23  85.613483  69.620843 19.313
 39     6.123 53584.24491401 16.88  85.609213  69.617843 19.313
 39    -0.678 53584.24491465 16.93  85.604943  69.614843 19.313
 39    -0.703 53584.24491530 15.06  85.600683  69.611843 19.313
 40     8.520 53619.24486890 18.54  85.604859  69.628258 20.489
 40    -5.051 53619.24486955 16.71  85.600589  69.625258 20.489
 40     4.625 53619.24487019 13.85  85.596319  69.622258 20.489
 40     3.701 53619.24487084 12.42  85.592049  69.619258 20.489
 40     4.644 53619.24487148 12.18  85.587789  69.616258 20.489
 42    -0.112 53689.24489058 24.08  85.617432  69.623843  4.330
 42     0.171 53689.24489122 26.07  85.613162  69.620843  4.330
 42     0.031 53689.24489187 27.15  85.608892  69.617843  4.330
 42     0.190 53689.24489251 26.02  85.604622  69.614843  4.330
 42     0.328 53689.24489316 26.22  85.600352  69.611843  4.330
 43     0.244 53724.24481510 11.80  85.608318  69.625580  2.577
 43     0.250 53724.24481574 11.39  85.604048  69.622580  2.577
 43     0.534 53724.24481639 10.70  85.599778  69.619580  2.577
 43     0.506 53724.24481703 10.54  85.595508  69.616580  2.577
 43     0.384 53724.24481768 10.43  85.591248  69.613580  2.577
 44    -0.273 53759.24475688 12.18  85.637049  69.617966  2.573
 44     0.322 53759.24475753 11.00  85.632779  69.614966  2.573
 44     0.706 53759.24475817 10.69  85.628509  69.611966  2.573
 44     0.925 53759.24475882 10.18  85.624239  69.608966  2.573
 44     0.317 53759.24475946 10.27  85.619969  69.605966  2.573
 45    -0.229 53794.24477599  9.82  85.619711  69.624219  2.377
 45     0.840 53794.24477663  9.11  85.615441  69.621219  2.377
 45     0.928 53794.24477728  8.75  85.611171  69.618219  2.377
 45     1.102 53794.24477792  8.55  85.606901  69.615219  2.377
 45     0.516 53794.24477857  8.27  85.602641  69.612219  2.377
 46    -0.986 53829.24475086 10.44  85.638664  69.618774  2.544
 46    -0.967 53829.24475150  9.75  85.634394  69.615774  2.544
 46     0.422 53829.24475215  9.42  85.630114  69.612774  2.544
 46    -0.326 53829.24475279  9.02  85.625844  69.609774  2.544
 46    -0.138 53829.24475344  8.68  85.621574  69.606774  2.544
 46    -0.672 53829.24475408  8.62  85.617314  69.603774  2.544
 47    22.449 53864.24483102  4.40  85.627206  69.621929  1.900
 47    22.402 53864.24483167  4.24  85.622926  69.618929  1.900
 47    23.423 53864.24483231  4.26  85.618656  69.615929  1.900
 47    24.060 53864.24483296  4.00  85.614386  69.612929  1.900
 47    26.161 53864.24483360  3.97  85.610116  69.609929  1.900
 49     9.096 53934.24490011 19.96  85.613788  69.624676 12.959
 49     8.129 53934.24490076 19.37  85.609518  69.621676 12.959
 49     0.488 53934.24490140 19.03  85.605248  69.618676 12.959
 49     0.463 53934.24490204 18.76  85.600978  69.615676 12.959
 49     0.418 53934.24490269 18.30  85.596708  69.612676 12.959
 52     0.281 54039.24487730 19.04  85.627940  69.619184  3.424
 52     0.372 54039.24487794 19.15  85.623670  69.616184  3.424
 52     1.179 54039.24487859 17.74  85.619400  69.613184  3.424
 52     0.905 54039.24487923 17.26  85.615130  69.610184  3.424
 52     1.142 54039.24487988 16.76  85.610860  69.607184  3.424
 53     1.363 54074.24487177 11.55  85.617291  69.621630  2.595
 53     1.029 54074.24487241 11.03  85.613021  69.618630  2.595
 53     1.084 54074.24487306 10.76  85.608761  69.615630  2.595
 53     0.722 54074.24487370 10.22  85.604491  69.612630  2.595
 53     0.912 54074.24487435  9.96  85.600221  69.609630  2.595
 54     1.961 54109.24481645  9.14  85.606310  69.628159  2.370
 54     0.982 54109.24481709  8.61  85.602040  69.625159  2.370
 54     0.890 54109.24481774  8.66  85.597770  69.622159  2.370
 54     0.726 54109.24481838  8.41  85.593500  69.619159  2.370
 54     0.948 54109.24481903  8.25  85.589240  69.616159  2.370
 55    -0.176 54144.24480895  8.90  85.628875  69.621114  2.284
 55     0.977 54144.24480960  8.15  85.624605  69.618114  2.284
 55     0.294 54144.24481024  7.95  85.620325  69.615114  2.284
 55     0.310 54144.24481089  7.63  85.616055  69.612114  2.284
 55     0.441 54144.24481153  7.27  85.611795  69.609114  2.284
 57     5.750 54214.24481702 13.46  85.624232  69.620053  4.768
 57     5.806 54214.24481767 13.90  85.619962  69.617053  4.768
 57     1.109 54214.24481831 13.41  85.615692  69.614053  4.768
 57     1.358 54214.24481896 14.63  85.611422  69.611053  4.768
 57     1.598 54214.24481960 14.88  85.607152  69.608053  4.768
 58     6.665 54249.24484434 39.44  85.624161  69.622285 12.511
 58     8.785 54249.24484499 30.66  85.619891  69.619285 12.511
 58     7.090 54249.24484563 34.94  85.615621  69.616285 12.511
 58     7.926 54249.24484628 20.84  85.611351  69.613285 12.511
 58     8.707 54249.24484692 17.90  85.607081  69.610285 12.511
 60     9.436 54319.24485007 14.91  85.618995  69.621535 10.265
 60     8.708 54319.24485071 13.56  85.614725  69.618535 10.265
 60     6.875 54319.24485136 13.52  85.610455  69.615535 10.265
 62    15.490 54389.24479102 16.20  85.617406  69.617643  4.140
 62    16.335 54389.24479166 17.53  85.613136  69.614643  4.140
 62    17.701 54389.24479231 18.03  85.608866  69.611643  4.140
 62    17.817 54389.24479295 19.00  85.604596  69.608643  4.140
 63     1.122 54424.24476319 12.22  85.615738  69.623817  3.149
 63     1.161 54424.24476384 11.88  85.611468  69.620817  3.149
 63     0.716 54424.24476448 11.53  85.607200  69.617822  1.747
 63     0.797 54424.24476513 11.63  85.602930  69.614822  1.747
 63     0.613 54424.24476577 11.26  85.598670  69.611822  1.747
 64     1.211 54459.24476591  9.50  85.628448  69.618196  1.797
 64     4.519 54459.24476656  9.18  85.624178  69.615196  1.797
 64     0.419 54459.24476720  9.45  85.619908  69.612196  1.797
 64     0.498 54459.24476785  9.11  85.615638  69.609196  1.797
 64     0.456 54459.24476849  8.82  85.611368  69.606196  1.797
 65     2.113 54494.24476760  7.21  85.617511  69.624601  2.719
 65     3.225 54494.24476824  7.03  85.613241  69.621601  2.719
 65     0.494 54494.24476889  7.11  85.608971  69.618601  2.719
 65     0.227 54494.24476953  7.10  85.604701  69.615601  2.719
 65    -0.085 54494.24477018  7.28  85.600441  69.612601  2.719
 66     3.628 54529.24477826  7.41  85.628773  69.620991  2.277
 66     0.779 54529.24477891  7.21  85.624493  69.617991  2.277
 66     1.260 54529.24477955  6.99  85.620223  69.614991  2.277
 66     0.912 54529.24478019  6.83  85.615953  69.611991  2.277
 66     0.521 54529.24478084  6.72  85.611693  69.608991  2.277
 67    10.583 54564.24477418  6.20  85.612751  69.627102  2.013
 67     9.696 54564.24477482  6.14  85.608481  69.624102  2.013
 67     5.415 54564.24477547  5.90  85.604211  69.621102  2.013
 67     4.764 54564.24477611  5.94  85.599941  69.618102  2.013
 67    16.002 54564.24477676  5.75  85.595671  69.615102  2.013
 68     9.045 54599.24477363  5.62  85.622517  69.622161  2.203
 68    17.929 54599.24477428  4.27  85.618247  69.619161  2.203
 68    16.301 54599.24477492  4.84  85.613977  69.616161  2.203
 68    18.994 54599.24477557  4.46  85.609707  69.613161  2.203
 68    20.122 54599.24477621  4.16  85.605437  69.610161  2.203
 70    10.614 54669.24479130 13.50  85.616886  69.622387 10.952
 70     9.918 54669.24479194 10.81  85.612616  69.619387 10.952
 70     9.048 54669.24479259 10.10  85.608346  69.616387 10.952
 70     7.537 54669.24479323 10.18  85.604076  69.613387 10.952
 70     5.822 54669.24479388 10.94  85.599806  69.610387 10.952
 73     1.888 54774.24473681 22.24  85.612417  69.620758  5.751
 73     2.095 54774.24473745 31.61  85.608147  69.617758  5.751
 73    -0.898 54774.24473810 35.80  85.603887  69.614758  5.751
 73     1.494 54774.24473874 22.20  85.599617  69.611758  5.751
 74     0.920 54809.24474720 13.54  85.631062  69.620040  2.565
 74     0.861 54809.24474785 14.05  85.626792  69.617040  2.565
 74     0.847 54809.24474849 13.82  85.622522  69.614040  2.565
 74     1.085 54809.24474914 12.97  85.618242  69.611040  2.565
 74     0.949 54809.24474978 12.18  85.613982  69.608040  2.565
 75     4.063 54844.24473419 10.92  85.617099  69.623908  2.130
 75     4.191 54844.24473483 10.58  85.612819  69.620908  2.130
 75     1.776 54844.24473548 10.10  85.608559  69.617908  2.130
 75     1.669 54844.24473612  9.84  85.604289  69.614908  2.130
 75     1.616 54844.24473677  9.69  85.600019  69.611908  2.130
 76     0.739 54879.24475077  9.80  85.621987  69.620265  2.113
 76     0.630 54879.24475141  9.30  85.617707  69.617265  2.113
 76     0.712 54879.24475206  9.17  85.613437  69.614265  2.113
 76    -0.005 54879.24475270  8.78  85.609177  69.611265  2.113
 76     0.361 54879.24475335  8.72  85.604907  69.608265  2.113
 77     1.169 54914.24473840  7.95  85.608946  69.624624  1.998
 77     1.108 54914.24473905  8.11  85.604676  69.621624  1.998
 77     1.633 54914.24473969  8.03  85.600406  69.618624  1.998
 77     0.453 54914.24474034  8.04  85.596136  69.615624  1.998
 78    21.136 54949.24474249  7.87  85.624131  69.622280  1.907
 78    20.600 54949.24474313  7.65  85.619851  69.619280  1.907
 78    21.290 54949.24474378  7.49  85.615581  69.616280  1.907
 78    22.377 54949.24474442  7.38  85.611311  69.613280  1.907
 78    24.842 54949.24474507  7.20  85.607051  69.610280  1.907
 80    10.414 55019.24476369 21.41  85.622338  69.623663 11.493
 80    10.486 55019.24476434 13.02  85.618068  69.620663 11.493
 80     9.721 55019.24476498 11.29  85.613798  69.617663 11.493
 80     8.229 55019.24476563 10.96  85.609528  69.614663 11.493
 80    18.616 55019.24476627 10.46  85.605258  69.611663 11.493
 81     9.999 55054.24475976 20.12  85.619647  69.623878 11.765
 81     9.043 55054.24476041 14.13  85.615377  69.620878 11.765
 81     7.341 55054.24476105 12.83  85.611107  69.617878 11.765
 81     6.067 55054.24476170 12.78  85.606837  69.614878 11.765
 82     1.030 55089.24472059 34.20  85.609389  69.624600 13.447
 82     1.233 55089.24472123 42.86  85.605119  69.621600 13.447
 82     1.190 55089.24472188 48.80  85.600849  69.618600 13.447
 82     1.572 55089.24472252 43.42  85.596589  69.615600 13.447
 83    16.459 55124.24469723 13.29  85.626384  69.621405  4.391
 83    15.101 55124.24469787 15.23  85.622104  69.618405  4.391
 83     5.538 55124.24469852 18.05  85.617834  69.615405  4.391
 83    17.121 55124.24469916 15.49  85.613564  69.612405  4.391
 83    18.768 55124.24469981 14.47  85.609304  69.609405  4.391
 84     5.175 55159.24468142 14.07  85.615447  69.624986  2.355
 84     1.777 55159.24468207 14.21  85.611177  69.621986  2.355
 84     0.751 55159.24468271 14.08  85.606907  69.618986  2.355
 84     0.446 55159.24468336 13.49  85.602637  69.615986  2.355
 84     0.774 55159.24468400 13.00  85.598367  69.612986  2.355
 85     0.983 55194.24468751 11.99  85.629105  69.619138  2.304
 85     1.145 55194.24468816 11.17  85.624835  69.616138  2.304
 85     1.073 55194.24468880 10.99  85.620555  69.613138  2.304
 85     0.555 55194.24468944 10.46  85.616285  69.610138  2.304
 85     0.655 55194.24469009 10.52  85.612025  69.607138  2.304
 87     1.431 55264.24468249  9.32  85.624278  69.622206  2.095
 87     1.736 55264.24468313  9.06  85.620008  69.619206  2.095
 87     1.854 55264.24468378  8.55  85.615738  69.616206  2.095
 87     1.761 55264.24468442  8.61  85.611468  69.613206  2.095
 87     1.936 55264.24468507  8.06  85.607208  69.610206  2.095
 88     2.843 55299.24466662  8.14  85.611598  69.624339  1.823
 88     2.624 55299.24466727  7.83  85.607328  69.621339  1.823
 88     1.589 55299.24466791  7.66  85.603058  69.618339  1.823
 88     1.018 55299.24466855  7.61  85.598788  69.615339  1.823
 88     1.356 55299.24466920  7.31  85.594518  69.612339  1.823
 89    -0.562 55334.24465978 13.76  85.618777  69.623863  3.187
 89     1.766 55334.24466042 11.59  85.614507  69.620863  3.187
 89     1.991 55334.24466107 10.86  85.610237  69.617863  3.187
 89    -0.012 55334.24466171 11.81  85.605967  69.614863  3.187
 89     1.392 55334.24466236 10.42  85.601697  69.611863  3.187
 93    11.207 55474.24461575 16.91  85.610709  69.625493 13.719
 93     9.889 55474.24461640 15.24  85.606439  69.622493 13.719
 93     9.091 55474.24461704 11.93  85.602169  69.619493 13.719
 93    17.775 55474.24461768 11.37  85.597899  69.616493 13.719
 93    18.747 55474.24461833 10.89  85.593629  69.613493 13.719
