# NaN NaN NaN ;Mean Elev.(m), Avg Gradient(m/km), RMS Gradient(m/km) - SRTM1     
#  -15.986  -0.609   9.100 ;Mean Elev.(m), Avg Gradient(m/km), RMS Gradient(m/km) - ASTER GDEM
#   14.003  -0.471   5.548 ;Mean Elev.(m), Avg Gradient(m/km), RMS Gradient(m/km) - GMTED2010 
  7  87.352108  63.552890    26.940    25.497  7 52459.62551226 15.457
  9  87.344292  63.541808    40.112    40.200  7 52529.62548305 18.628
 10  87.350459  63.553523    14.703    14.050  8 52564.62550554 40.712
 11  87.349960  63.550979    14.365    14.255  8 52599.62553285 28.791
 12  87.345501  63.545397    16.562    16.466  8 52634.62548648 16.083
 13  87.346552  63.555946    17.499    18.004  6 52669.62549943 13.044
 14  87.346300  63.551503    20.971    15.653  6 52704.62548518 14.023
 15  87.351149  63.555506    35.398    35.368  8 52739.62552194 12.192
 16  87.355162  63.566583    28.953    28.517 10 52774.62547288 22.997
 17  87.344998  63.543027    29.716    30.095  8 52809.62554193 14.524
 18  87.346290  63.544647    13.595    13.505  8 52844.62559872 22.310
 19  87.347366  63.550022    13.919    13.901  8 52879.62563746 18.983
 20  87.353550  63.564541    13.473    13.524  8 52914.62559767 26.427
 21  87.345712  63.545529    12.839    12.798  8 52949.62555350 45.819
 22  87.348361  63.557258    14.737    14.689  6 52984.62558219 14.393
 23  87.353633  63.558343    28.046    29.118  8 53019.62557370 12.315
 24  87.346854  63.552335    22.084    18.053  6 53054.62555816 12.215
 25  87.347581  63.557677    15.303    15.307  6 53089.62559646 16.882
 26  87.347527  63.547354    41.033    41.159  7 53124.62556494  8.784
 27  87.347081  63.544802    32.573    34.402  8 53159.62562427 29.111
 28  87.351737  63.555080    14.693    14.676  9 53194.62562163 28.333
 29  87.353496  63.557752    14.515    13.795  9 53229.62561239 37.417
 30  87.353814  63.562436    31.096    33.126  9 53264.62558462 17.661
 32  87.348245  63.555621    14.306    14.297  7 53334.62559953 40.466
 33  87.355609  63.564591    16.177    16.207  9 53369.62554116 23.783
 34  87.344797  63.553737    16.448    16.459  6 53404.62557181 19.075
 35  87.354663  63.560997    17.192    17.013  9 53439.62556048 13.455
 36  87.345641  63.545938    40.657    40.504  8 53474.62561942  8.688
 37  87.350072  63.551208    26.628    26.697  8 53509.62563875 49.408
 38  87.349339  63.551801    34.948    34.864  8 53544.62565392 11.874
 39  87.352545  63.556390    14.411    14.423  9 53579.62563319 18.436
 40  87.353933  63.559109    13.808    13.772  8 53614.62558768 45.153
 41  87.352181  63.545118    30.864    35.015  6 53649.62559330 19.485
 43  87.354964  63.563428    21.074    18.591  9 53719.62553553 12.565
 44  87.348121  63.552214    18.793    18.554  7 53754.62545686 13.578
 45  87.352924  63.557909    32.361    32.291  8 53789.62548778 10.631
 46  87.346539  63.544401    30.337    31.151  8 53824.62544142  9.932
 47  87.345841  63.547208    33.935    33.837  8 53859.62553531  5.868
 48  87.349451  63.551721    27.932    23.099  8 53894.62555325 24.964
 49  87.345737  63.546430    15.271    15.280  8 53929.62560723 47.226
 50  87.348812  63.553274    23.600    23.587  8 53964.62558761 17.603
 51  87.347220  63.537679    35.931    41.166  5 53999.62553916  9.766
 52  87.349538  63.550877    13.578    13.522  9 54034.62558647 45.666
 53  87.351091  63.555483    31.288    32.570  8 54069.62558126 12.758
 54  87.354785  63.561764    32.547    33.129  9 54104.62553783 10.974
 55  87.348587  63.546793    38.864    38.611  8 54139.62551102  9.594
 56  87.352741  63.557645    33.925    33.937  9 54174.62551644  9.004
 57  87.347232  63.547346    17.485    17.501  8 54209.62551748 26.794
 58  87.350719  63.550675    35.848    37.248  8 54244.62554902 25.106
 59  87.349361  63.552651    16.630    16.631  8 54279.62556121 32.101
 60  87.354608  63.552307    29.132    32.826  7 54314.62556052 16.273
 61  87.354864  63.558611    31.770    34.505  9 54349.62553102 15.204
 62  87.349009  63.549785    32.306    36.175  9 54384.62549848 17.321
 63  87.353238  63.557229    13.322    13.256  9 54419.62548034 42.528
 64  87.346140  63.545006    21.223    22.320  8 54454.62546903 18.465
 65  87.350988  63.557761    17.321    17.819  8 54489.62548020 14.839
 66  87.347568  63.552284    19.961    16.250  7 54524.62548324 13.622
 67  87.352922  63.557975    35.186    35.536  8 54559.62548943  9.107
 68  87.349492  63.552658    17.279    17.275  8 54594.62547942 21.330
 69  87.350253  63.552736    30.034    32.395  9 54629.62549364 22.430
 70  87.349354  63.550365    14.534    14.487  9 54664.62550009 39.108
 71  87.353780  63.561447    20.492    14.410  9 54699.62547336 17.850
 72  87.347008  63.546362    26.493    26.480  6 54734.62545783 13.899
 73  87.351302  63.556256    32.231    34.900  8 54769.62545238 16.803
 74  87.346161  63.546875    35.081    35.666  8 54804.62545174 12.192
 75  87.351451  63.552663    33.345    35.556  8 54839.62544627 11.237
 76  87.349296  63.547758    33.071    33.684  8 54874.62545199 10.555
 77  87.353193  63.559032    28.351    29.499  8 54909.62545346 10.081
 78  87.346816  63.547520    17.484    17.328  8 54944.62544498 16.567
 79  87.350715  63.551732    34.675    36.195  8 54979.62547238 24.882
 80  87.350350  63.553216    36.336    36.770  8 55014.62547634 15.106
 81  87.350130  63.553880    17.282    14.721  8 55049.62547029 16.039
 82  87.354244  63.562015    14.163    14.204  9 55084.62543937 37.622
 83  87.347219  63.549455    28.453    30.441  8 55119.62540166 13.014
 84  87.351673  63.555578    15.599    15.612  8 55154.62539749 22.794
 85  87.346846  63.546459    18.881    18.754  8 55189.62539055 12.923
 86  87.351215  63.555234    18.162    18.048  7 55224.62539715 11.563
 87  87.347304  63.555035    17.813    17.867  7 55259.62538779 11.321
 88  87.354160  63.558627    30.673    31.417  8 55294.62538423  9.579
 89  87.349562  63.551053    26.766    21.567  9 55329.62536926 35.005
 90  87.352350  63.556912    38.820    42.933  8 55364.62536433 19.049
 91  87.348643  63.545218    31.625    31.933  6 55399.62537312 13.305
 92  87.351869  63.555223    24.205    26.048  8 55434.62538060 17.052
 93  87.355324  63.563494    15.112    15.083  9 55469.62533660 36.561
